0.041882120072841644
0.054267603904008865
0.060054052621126175
0.06028003990650177
0.06081957370042801
0.06125909462571144
0.06135290488600731
0.06135755032300949
0.061425432562828064
0.06156391650438309
0.06178506463766098
0.06209280714392662
0.06246291100978851
0.06288030743598938
0.06323511898517609
0.06350603699684143
0.06373009085655212
0.06395090371370316
0.0641651600599289
0.06434713304042816
0.06454659253358841
0.06474890559911728
0.06439051032066345
0.06389807909727097
0.06346514821052551
0.06307315826416016
0.06273166835308075
0.06241488829255104
0.06211148947477341
0.061814483255147934
0.06151597946882248
0.06120368838310242
0.002993739675730467
0.0027133815456181765
0.002629436319693923
0.0025983541272580624
0.0025845279451459646
0.0025766128674149513
0.054325591772794724
0.06313969939947128
0.06566193699836731
0.06336669623851776
0.06196007505059242
0.060856547206640244
0.059927020221948624
0.059117771685123444
0.05838240310549736
0.05768902972340584
0.05701830983161926
0.05636060610413551
0.05570190027356148
0.05503610894083977
0.05431409552693367
0.05343038588762283
0.052569594234228134
0.05170251429080963
0.050830066204071045
0.04992920160293579
0.04899958148598671
0.04805658757686615
0.047129515558481216
0.046181198209524155
0.045185573399066925
0.04415028914809227
0.043120186775922775
0.042064014822244644
0.04100963845849037
0.03997026011347771
0.039018865674734116
0.038123585283756256
0.03724450618028641
0.03638163208961487
0.03553378954529762
0.034690406173467636
0.03385653719305992
0.033035118132829666
0.03220614790916443
0.03140294924378395
0.03062433749437332
0.029872726649045944
0.029146768152713776
0.02844390459358692
0.027768244966864586
0.02711808867752552
0.02649001218378544
0.02588472329080105
0.025306448340415955
0.024752158671617508
0.02421344257891178
0.023693876340985298
0.023188116028904915
0.022694991901516914
