0.08922746032476425
0.10118965059518814
0.11705076694488525
0.1277972310781479
0.13305498659610748
0.13655386865139008
0.1385764479637146
0.13964447379112244
0.14025649428367615
0.14068986475467682
0.1411340832710266
0.1415211409330368
0.14185409247875214
0.14215412735939026
0.14248572289943695
0.1429377645254135
0.1434197723865509
0.14389804005622864
0.14434953033924103
0.14477723836898804
0.14520786702632904
0.14564932882785797
0.14610587060451508
0.14666663110256195
0.14722837507724762
0.14781735837459564
0.14848501980304718
0.14932343363761902
0.15074260532855988
0.15234914422035217
0.15423889458179474
0.1564096361398697
0.02343698777258396
0.014044688083231449
0.010014263913035393
0.007913656532764435
0.007402580231428146
0.007369046565145254
0.12528395652770996
0.13548287749290466
0.13935135304927826
0.1465134173631668
0.15584777295589447
0.16376253962516785
0.17018309235572815
0.17557495832443237
0.18036983907222748
0.18491613864898682
0.1894230991601944
0.19395701587200165
0.19852355122566223
0.2032082974910736
0.2081509828567505
0.21340186893939972
0.21894514560699463
0.22480961680412292
0.2309979498386383
0.2375267595052719
0.24706420302391052
0.2567940950393677
0.26744818687438965
0.2776022255420685
0.287903368473053
0.29944756627082825
0.31128254532814026
0.32292506098747253
0.3346213400363922
0.32858556509017944
0.31860247254371643
0.30956560373306274
0.30096280574798584
0.2926020920276642
0.284750372171402
0.2771886885166168
0.2696721851825714
0.26441144943237305
0.26240092515945435
0.2630123794078827
0.267088919878006
0.27401411533355713
0.28139033913612366
0.29007428884506226
0.29972073435783386
0.31016457080841064
0.9131279587745667
2.8296005725860596
3.6138429641723633
3.9803595542907715
4.186688423156738
4.3321075439453125
4.523969650268555
4.796619415283203
5.082223415374756
