0.09459345042705536
0.10769299417734146
0.12307369709014893
0.13308827579021454
0.14012715220451355
0.1441228687763214
0.1456332951784134
0.1465560495853424
0.14721494913101196
0.14782831072807312
0.14839324355125427
0.14890225231647491
0.14941643178462982
0.1499221920967102
0.15046356618404388
0.15090683102607727
0.1513514518737793
0.15187688171863556
0.15235725045204163
0.15280936658382416
0.15327642858028412
0.15374179184436798
0.15421225130558014
0.15470874309539795
0.1552950143814087
0.15589408576488495
0.15651755034923553
0.15735873579978943
0.1583423912525177
0.1595453917980194
0.16091196238994598
0.163011834025383
0.02053452655673027
0.01122709084302187
0.008588564582169056
0.008010521531105042
0.00795249454677105
0.007985544390976429
0.1295488029718399
0.14618182182312012
0.1572304368019104
0.16733971238136292
0.17537204921245575
0.18196123838424683
0.18760718405246735
0.19287443161010742
0.19815008342266083
0.20359046757221222
0.2092396318912506
0.21492664515972137
0.22072000801563263
0.226631298661232
0.23254072666168213
0.23855307698249817
0.24740149080753326
0.2568439543247223
0.2667464017868042
0.27605459094047546
0.28593021631240845
0.2967146337032318
0.30829811096191406
0.3201531171798706
0.33257144689559937
0.34642934799194336
0.34692108631134033
0.33652380108833313
0.33124619722366333
0.3290294110774994
0.3292015492916107
0.3315744698047638
0.33569157123565674
0.3413064777851105
0.348466694355011
0.3569405674934387
0.3645194470882416
0.37132591009140015
0.37880584597587585
0.386778861284256
3.62703800201416
7.184091567993164
9.924161911010742
12.336523056030273
14.16911792755127
15.62801742553711
16.270326614379883
16.841981887817383
17.777610778808594
18.547882080078125
19.282939910888672
19.868059158325195
20.347240447998047
20.741342544555664
21.05796241760254
