0.021467486396431923
0.023645175620913506
0.02717900462448597
0.029805755242705345
0.030488675460219383
0.03086397610604763
0.0312587209045887
0.03153064101934433
0.03169988840818405
0.031846579164266586
0.032027702778577805
0.032239191234111786
0.03242252767086029
0.032559651881456375
0.032661888748407364
0.032751742750406265
0.03284673020243645
0.03295107185840607
0.033065587282180786
0.03320641815662384
0.03334391862154007
0.03349325805902481
0.03365693241357803
0.033837419003248215
0.03404546529054642
0.03429484739899635
0.03459111973643303
0.0349290706217289
0.035304807126522064
0.03571999445557594
0.03617769479751587
0.03668185696005821
0.0025344567839056253
0.0021046334877610207
0.001880399533547461
0.0017801220528781414
0.001719378400593996
0.0016838150331750512
0.03207627311348915
0.03503834828734398
0.03678421303629875
0.038067761808633804
0.03911142796278
0.04001573845744133
0.04085244983434677
0.04166918620467186
0.04249771311879158
0.04336201399564743
0.044263433665037155
0.04520866274833679
0.04619401693344116
0.04721737280488014
0.048281777650117874
0.04930649325251579
0.05034372955560684
0.051413945853710175
0.052451882511377335
0.05347992107272148
0.05453775078058243
0.05559564381837845
0.05667146295309067
0.05705467611551285
0.055732715874910355
0.054531294852495193
0.0533883236348629
0.052267126739025116
0.05115830525755882
0.05005567893385887
0.0489550419151783
0.047860611230134964
0.046785738319158554
0.045735228806734085
0.04470539093017578
0.04369480535387993
0.042701371014118195
0.04172685369849205
0.04076692834496498
0.03982161730527878
0.03889033943414688
0.03797415643930435
0.037075627595186234
0.03619879111647606
0.03534780442714691
0.03452717512845993
0.03374600410461426
0.032988905906677246
0.03224967420101166
0.0315331369638443
0.030840996652841568
0.030167732387781143
0.029512682929635048
0.02887520007789135
