0.042684733867645264
0.05543912202119827
0.061103563755750656
0.06044434383511543
0.06041396036744118
0.06064428389072418
0.06068243831396103
0.0606626458466053
0.06069989129900932
0.06086064875125885
0.061168089509010315
0.06153877452015877
0.06190435215830803
0.06225721910595894
0.06255718320608139
0.06279455870389938
0.06300828605890274
0.06322609633207321
0.06346308439970016
0.06371486186981201
0.06399370729923248
0.06427218019962311
0.06411570310592651
0.06363297998905182
0.06322703510522842
0.06286979466676712
0.06252999603748322
0.062196098268032074
0.061847638338804245
0.061484403908252716
0.061108045279979706
0.060717400163412094
0.002953639719635248
0.002603405388072133
0.0025973287411034107
0.0025793765671551228
0.00257043051533401
0.002567046321928501
0.05539925768971443
0.06542464345693588
0.06331481039524078
0.06124342978000641
0.059998027980327606
0.05903726443648338
0.058234505355358124
0.057525742799043655
0.05686664581298828
0.056223586201667786
0.05557510629296303
0.05491142347455025
0.054233621805906296
0.05339765176177025
0.052466489374637604
0.05154334753751755
0.050612952560186386
0.04964996501803398
0.048674728721380234
0.04768318682909012
0.046669673174619675
0.04564397782087326
0.04458995163440704
0.043507449328899384
0.04243563488125801
0.0413689948618412
0.040329914540052414
0.03940426558256149
0.03850216045975685
0.03763425350189209
0.03681625798344612
0.036005619913339615
0.035183846950531006
0.034360360354185104
0.033540260046720505
0.03272461146116257
0.03190558776259422
0.03108200617134571
0.030262822285294533
0.02944842353463173
0.028638828545808792
0.027827033773064613
0.02702300436794758
0.026243893429636955
0.025488851591944695
0.0247693732380867
0.024420514702796936
0.024079902097582817
0.023428265005350113
0.022801049053668976
0.02219719998538494
0.021607039496302605
0.02102908119559288
0.020466789603233337
0.019922461360692978
