0.16850093007087708
0.17057383060455322
0.18100932240486145
0.20475850999355316
0.2268581986427307
0.23385752737522125
0.23952022194862366
0.24292702972888947
0.24576599895954132
0.2480306327342987
0.2498394101858139
0.25158214569091797
0.2532956898212433
0.25487300753593445
0.2562224268913269
0.25813379883766174
0.2598673105239868
0.26153501868247986
0.26296883821487427
0.2642919421195984
0.26550668478012085
0.26661092042922974
0.2676142156124115
0.268499493598938
0.2693920135498047
0.27020585536956787
0.2710212171077728
0.2720625400543213
0.2733366787433624
0.2748432159423828
0.27637597918510437
0.27795881032943726
0.024320727214217186
0.0242041926831007
0.0241518747061491
0.024090882390737534
0.02404387667775154
0.023970380425453186
0.22268833220005035
0.24865306913852692
0.26036059856414795
0.2716509997844696
0.2841181755065918
0.29615288972854614
0.30788034200668335
0.31941157579421997
0.3310267925262451
0.3428405523300171
0.35495316982269287
0.36750370264053345
0.38030287623405457
0.3933286964893341
0.4064478874206543
0.4195220172405243
0.432679146528244
0.4458824098110199
0.4598020613193512
0.47565677762031555
0.4945491552352905
0.515175998210907
0.5366210341453552
0.5584836602210999
0.5810152292251587
0.604610800743103
0.6292413473129272
0.6548237800598145
0.6796507835388184
0.7020483613014221
0.7933316230773926
1.0125221014022827
1.3493520021438599
1.7079713344573975
21.192943572998047
31.051504135131836
36.5435905456543
41.512908935546875
46.56040954589844
51.8468017578125
57.52531433105469
63.237300872802734
69.40079498291016
74.57073211669922
78.39482116699219
82.88456726074219
87.9812240600586
93.23789978027344
98.13230895996094
102.9428482055664
107.03331756591797
110.71334838867188
114.33561706542969
118.52433013916016
