0.021721774712204933
0.027006719261407852
0.0298184584826231
0.030480867251753807
0.030844802036881447
0.0310335885733366
0.031085865572094917
0.03112940676510334
0.03123493492603302
0.031354717910289764
0.031564705073833466
0.031831640750169754
0.0321042500436306
0.032350119203329086
0.03256598487496376
0.03276808187365532
0.03296872228384018
0.033180080354213715
0.03340081125497818
0.033626288175582886
0.033860381692647934
0.03410467132925987
0.03436983749270439
0.0346798449754715
0.03505657613277435
0.035507772117853165
0.03603838384151459
0.03664422035217285
0.037314578890800476
0.03802812099456787
0.03877507522702217
0.039552394300699234
0.0020781545899808407
0.0015343058621510863
0.0014728506794199347
0.0013888197718188167
0.0013828211231157184
0.0013811938697472215
0.032277319580316544
0.03755595535039902
0.040056563913822174
0.04158717393875122
0.04085754230618477
0.04014761000871658
0.039574094116687775
0.03905877470970154
0.03856613114476204
0.03808295354247093
0.03759134188294411
0.037008002400398254
0.03637408837676048
0.035735853016376495
0.03509164974093437
0.034446313977241516
0.03379066661000252
0.03314162790775299
0.03252585604786873
0.031880710273981094
0.0312360692769289
0.03058931976556778
0.029942398890852928
0.029295874759554863
0.028635932132601738
0.027972625568509102
0.027308698743581772
0.026642965152859688
0.025974014773964882
0.025309326127171516
0.02465088851749897
0.023998741060495377
0.02335301972925663
0.022714201360940933
0.02208288013935089
0.021464521065354347
0.02085886150598526
0.020264090970158577
0.019682524725794792
0.019114451482892036
0.018558887764811516
0.01801667921245098
0.017487691715359688
0.016971977427601814
0.016471775248646736
0.016001010313630104
0.015566138550639153
0.015160493552684784
0.014776935800909996
0.014410528354346752
0.014058218337595463
0.013716490007936954
0.013385887257754803
0.013066974468529224
