0.09622067213058472
0.11203176528215408
0.1259050965309143
0.13382720947265625
0.14638641476631165
0.15112358331680298
0.1534198671579361
0.15465615689754486
0.15556688606739044
0.15645049512386322
0.15727335214614868
0.15802256762981415
0.1587938368320465
0.15958578884601593
0.160305455327034
0.16093027591705322
0.1615423560142517
0.1621996909379959
0.16288304328918457
0.1635810136795044
0.16438809037208557
0.16534113883972168
0.16653603315353394
0.16792158782482147
0.16984669864177704
0.17268481850624084
0.17575620114803314
0.1791582852602005
0.1829824149608612
0.18746517598628998
0.1925760805606842
0.1981210708618164
0.20406706631183624
0.02474103681743145
0.01713157258927822
0.01344198826700449
0.01169087365269661
0.011006513610482216
0.010711409151554108
0.01061336137354374
0.15383335947990417
0.18164844810962677
0.20155109465122223
0.21665039658546448
0.2296105921268463
0.24176084995269775
0.2559216320514679
0.2735564112663269
0.28975552320480347
0.30679816007614136
0.3258836567401886
0.3456733822822571
0.357573539018631
0.34434008598327637
0.33255934715270996
0.32131117582321167
0.31011974811553955
0.2990632653236389
0.2886516749858856
0.2786678075790405
0.2693844139575958
0.26133397221565247
0.25542131066322327
0.2518959939479828
0.25004681944847107
0.2496470957994461
0.25063732266426086
0.2527795433998108
0.2559039890766144
0.25998035073280334
0.2646017372608185
0.2680633068084717
0.2710278034210205
0.2739068865776062
0.27724602818489075
0.28110191226005554
0.5968770384788513
3.1753487586975098
5.095527648925781
6.543722152709961
7.675796031951904
8.69612979888916
9.541817665100098
10.255707740783691
10.868099212646484
11.410054206848145
11.896632194519043
12.340694427490234
12.749520301818848
13.126861572265625
13.475640296936035
13.832132339477539
14.165718078613281
14.4583740234375
