0.036958131939172745
0.0390193834900856
0.042372602969408035
0.04502381384372711
0.049465425312519073
0.0508192740380764
0.05120742321014404
0.05143282189965248
0.051644377410411835
0.051809247583150864
0.05208999663591385
0.05241323634982109
0.052672069519758224
0.05292068421840668
0.05316966027021408
0.053409188985824585
0.05366568639874458
0.05391009896993637
0.05416935309767723
0.05453195050358772
0.054974548518657684
0.055516961961984634
0.05616085231304169
0.056887801736593246
0.05769198387861252
0.05858232453465462
0.0595591701567173
0.060609906911849976
0.06174818053841591
0.06295330822467804
0.06424105912446976
0.0655764788389206
0.06695117056369781
0.0040919906459748745
0.0038648652844130993
0.003801736980676651
0.0037699949461966753
0.003752842778339982
0.003738297848030925
0.003723129630088806
0.06331999599933624
0.06462196260690689
0.0651857927441597
0.06623084843158722
0.06760383397340775
0.06921537965536118
0.0709785595536232
0.07283935695886612
0.07478523254394531
0.07688017189502716
0.07903391867876053
0.08126331120729446
0.08322727680206299
0.0851648673415184
0.08698687702417374
0.0884745791554451
0.08986494690179825
0.09113608300685883
0.0922948569059372
0.09327045828104019
0.09411156177520752
0.09486988931894302
0.09569548070430756
0.09663651883602142
0.09753888845443726
0.09841733425855637
0.09926288574934006
0.1000855341553688
0.10092651098966599
0.10173763334751129
0.10260208696126938
0.10328762978315353
0.1037764921784401
0.10425608605146408
0.10483314096927643
0.10550858080387115
0.10630398243665695
0.10717839747667313
0.10808267444372177
0.10902425646781921
0.11006121337413788
0.11057260632514954
0.10710611939430237
0.10397800803184509
0.1010207086801529
0.09827727824449539
0.09569862484931946
0.09321774542331696
0.09076014906167984
0.08834061771631241
0.08600534498691559
0.08372974395751953
0.08153287321329117
0.0794043019413948
0.07731132954359055
