0.03860529139637947
0.04294804856181145
0.04840971902012825
0.05024365335702896
0.05234593152999878
0.052920784801244736
0.053226128220558167
0.05345088988542557
0.053732093423604965
0.05397985503077507
0.054309744387865067
0.05466403812170029
0.05496315285563469
0.05519656091928482
0.055400338023900986
0.05559359863400459
0.0557929165661335
0.056048665195703506
0.05635925754904747
0.05669018626213074
0.05704127997159958
0.0574931763112545
0.05801627039909363
0.05862383544445038
0.05930948629975319
0.06008001044392586
0.06095318868756294
0.06188439577817917
0.06282908469438553
0.06381706893444061
0.06486573070287704
0.06596871465444565
0.06712213158607483
0.003917862195521593
0.0036744021344929934
0.003601072123274207
0.003528169821947813
0.0034961162600666285
0.0034800111316144466
0.0034716061782091856
0.06207310035824776
0.06573298573493958
0.06774384528398514
0.06926574558019638
0.07071177661418915
0.07222546637058258
0.07386837899684906
0.07563646137714386
0.0774986743927002
0.07953312247991562
0.08178394287824631
0.08418123424053192
0.08632073551416397
0.08823212236166
0.08968503773212433
0.0908738300204277
0.09200207144021988
0.09307371824979782
0.09400898963212967
0.09485035389661789
0.09565161168575287
0.0964139774441719
0.09711851924657822
0.09777829796075821
0.09876371175050735
0.09980577230453491
0.10086025297641754
0.1020270586013794
0.10275250673294067
0.0991891473531723
0.09597524255514145
0.09301527589559555
0.0902518555521965
0.08764134347438812
0.08512666076421738
0.08270558714866638
0.08038681000471115
0.07817934453487396
0.07608664780855179
0.07407716661691666
0.07215230911970139
0.07030723243951797
0.06851612776517868
0.06674116104841232
0.06495292484760284
0.0631181001663208
0.0612274706363678
0.05928443372249603
0.057583313435316086
0.05608656257390976
0.05469081550836563
0.05333031341433525
0.05197303742170334
0.05065176635980606
