0.007226899266242981
0.006988469511270523
0.006626394111663103
0.006439816206693649
0.006210194900631905
0.006070855539292097
0.005965920630842447
0.005895748734474182
0.005835123360157013
0.005780838895589113
0.005729792173951864
0.0056810821406543255
0.005636550020426512
0.005594972055405378
0.005555705167353153
0.005517804995179176
0.005481281317770481
0.00544536579400301
0.005412399303168058
0.005381623283028603
0.005352257285267115
0.00532540213316679
0.005300918128341436
0.005277697462588549
0.005254740826785564
0.005231293383985758
0.005206624045968056
0.00517790112644434
0.005147268995642662
0.005116221494972706
0.00508554233238101
0.005053571425378323
0.005020151846110821
0.0007788096554577351
0.0007525571854785085
0.000770333397667855
0.0007958506466820836
0.0008181236335076392
0.0008353553130291402
0.005144836381077766
0.005036936141550541
0.004944916348904371
0.004881367087364197
0.004825989715754986
0.004775195848196745
0.004719709511846304
0.0046617514453828335
0.004604295827448368
0.004546305164694786
0.0044877841137349606
0.00443026190623641
0.004370393697172403
0.004308405332267284
0.004244284704327583
0.004178412724286318
0.004110847599804401
0.004041675012558699
0.0039711445569992065
0.003900015028193593
0.003828442422673106
0.003756609745323658
0.0036847759038209915
0.0036131292581558228
0.0035421373322606087
0.0034719048999249935
0.003402759088203311
0.0033341925591230392
0.0032658413983881474
0.0031981051433831453
0.003131086705252528
0.0030648226384073496
0.002999202348291874
0.0029344253707677126
0.0028707568999379873
0.00280817155726254
0.002746803453192115
0.0026866423431783915
0.002627698937430978
0.0025700328405946493
0.0025136987678706646
0.002458865288645029
0.0024053137749433517
0.002352990908548236
0.0023018610663712025
0.002252337522804737
0.0022040782496333122
0.0021568669471889734
0.002110754605382681
0.0020657996647059917
0.0020219585858285427
0.00197919481433928
0.0019374415278434753
0.0018966994248330593
