0.15471681952476501
0.15860050916671753
0.17833925783634186
0.20107658207416534
0.21606960892677307
0.22029606997966766
0.22295965254306793
0.22496077418327332
0.22658506035804749
0.22801287472248077
0.22917547821998596
0.23021231591701508
0.23107187449932098
0.23184429109096527
0.23272469639778137
0.2335314005613327
0.23408350348472595
0.23449984192848206
0.23490631580352783
0.23576824367046356
0.2367343157529831
0.23778904974460602
0.23872020840644836
0.23955784738063812
0.24068935215473175
0.24197354912757874
0.24345287680625916
0.24532587826251984
0.25015518069267273
0.25625181198120117
0.2633131444454193
0.2711873948574066
0.02460007555782795
0.0243912972509861
0.024362314492464066
0.022342804819345474
0.02104971930384636
0.020452016964554787
0.020169999450445175
0.2263762652873993
0.24090032279491425
0.2558642029762268
0.27879494428634644
0.2982679605484009
0.31559115648269653
0.3313647210597992
0.34629297256469727
0.36068522930145264
0.3749535381793976
0.38955211639404297
0.4051712453365326
0.42466798424720764
0.4450267553329468
0.46637535095214844
0.4900142550468445
0.5193660855293274
0.5738581418991089
0.6578919291496277
0.7821648120880127
0.9666054844856262
1.185238242149353
1.3830658197402954
15.125869750976562
31.788328170776367
43.305809020996094
53.1005973815918
62.41960906982422
71.04198455810547
80.38603973388672
87.7800521850586
92.75609588623047
97.26070404052734
101.0191650390625
104.0872802734375
106.77462768554688
108.97152709960938
110.83096313476562
112.35667419433594
113.56169128417969
114.4814224243164
115.16304779052734
115.62815856933594
115.8847427368164
115.98303985595703
115.9532470703125
115.78118896484375
115.52281188964844
115.21700286865234
114.90922546386719
114.68985748291016
114.54948425292969
114.03018188476562
113.40184020996094
112.76422882080078
