0.036916255950927734
0.03884437680244446
0.04216058924794197
0.04478096961975098
0.0492875836789608
0.05076664686203003
0.05113575980067253
0.05137749761343002
0.05158131197094917
0.05174220725893974
0.05192261561751366
0.05226306989789009
0.05252230167388916
0.05275809392333031
0.05298232659697533
0.053217608481645584
0.05344092473387718
0.05368383601307869
0.053911566734313965
0.05416101589798927
0.05450638011097908
0.054919444024562836
0.05541371554136276
0.05599992349743843
0.05666232109069824
0.057394370436668396
0.05820627510547638
0.05910329893231392
0.06007073074579239
0.061109527945518494
0.06222408637404442
0.06340677291154861
0.06465694308280945
0.004000070039182901
0.00374258472584188
0.0036946393083781004
0.0036770892329514027
0.003663355018943548
0.003649133490398526
0.06139634549617767
0.06319119036197662
0.06438124179840088
0.06573400646448135
0.06725961714982986
0.06890526413917542
0.0706285685300827
0.0723988264799118
0.07420528680086136
0.07609042525291443
0.07806406170129776
0.08013877272605896
0.08201385289430618
0.08375447243452072
0.08548282831907272
0.08710980415344238
0.08843065053224564
0.08968336880207062
0.09085194766521454
0.09194210171699524
0.09291169047355652
0.09375310689210892
0.09451769292354584
0.09524199366569519
0.09614603221416473
0.09704960882663727
0.09789015352725983
0.09872402250766754
0.09955327212810516
0.10038795322179794
0.10122070461511612
0.10209701210260391
0.10292915999889374
0.10378169268369675
0.1046096608042717
0.10522311925888062
0.10576317459344864
0.10636444389820099
0.1069631278514862
0.10762590914964676
0.10841023921966553
0.10928948223590851
0.11017144471406937
0.11102338880300522
0.11105260252952576
0.1078607514500618
0.10496862232685089
0.10223264992237091
0.09959670156240463
0.09704682976007462
0.09463983029127121
0.09231836348772049
0.09006606042385101
0.08782952278852463
