7.0895161628723145
8.4110746383667
12.040605545043945
13.45653247833252
12.226787567138672
11.971818923950195
12.080781936645508
12.52489185333252
12.979620933532715
13.376594543457031
13.8483247756958
14.346994400024414
14.556856155395508
14.92974853515625
15.502867698669434
16.207319259643555
17.03291893005371
17.96852684020996
19.018692016601562
20.287734985351562
21.727741241455078
23.405418395996094
25.584980010986328
28.43216896057129
31.995492935180664
36.59980773925781
42.80403137207031
50.46782684326172
59.11833953857422
68.64569091796875
79.40629577636719
91.65951538085938
3.4360556602478027
2.304795742034912
2.28865122795105
2.1553761959075928
2.0476090908050537
2.002790689468384
1.9901697635650635
59.99317169189453
84.55204010009766
123.29312133789062
144.45632934570312
175.40142822265625
201.42823791503906
226.3745880126953
251.72589111328125
277.64971923828125
304.0467834472656
330.8323974609375
358.5153503417969
383.7571105957031
400.29022216796875
416.0113220214844
430.0791320800781
442.3584899902344
453.1194763183594
463.1695861816406
471.3436584472656
477.56103515625
483.5592346191406
489.3570556640625
494.63641357421875
499.4580078125
503.9089050292969
507.7267761230469
510.7935791015625
513.3484497070312
515.55712890625
517.4559326171875
519.1400146484375
520.587646484375
521.575439453125
522.1572265625
522.3944702148438
522.2731323242188
521.6924438476562
520.712158203125
519.3508911132812
517.6201782226562
515.7406616210938
513.691650390625
511.4423522949219
508.8951416015625
506.27435302734375
503.6201477050781
501.00982666015625
498.4371032714844
495.8602600097656
493.1203918457031
490.3340148925781
487.7285461425781
485.26129150390625
482.9219970703125
