0.1132960170507431
0.12504726648330688
0.13837525248527527
0.1431560069322586
0.14641207456588745
0.1475994884967804
0.14877565205097198
0.1499500870704651
0.15083613991737366
0.15169982612133026
0.15245990455150604
0.15310855209827423
0.1537059098482132
0.15424637496471405
0.15481533110141754
0.15548236668109894
0.15609173476696014
0.1566527932882309
0.15734203159809113
0.15816980600357056
0.15911713242530823
0.16024871170520782
0.16148242354393005
0.16291360557079315
0.16445253789424896
0.1662326455116272
0.1682663857936859
0.1704755425453186
0.1728808432817459
0.17555280029773712
0.1785397231578827
0.18189655244350433
0.18558137118816376
0.1895555853843689
0.013298604637384415
0.011775820516049862
0.011060540564358234
0.010462647303938866
0.010150435380637646
0.00993103627115488
0.009832202456891537
0.1684735268354416
0.1748788207769394
0.18139810860157013
0.1888979971408844
0.1952010840177536
0.20126448571681976
0.20882733166217804
0.21972133219242096
0.2253873646259308
0.2312321811914444
0.24336326122283936
0.2545792758464813
0.2489652782678604
0.24325484037399292
0.23755493760108948
0.2317386418581009
0.2257840931415558
0.21986886858940125
0.21407537162303925
0.20844079554080963
0.2029542326927185
0.1977001577615738
0.19265665113925934
0.18760958313941956
0.18259060382843018
0.17753376066684723
0.17257750034332275
0.16772949695587158
0.16306334733963013
0.1585230827331543
0.15416817367076874
0.14971865713596344
0.14484275877475739
0.1403711438179016
0.13610823452472687
0.13194268941879272
0.1277415007352829
0.1236071065068245
0.12018357217311859
0.12531156837940216
0.14288018643856049
0.16448932886123657
0.18897144496440887
0.21465346217155457
0.23748236894607544
0.26009538769721985
0.28460147976875305
3.202796697616577
4.282394886016846
4.974280834197998
5.715630054473877
6.479037761688232
7.187658309936523
7.836350440979004
8.415403366088867
8.9606294631958
