15.363815307617188
14.632584571838379
13.146754264831543
11.881997108459473
10.438592910766602
9.24460506439209
7.715784072875977
6.819797992706299
6.302424430847168
6.009124279022217
5.852457046508789
5.778560638427734
5.766530990600586
5.7972917556762695
5.854285717010498
5.903189659118652
5.946218013763428
5.988155841827393
6.031028747558594
6.07762336730957
6.1303839683532715
6.191160678863525
6.259721755981445
6.33622407913208
6.42037296295166
6.509255886077881
6.60464334487915
6.707711219787598
6.818746566772461
6.937735080718994
7.047536849975586
7.153599262237549
7.264620780944824
7.388180732727051
1.286038875579834
1.1289840936660767
1.0672240257263184
1.0495001077651978
1.1096755266189575
1.1775076389312744
1.2464535236358643
10.68913745880127
10.87480354309082
10.250016212463379
9.875882148742676
9.748449325561523
9.801748275756836
10.007575035095215
10.350885391235352
10.549771308898926
10.780497550964355
11.353229522705078
11.983219146728516
12.644424438476562
13.321310997009277
13.99046516418457
14.654942512512207
15.365631103515625
16.019807815551758
16.614341735839844
17.155344009399414
17.652708053588867
18.115318298339844
18.5511531829834
18.96234130859375
19.350624084472656
19.718931198120117
20.070751190185547
20.4071044921875
20.701704025268555
20.956417083740234
21.175289154052734
21.36115074157715
21.517757415771484
21.649919509887695
21.760358810424805
21.853548049926758
21.932510375976562
22.00043296813965
22.058738708496094
22.111385345458984
22.16022491455078
22.20553970336914
22.24821662902832
22.29068946838379
22.334415435791016
22.385019302368164
22.439342498779297
22.497758865356445
22.5875186920166
22.670581817626953
22.748334884643555
22.82124137878418
22.88980484008789
22.955341339111328
23.018476486206055
23.08210563659668
