0.03783806413412094
0.04097016900777817
0.046777620911598206
0.05070897191762924
0.05206983909010887
0.05253343656659126
0.05284876376390457
0.05308699607849121
0.053329043090343475
0.053520191460847855
0.05374027416110039
0.05393576622009277
0.054160844534635544
0.05443574860692024
0.05468623340129852
0.05492604896426201
0.05515667051076889
0.05540389567613602
0.055674947798252106
0.0560104064643383
0.05643032491207123
0.056960348039865494
0.05757664516568184
0.058258116245269775
0.05899298936128616
0.05977368354797363
0.06061190366744995
0.061505191028118134
0.06246136128902435
0.06349674612283707
0.06459051370620728
0.06570864468812943
0.004071739502251148
0.003842039965093136
0.003754423698410392
0.003712572855874896
0.003689694218337536
0.003676146734505892
0.061770182102918625
0.06333883106708527
0.0644124373793602
0.0659283995628357
0.06730784475803375
0.06871211528778076
0.07018915563821793
0.07177335768938065
0.07345899939537048
0.07524404674768448
0.07719279080629349
0.07924214750528336
0.08117017149925232
0.08317239582538605
0.0852951630949974
0.08746812492609024
0.08961785584688187
0.09150426089763641
0.09305419027805328
0.09442897886037827
0.0958075001835823
0.0972817987203598
0.098584845662117
0.09986087679862976
0.10104425251483917
0.1021183580160141
0.10314333438873291
0.10413896292448044
0.10523262619972229
0.10629259049892426
0.10727568715810776
0.10822730511426926
0.10909505933523178
0.10993380844593048
0.10763011127710342
0.10438401997089386
0.10136496275663376
0.09848172217607498
0.09569434076547623
0.09298278391361237
0.09036331623792648
0.0878317654132843
0.0854279026389122
0.0830753818154335
0.08080801367759705
0.07859101891517639
0.07642155140638351
0.07429340481758118
0.07221181690692902
0.07014469802379608
0.06817816197872162
0.06630431115627289
0.06448870897293091
0.0627484992146492
0.06105974689126015
