0.5010854601860046
0.7103815674781799
0.9832585453987122
0.9936065077781677
1.0010013580322266
1.0178682804107666
1.0362451076507568
1.053693413734436
1.0724339485168457
1.089457392692566
1.1039007902145386
1.1223944425582886
1.1454564332962036
1.1668453216552734
1.188881278038025
1.2147430181503296
1.2427352666854858
1.2765135765075684
1.3135147094726562
1.3537237644195557
1.3976210355758667
1.446914792060852
1.5017205476760864
1.5635815858840942
1.6359997987747192
1.721382975578308
1.8271592855453491
1.9594645500183105
2.1398143768310547
2.1980841159820557
2.20141339302063
2.203207015991211
0.03632922098040581
0.03618432208895683
0.03615991398692131
0.03752261400222778
0.03816033899784088
0.038132306188344955
2.0250322818756104
2.300105571746826
2.391303062438965
3.713205099105835
5.241176605224609
6.678257942199707
7.651797771453857
8.507391929626465
10.86282730102539
12.751977920532227
14.34801197052002
15.892240524291992
17.57866859436035
19.472702026367188
21.852014541625977
24.907546997070312
28.292219161987305
31.818050384521484
35.34975814819336
39.19746017456055
43.29331970214844
47.635860443115234
52.15211486816406
56.62041473388672
60.89554214477539
64.93993377685547
69.13273620605469
73.32294464111328
77.30884552001953
80.94865417480469
84.28872680664062
87.38783264160156
90.25643157958984
92.77801513671875
94.92863464355469
96.72833251953125
98.24739837646484
99.51871490478516
100.56537628173828
101.37918853759766
102.00790405273438
102.49085235595703
102.88911437988281
103.21443939208984
103.47730255126953
103.73553466796875
103.95260620117188
104.05513763427734
104.08847045898438
104.05460357666016
103.97957611083984
103.90097045898438
103.84228515625
103.83509063720703
