0.03798803687095642
0.04172228276729584
0.04813620448112488
0.05139259994029999
0.05245709791779518
0.05281637981534004
0.05303017795085907
0.05324113741517067
0.05342980474233627
0.05365743860602379
0.0538511760532856
0.054086826741695404
0.054381512105464935
0.054656945168972015
0.054880689829587936
0.05507993698120117
0.05526461824774742
0.055470965802669525
0.05575989559292793
0.05610036104917526
0.05647416040301323
0.05690307170152664
0.05740223824977875
0.05795757845044136
0.05858271196484566
0.05927395075559616
0.06003151834011078
0.060844264924526215
0.06170761212706566
0.06264782696962357
0.06363517045974731
0.06466779112815857
0.003843925893306732
0.0035923696123063564
0.0035151385236531496
0.0034862260799854994
0.003476024605333805
0.003472521435469389
0.06069374084472656
0.06369262933731079
0.06537637114524841
0.06667110323905945
0.06790045648813248
0.06919699907302856
0.07060050219297409
0.07211406528949738
0.07373561710119247
0.07546725124120712
0.07731443643569946
0.07924094051122665
0.08134790509939194
0.08363206684589386
0.08581486344337463
0.08792856335639954
0.08954840898513794
0.09098667651414871
0.09229965507984161
0.09348052740097046
0.09458205103874207
0.09558524936437607
0.09650666266679764
0.0973530039191246
0.09820597618818283
0.09928588569164276
0.10030089318752289
0.10123763233423233
0.10221639275550842
0.10328742116689682
0.10428761690855026
0.10524681955575943
0.10622303932905197
0.1049266830086708
0.10131070762872696
0.09789888560771942
0.09465409815311432
0.09156186878681183
0.08862040936946869
0.08584340661764145
0.0832342728972435
0.0807826966047287
0.0784670040011406
0.07625576108694077
0.07411570847034454
0.07206402719020844
0.07011659443378448
0.06825421005487442
0.06645766645669937
0.06470461934804916
0.06300245225429535
0.06134379282593727
0.059710901230573654
0.05809411406517029
