7.378352165222168
9.050115585327148
11.579622268676758
14.9440336227417
14.205732345581055
13.198700904846191
12.908273696899414
13.164417266845703
13.473562240600586
13.821287155151367
14.045371055603027
14.213900566101074
14.600066184997559
15.176362991333008
15.855148315429688
16.541799545288086
17.305997848510742
18.234289169311523
19.286121368408203
20.462984085083008
21.886001586914062
23.603368759155273
25.722440719604492
28.43267250061035
32.042259216308594
36.81010055541992
41.94276809692383
48.243560791015625
55.28773880004883
63.542118072509766
72.79930877685547
83.58135986328125
95.88862609863281
3.337218761444092
2.1051218509674072
2.2239084243774414
2.0700695514678955
1.9730987548828125
1.9317913055419922
1.917324423789978
57.71306610107422
69.0094223022461
115.44927215576172
157.25787353515625
187.82142639160156
218.9136199951172
247.29852294921875
265.3946533203125
281.3921203613281
297.7259521484375
313.6971740722656
329.0936279296875
343.29937744140625
355.7362365722656
366.48712158203125
376.22369384765625
385.0448913574219
393.18634033203125
400.7605895996094
406.61328125
410.9373474121094
415.17755126953125
419.44091796875
423.6280822753906
427.3202209472656
430.546142578125
433.4012145996094
435.62469482421875
437.25830078125
438.51287841796875
439.54119873046875
440.0920715332031
440.44366455078125
441.12384033203125
441.82293701171875
442.3973693847656
442.9353332519531
443.3307800292969
443.5098876953125
443.2167663574219
442.4840087890625
441.5079650878906
440.3807373046875
439.2593688964844
438.1545715332031
437.02484130859375
435.8486633300781
434.6595153808594
433.45367431640625
432.2251892089844
431.0126953125
429.82135009765625
428.6572265625
427.4150695800781
425.8855285644531
424.5132751464844
