0.022177904844284058
0.024840908125042915
0.027983849868178368
0.029467705637216568
0.03069058060646057
0.03125311806797981
0.03141435235738754
0.031492605805397034
0.03167463839054108
0.031863681972026825
0.032028887420892715
0.03214486315846443
0.032247673720121384
0.032352861016988754
0.03245100751519203
0.03254522755742073
0.03264099359512329
0.03274894878268242
0.03288522735238075
0.03306770697236061
0.033290665596723557
0.03355938941240311
0.033865753561258316
0.034217528998851776
0.03461994230747223
0.03508329018950462
0.035608019679784775
0.03619937226176262
0.036854129284620285
0.03755534812808037
0.03830057010054588
0.03909021615982056
0.03992455452680588
0.002329073380678892
0.0019101171055808663
0.0017993319779634476
0.0017795631429180503
0.0018055012915283442
0.0018538578879088163
0.037796393036842346
0.04034733027219772
0.041751597076654434
0.042859822511672974
0.04344707727432251
0.044016823172569275
0.044753167778253555
0.04567606747150421
0.04674675688147545
0.04792046174407005
0.04898596182465553
0.05009625852108002
0.051309119910001755
0.0526413656771183
0.05406491458415985
0.05562107264995575
0.05530761554837227
0.05395092815160751
0.05262310802936554
0.0512988455593586
0.04998234659433365
0.04867501184344292
0.04738336056470871
0.04612564295530319
0.04489893093705177
0.04369882494211197
0.042554501444101334
0.041450135409832
0.04034215584397316
0.039251767098903656
0.038174308836460114
0.03710869327187538
0.03605537489056587
0.03501560911536217
0.034016821533441544
0.03353104740381241
0.033054232597351074
0.03214043751358986
0.03126151114702225
0.030410297214984894
0.02958224155008793
0.028780443593859673
0.02801448665559292
0.02728193625807762
0.026579514145851135
0.02590036205947399
0.025238608941435814
0.024593669921159744
0.023967310786247253
0.02336462028324604
0.02279229834675789
0.022246045991778374
0.02171969972550869
0.02120821364223957
0.02070915326476097
0.020222686231136322
