19.06525421142578
18.298965454101562
15.83646011352539
13.024862289428711
11.089957237243652
9.828679084777832
8.980216026306152
8.39511775970459
7.995360851287842
7.76746129989624
7.7144269943237305
7.7508111000061035
7.839856147766113
7.96535062789917
8.092763900756836
8.23499584197998
8.394332885742188
8.579024314880371
8.797470092773438
9.042391777038574
9.314011573791504
9.621513366699219
9.960908889770508
10.325960159301758
10.717697143554688
11.134352684020996
11.572060585021973
12.101268768310547
12.743919372558594
13.42320728302002
14.132002830505371
14.869600296020508
3.4939022064208984
3.004570960998535
2.8132314682006836
2.760995388031006
2.7684037685394287
2.8089516162872314
20.323312759399414
21.3123836517334
21.011272430419922
21.169906616210938
21.600828170776367
22.235414505004883
23.005746841430664
23.878732681274414
24.811132431030273
25.77081871032715
26.703458786010742
27.570213317871094
28.467432022094727
29.295635223388672
30.046401977539062
30.71202850341797
31.296781539916992
31.850587844848633
32.34291076660156
32.536746978759766
32.62504959106445
32.65627670288086
32.61388397216797
32.53298568725586
32.44554138183594
32.361637115478516
32.28258514404297
32.21053695678711
32.14655685424805
32.09168243408203
32.04318618774414
31.99843978881836
31.964521408081055
31.935766220092773
31.90975570678711
31.886520385742188
31.868122100830078
31.85582733154297
31.851375579833984
31.8546085357666
31.871244430541992
31.897624969482422
31.967266082763672
32.03938674926758
32.11344528198242
32.189735412597656
32.27093505859375
32.356136322021484
32.45156478881836
32.56216812133789
32.67155075073242
32.776580810546875
32.88066864013672
32.985504150390625
33.088443756103516
