0.19586196541786194
0.20501957833766937
0.20672939717769623
0.20871120691299438
0.21016603708267212
0.2113431990146637
0.21225020289421082
0.21296793222427368
0.21383188664913177
0.2147165983915329
0.21548157930374146
0.21624204516410828
0.21710309386253357
0.21774208545684814
0.21849679946899414
0.21948423981666565
0.22042930126190186
0.2214241921901703
0.22247187793254852
0.22361715137958527
0.22512489557266235
0.22679227590560913
0.22873911261558533
0.23082463443279266
0.2332860380411148
0.2362474799156189
0.23953907191753387
0.24314942955970764
0.24719561636447906
0.25171247124671936
0.2566707134246826
0.26193922758102417
0.01338693592697382
0.014164145104587078
0.014266476966440678
0.014209204353392124
0.014123402535915375
0.014040880836546421
0.23749478161334991
0.24243994057178497
0.2475702166557312
0.2572697699069977
0.26691338419914246
0.27677324414253235
0.29379019141197205
0.31406745314598083
0.33652710914611816
0.3550792336463928
0.3477848470211029
0.339780330657959
0.3317209482192993
0.3234822452068329
0.31510892510414124
0.30669260025024414
0.2982710599899292
0.28990688920021057
0.28163546323776245
0.273470014333725
0.2653791606426239
0.25742629170417786
0.24955707788467407
0.2414156198501587
0.23333314061164856
0.22478723526000977
0.21682871878147125
0.20967131853103638
0.20275171101093292
0.19593189656734467
0.1892096847295761
0.18263082206249237
0.17622452974319458
0.17300665378570557
0.1697504222393036
0.16343824565410614
0.15732593834400177
0.1512325406074524
0.14554224908351898
0.14458315074443817
0.16162924468517303
0.19167301058769226
0.23543383181095123
0.2997163236141205
0.37166646122932434
0.6526190042495728
10.242948532104492
14.066109657287598
16.057647705078125
18.22423553466797
20.239938735961914
21.671987533569336
22.67375946044922
23.402450561523438
23.97223663330078
24.46129035949707
