0.1130535900592804
0.12582790851593018
0.1428886502981186
0.14874157309532166
0.15023790299892426
0.15127399563789368
0.15213139355182648
0.15290938317775726
0.15375448763370514
0.15446697175502777
0.1550941914319992
0.15572132170200348
0.156327486038208
0.15696462988853455
0.1576421558856964
0.15824978053569794
0.15886616706848145
0.1596141755580902
0.160500630736351
0.16159063577651978
0.16291603446006775
0.1644631028175354
0.16618464887142181
0.168125182390213
0.17030708491802216
0.17272065579891205
0.1753387749195099
0.1783018559217453
0.18167272210121155
0.18538756668567657
0.18943673372268677
0.1937691867351532
0.013209013268351555
0.011251216754317284
0.010569335892796516
0.010275871492922306
0.010127251036465168
0.010037373751401901
0.17342188954353333
0.18113814294338226
0.1863631159067154
0.19381025433540344
0.20050755143165588
0.2073531448841095
0.21887530386447906
0.231450155377388
0.24501721560955048
0.2591842710971832
0.2638870179653168
0.2577322721481323
0.2513871192932129
0.2449195384979248
0.2385387271642685
0.23228520154953003
0.22615544497966766
0.22014926373958588
0.2142079621553421
0.20833273231983185
0.2020004391670227
0.2802807688713074
0.4488641619682312
0.573128342628479
0.6728088855743408
0.7437471151351929
0.7948963046073914
0.8323609232902527
0.8619539737701416
0.88890141248703
0.9100695252418518
0.9288819432258606
0.9502119421958923
0.9792601466178894
1.0119740962982178
1.0401062965393066
1.0675122737884521
1.09531831741333
3.1184241771698
5.872278690338135
7.021272659301758
7.538086891174316
7.808403015136719
7.984302997589111
8.304118156433105
8.647873878479004
9.112907409667969
9.638535499572754
10.10201358795166
10.521666526794434
10.901774406433105
11.243814468383789
11.550999641418457
11.83777904510498
12.116949081420898
