0.008431663736701012
0.008535935543477535
0.008062440901994705
0.007779449690133333
0.007627313025295734
0.007529372349381447
0.0074579850770533085
0.007392379455268383
0.00733176339417696
0.007272840943187475
0.007215195335447788
0.007161572575569153
0.007111517246812582
0.007063277065753937
0.007016844116151333
0.006973641458898783
0.0069329640828073025
0.0068939197808504105
0.006857528351247311
0.006824108771979809
0.006791901309043169
0.006759589072316885
0.0067260912619531155
0.006691048387438059
0.0066542779095470905
0.006614656187593937
0.006571120582520962
0.0065263910219073296
0.0064818160608410835
0.006436099298298359
0.006388000212609768
0.006337120663374662
0.0008208698709495366
0.0007788240909576416
0.0007965411059558392
0.0008262814953923225
0.000854570243973285
0.0008786385296843946
0.006384960375726223
0.006263814400881529
0.0061552864499390125
0.006087140180170536
0.0060275848954916
0.005966890603303909
0.005886402912437916
0.005802761297672987
0.005719676613807678
0.005635848268866539
0.0055471002124249935
0.005454739555716515
0.0053589437156915665
0.0052598402835428715
0.005157410632818937
0.005051599349826574
0.004943246953189373
0.0048334612511098385
0.0047225323505699635
0.004610909149050713
0.004500008653849363
0.004390531685203314
0.004281666595488787
0.004173034802079201
0.004064542707055807
0.00395634351298213
0.003848661668598652
0.0037415879778563976
0.0036353711038827896
0.0035305670462548733
0.0034274267964065075
0.0033263906370848417
0.0032277207355946302
0.0031314140651375055
0.003037389600649476
0.0029455397743731737
0.0028557516634464264
0.002768261358141899
0.002683560596778989
0.002601898042485118
0.0025235575158149004
0.002448501531034708
0.0023765640798956156
0.0023073889315128326
0.0022409704979509115
0.0021770691964775324
0.0021157320588827133
0.0020568862091749907
0.0020004399120807648
0.001946279196999967
0.0018942974274978042
0.0018443218432366848
0.0017962200799956918
0.0017498749075457454
