0.15238472819328308
0.1569114774465561
0.17651315033435822
0.19895532727241516
0.21341164410114288
0.21742354333400726
0.2199820876121521
0.22194188833236694
0.22358004748821259
0.22491559386253357
0.2261505275964737
0.22721892595291138
0.22808557748794556
0.22888602316379547
0.22974367439746857
0.23049849271774292
0.23104210197925568
0.23149533569812775
0.23200148344039917
0.23272296786308289
0.23359115421772003
0.23457874357700348
0.2354869395494461
0.23630261421203613
0.23725390434265137
0.2384619116783142
0.2398434430360794
0.2415653020143509
0.24617181718349457
0.2514711022377014
0.257857084274292
0.26522499322891235
0.024434277787804604
0.02419368550181389
0.021951735019683838
0.02058238536119461
0.019879303872585297
0.01953991688787937
0.22159859538078308
0.24531425535678864
0.26930466294288635
0.2888695001602173
0.3059930205345154
0.3215126395225525
0.33604568243026733
0.35009482502937317
0.36408331990242004
0.3783440589904785
0.3931158781051636
0.4108864367008209
0.43054699897766113
0.45050397515296936
0.4726947546005249
0.49503421783447266
0.5318813323974609
0.5921099781990051
0.6807833909988403
0.809699535369873
0.9995045065879822
1.1878705024719238
1.371955394744873
17.453020095825195
33.65269470214844
44.880958557128906
54.41160202026367
63.739295959472656
73.3653793334961
81.74579620361328
86.69212341308594
91.16309356689453
94.78992462158203
97.66236114501953
99.97169494628906
102.09172058105469
103.79984283447266
105.23664093017578
106.44339752197266
107.43318176269531
108.17475891113281
108.6803207397461
108.9826889038086
109.16321563720703
109.16063690185547
109.00675964355469
108.82628631591797
108.7127914428711
108.5912857055664
108.45476531982422
108.11984252929688
107.5634765625
106.96196746826172
106.37285614013672
