0.04428361728787422
0.05750085785984993
0.06124618276953697
0.06109604984521866
0.06124190613627434
0.061310023069381714
0.061311379075050354
0.06142577528953552
0.06170322373509407
0.062093816697597504
0.06250237673521042
0.06282549351453781
0.06308997422456741
0.063351109623909
0.06365114450454712
0.06400994211435318
0.06437866389751434
0.06376838684082031
0.06325691193342209
0.06281596422195435
0.062385786324739456
0.061943259090185165
0.06149918958544731
0.06104983389377594
0.06059591844677925
0.06014170125126839
0.05967897176742554
0.059199608862400055
0.05869957432150841
0.05817640572786331
0.05762745440006256
0.05705055221915245
0.0038576682563871145
0.0029661336448043585
0.0028726025484502316
0.002841752488166094
0.0028267258312553167
0.0028149231802672148
0.06510467082262039
0.06115823611617088
0.05779968202114105
0.055901262909173965
0.05452778935432434
0.0533907525241375
0.0521753653883934
0.05100250244140625
0.04984777420759201
0.04868317022919655
0.04748505353927612
0.04625164717435837
0.04499681293964386
0.04366101324558258
0.04231686890125275
0.04098982736468315
0.03969230502843857
0.038512930274009705
0.03745078295469284
0.03644871711730957
0.03545163571834564
0.03445937857031822
0.03347959741950035
0.03250141814351082
0.03152389079332352
0.030552515760064125
0.029582088813185692
0.028607487678527832
0.027622036635875702
0.026656394824385643
0.025753509253263474
0.02490803226828575
0.024107951670885086
0.023344391956925392
0.022609993815422058
0.02189873717725277
0.021207040175795555
0.020536834374070168
0.019889354705810547
0.019265176728367805
0.01866520196199417
0.018088320270180702
0.01753273792564869
0.016996530815958977
0.016480568796396255
0.015985552221536636
0.015513061545789242
0.01506433542817831
0.014637283980846405
0.014230995438992977
0.013845259323716164
0.013479026965796947
0.013129817321896553
0.01279247086495161
