0.022221192717552185
0.028099877759814262
0.02986508049070835
0.02968163602054119
0.029817139729857445
0.030171876773238182
0.030355319380760193
0.030405446887016296
0.030412372201681137
0.030519725754857063
0.030721303075551987
0.030965561047196388
0.031199779361486435
0.0314730629324913
0.03174030780792236
0.031982094049453735
0.03220033273100853
0.03240804001688957
0.03260740265250206
0.032817091792821884
0.03310174122452736
0.03350086510181427
0.0340246856212616
0.03410503268241882
0.03381992131471634
0.033555131405591965
0.033293019980192184
0.03302636742591858
0.03274845331907272
0.03245750442147255
0.032151516526937485
0.03182815760374069
0.03148762881755829
0.031131992116570473
0.0018545337952673435
0.0015161781338974833
0.0013880555052310228
0.0013601812534034252
0.0013525051763281226
0.0013797784922644496
0.03465814143419266
0.03353852406144142
0.03226938098669052
0.03108161687850952
0.03025704436004162
0.029593586921691895
0.028915759176015854
0.028303377330303192
0.027701085433363914
0.027455465868115425
0.027103113010525703
0.026484789326786995
0.025874493643641472
0.0252790879458189
0.024676112458109856
0.024083292111754417
0.023493312299251556
0.022902419790625572
0.022310519590973854
0.02172406204044819
0.021145319566130638
0.020576370880007744
0.020020106807351112
0.01947486214339733
0.018940361216664314
0.01841672882437706
0.017904972657561302
0.01740260235965252
0.01690935716032982
0.016425782814621925
0.015952734276652336
0.015490386635065079
0.015041862614452839
0.014607197605073452
0.014185644686222076
0.013776658102869987
0.01338227093219757
0.013001950457692146
0.012633468955755234
0.012280551716685295
0.011949505656957626
0.011636854149401188
0.0113374600186944
0.011049320921301842
0.010770321823656559
0.010503037832677364
0.010248413309454918
0.010005693882703781
0.009772568941116333
0.009546471759676933
0.009325570426881313
0.009109356440603733
0.008897840976715088
0.008691437542438507
0.008490224368870258
0.008294602856040001
