0.008261729963123798
0.009451281279325485
0.010458010248839855
0.010743310675024986
0.011089772917330265
0.011239532381296158
0.011339051648974419
0.011451872996985912
0.011573279276490211
0.011692706495523453
0.011836403980851173
0.011962945573031902
0.01208901684731245
0.012221617624163628
0.012342425063252449
0.012462809681892395
0.01259604748338461
0.012767442502081394
0.012991211377084255
0.013257788494229317
0.01355875376611948
0.013887141831219196
0.014236531220376492
0.014547543600201607
0.014869874343276024
0.015199188143014908
0.015537809580564499
0.015888646245002747
0.016254447400569916
0.016635838896036148
0.017033057287335396
0.01744791492819786
0.01788266934454441
0.0010044357040897012
0.0009589203982613981
0.0009358649840578437
0.0009184930822812021
0.0009092395775951445
0.0009052374516613781
0.0009042955935001373
0.01690451055765152
0.017487233504652977
0.017815351486206055
0.01830510050058365
0.018845200538635254
0.019401343539357185
0.019945230334997177
0.020498665049672127
0.02088131755590439
0.021078698337078094
0.02165277488529682
0.022130126133561134
0.02264414168894291
0.023177269846200943
0.023426027968525887
0.022820210084319115
0.02223633974790573
0.021664224565029144
0.021105444058775902
0.020566457882523537
0.02004585601389408
0.019539933651685715
0.01904514990746975
0.018560558557510376
0.01808675192296505
0.01762319914996624
0.017169000580906868
0.01672380045056343
0.016287911683321
0.015861256048083305
0.015444549731910229
0.015039267018437386
0.014644723385572433
0.014259946532547474
0.013883903622627258
0.013515574857592583
0.01316329836845398
0.012828764505684376
0.012507368810474873
0.012197067961096764
0.01189701072871685
0.011606821790337563
0.011325848288834095
0.011053355410695076
0.01078859344124794
0.010530899278819561
0.010280605405569077
0.010037579573690891
0.009801412932574749
0.009571976028382778
0.009349110536277294
0.009132803417742252
0.008922956883907318
0.008719237521290779
0.008521522395312786
0.008329602889716625
