0.4904496967792511
0.5380092263221741
0.8230833411216736
1.008583426475525
1.0285017490386963
1.0428534746170044
1.0591119527816772
1.0715608596801758
1.0846205949783325
1.102403163909912
1.1145352125167847
1.126617193222046
1.1388370990753174
1.1507225036621094
1.1621291637420654
1.1747592687606812
1.1869401931762695
1.2012417316436768
1.2189644575119019
1.2372641563415527
1.256465196609497
1.2786692380905151
1.3041369915008545
1.3324754238128662
1.362903118133545
1.396438717842102
1.4347712993621826
1.4867920875549316
1.549992561340332
1.6117602586746216
1.6852744817733765
1.7740188837051392
0.03353630751371384
0.03339841216802597
0.03519599512219429
0.03522852808237076
0.035079069435596466
0.03493765369057655
0.6664003133773804
1.3042914867401123
1.6340234279632568
1.9512178897857666
2.015566110610962
2.0162525177001953
2.0276730060577393
2.0516750812530518
2.0878453254699707
2.136127471923828
2.798342704772949
8.03923225402832
10.893155097961426
13.092378616333008
15.109063148498535
18.394329071044922
21.803760528564453
25.032543182373047
28.126127243041992
31.216318130493164
34.35948944091797
38.50447463989258
42.928565979003906
47.503501892089844
52.14263153076172
56.84992599487305
61.78815460205078
66.59590911865234
71.50413513183594
76.42237091064453
81.26033020019531
85.91958618164062
90.34841918945312
94.55061340332031
98.58972930908203
102.67725372314453
106.7733154296875
110.57788848876953
114.16545104980469
117.4663314819336
120.44305419921875
123.09040832519531
125.42249298095703
127.49140167236328
129.3031768798828
130.85650634765625
132.16033935546875
133.23753356933594
134.17222595214844
135.1627197265625
135.94052124023438
136.57850646972656
137.1455841064453
137.6053009033203
