0.006569772958755493
0.007098729256540537
0.007875274866819382
0.008579532615840435
0.009175822138786316
0.00968924816697836
0.00983922928571701
0.009906245395541191
0.009952133521437645
0.010000676847994328
0.010044634342193604
0.010097885504364967
0.010159271769225597
0.010215518064796925
0.010273013263940811
0.010323047637939453
0.010385661385953426
0.01045614667236805
0.010533450171351433
0.010616530664265156
0.010707654058933258
0.0108136385679245
0.010947424918413162
0.011106817983090878
0.011289360001683235
0.011493964120745659
0.01171793881803751
0.011957545764744282
0.012210828252136707
0.012476664036512375
0.012753496877849102
0.013005167245864868
0.000837062019854784
0.0007422450580634177
0.0007393932901322842
0.00074927689274773
0.0007601154502481222
0.0007699894485995173
0.013198280707001686
0.013531649485230446
0.013703816570341587
0.013865667395293713
0.014052612707018852
0.014273559674620628
0.01453056838363409
0.014816510491073132
0.015130612067878246
0.015464329160749912
0.015815379098057747
0.01618172414600849
0.01656140573322773
0.016963385045528412
0.01739739067852497
0.017839569598436356
0.018235808238387108
0.018640359863638878
0.019056783989071846
0.019435612484812737
0.019812101498246193
0.020194705575704575
0.020582497119903564
0.02097947522997856
0.02138146385550499
0.021790476515889168
0.02220921404659748
0.022635744884610176
0.023069065064191818
0.02350802533328533
0.023939138278365135
0.024373797699809074
0.024809086695313454
0.02524542063474655
0.02568390779197216
0.026130715385079384
0.026580924168229103
0.027028612792491913
0.027471577748656273
0.02790853939950466
0.028338778764009476
0.028768114745616913
0.029203571379184723
0.029635190963745117
0.030060475692152977
0.030475884675979614
0.030873475596308708
0.03125634044408798
0.031625427305698395
0.031984906643629074
0.032325685024261475
0.03265129402279854
0.03296012431383133
0.03325221687555313
