0.007834034040570259
0.008837498724460602
0.010222787037491798
0.010900202207267284
0.01110184844583273
0.011190787889063358
0.011255939491093159
0.011352285742759705
0.011431621387600899
0.011516380123794079
0.011608592234551907
0.01171001885086298
0.01180486660450697
0.011891008354723454
0.011982342228293419
0.012080213986337185
0.012191805057227612
0.01230417750775814
0.01242123544216156
0.012561381794512272
0.012734021991491318
0.012934706173837185
0.013158123940229416
0.013401299715042114
0.0136615801602602
0.01393641997128725
0.01421947218477726
0.014458253048360348
0.014707604423165321
0.014969397336244583
0.015236382372677326
0.015510077588260174
0.0008700764155946672
0.0008266649092547596
0.000818704254925251
0.0008185123442672193
0.0008205035701394081
0.0008229332161135972
0.01484161987900734
0.015441391617059708
0.015782615169882774
0.016073720529675484
0.016376031562685966
0.01670091040432453
0.01704539731144905
0.017407391220331192
0.017787160351872444
0.01818295568227768
0.018595999106764793
0.01903476007282734
0.01950361765921116
0.01997615210711956
0.020457150414586067
0.020960982888936996
0.021383127197623253
0.02180503122508526
0.02224402315914631
0.02269989810883999
0.02316647581756115
0.023631442338228226
0.024090465158224106
0.023744065314531326
0.023191330954432487
0.022656943649053574
0.022135615348815918
0.021623654291033745
0.021118562668561935
0.020620182156562805
0.020128531381487846
0.019643424078822136
0.01916494220495224
0.01869359239935875
0.018232138827443123
0.01778186298906803
0.01734250970184803
0.016913263127207756
0.01649351231753826
0.016083689406514168
0.015684669837355614
0.01529572531580925
0.014915079809725285
0.014542312361299992
0.014177084900438786
0.013819324783980846
0.013468528166413307
0.013127103447914124
0.012798457406461239
0.012481071054935455
0.012173524126410484
0.01187475211918354
0.0115842055529356
0.011300913989543915
