0.4900059401988983
0.5522609949111938
0.968734860420227
0.9946856498718262
0.9967714548110962
1.0003098249435425
1.0050102472305298
1.0141000747680664
1.0262038707733154
1.0400354862213135
1.0540965795516968
1.0680224895477295
1.079848289489746
1.0898399353027344
1.0977033376693726
1.1082450151443481
1.1212977170944214
1.1362922191619873
1.1494503021240234
1.1626909971237183
1.1779571771621704
1.1938973665237427
1.2126470804214478
1.2357391119003296
1.2614593505859375
1.289837121963501
1.3203415870666504
1.353469967842102
1.3914345502853394
1.433474063873291
1.4802882671356201
1.5365774631500244
0.033356063067913055
0.03328370675444603
0.03324194997549057
0.03320906683802605
0.03406354784965515
0.03460191935300827
1.1988162994384766
1.2849804162979126
1.366663932800293
1.5442744493484497
1.7503371238708496
1.98198664188385
2.1567957401275635
2.158787488937378
2.154796600341797
2.1526873111724854
2.1517646312713623
2.15203595161438
2.152961015701294
2.1535465717315674
2.125739336013794
2.5678367614746094
4.116319179534912
7.688164234161377
10.880023956298828
13.479445457458496
15.726806640625
17.854677200317383
20.27997589111328
23.445152282714844
27.183170318603516
31.278276443481445
35.62697219848633
40.24797058105469
44.98746109008789
49.76859664916992
54.667518615722656
59.743080139160156
64.5336685180664
69.14503479003906
73.6240463256836
77.86461639404297
81.84306335449219
85.80413055419922
89.7598876953125
93.70930480957031
97.63763427734375
101.6174087524414
105.39659881591797
108.80694580078125
111.85590362548828
114.56423950195312
116.87157440185547
118.77314758300781
120.30816650390625
121.55682373046875
122.55997467041016
122.99079895019531
123.3617172241211
123.97628784179688
124.62615966796875
125.18839263916016
