0.4915836751461029
0.54698246717453
0.8633427619934082
1.0114924907684326
1.0294113159179688
1.046152949333191
1.06102454662323
1.0732258558273315
1.0887548923492432
1.1050738096237183
1.1160460710525513
1.1285951137542725
1.141263723373413
1.1530498266220093
1.1653294563293457
1.1774272918701172
1.1903109550476074
1.2067797183990479
1.2259573936462402
1.2468366622924805
1.2684311866760254
1.2952715158462524
1.3240253925323486
1.354644536972046
1.3885654211044312
1.427033543586731
1.4767011404037476
1.5461214780807495
1.6141599416732788
1.691681146621704
1.7851845026016235
1.8977057933807373
0.03381474316120148
0.03366701677441597
0.03573784977197647
0.03554624691605568
0.035377684980630875
0.03522203117609024
0.8500478267669678
1.4186608791351318
1.7937042713165283
2.050117254257202
2.0642502307891846
2.0794713497161865
2.108883857727051
2.1519603729248047
2.2061033248901367
7.253213882446289
9.871966361999512
11.84880256652832
14.347455024719238
17.674333572387695
20.942886352539062
24.010190963745117
26.92083740234375
29.766494750976562
32.68412780761719
36.00755310058594
40.252384185791016
44.77045822143555
49.36015701293945
53.945777893066406
58.70803451538086
63.4664192199707
68.18216705322266
72.918701171875
77.60804748535156
82.2423095703125
86.69051361083984
90.905029296875
94.8611068725586
98.63314819335938
102.5599365234375
106.46269989013672
110.13558959960938
113.51518249511719
116.57071685791016
119.29969024658203
121.71903228759766
123.87737274169922
125.78546142578125
127.41732025146484
128.7835693359375
129.9127960205078
130.8536834716797
131.66366577148438
132.59033203125
133.40261840820312
134.07504272460938
134.6434783935547
135.12086486816406
135.5026397705078
