19.144683837890625
18.571788787841797
16.49664306640625
14.048803329467773
12.226250648498535
10.989974975585938
10.141478538513184
9.535338401794434
9.094839096069336
8.767563819885254
8.518804550170898
8.339953422546387
8.219462394714355
8.140470504760742
8.109230041503906
8.15282917022705
8.225430488586426
8.317621231079102
8.428576469421387
8.55695915222168
8.708403587341309
8.88637638092041
9.090984344482422
9.323365211486816
9.582189559936523
9.866271018981934
10.173973083496094
10.50439453125
10.858600616455078
11.232918739318848
11.631770133972168
12.135747909545898
2.192943811416626
1.8509327173233032
1.747747540473938
1.733113169670105
1.752446174621582
1.7876265048980713
16.174819946289062
16.877506256103516
17.06832504272461
17.556961059570312
18.156105041503906
18.820674896240234
19.506500244140625
20.144872665405273
20.761905670166016
21.381723403930664
22.026145935058594
22.72235679626465
23.4412841796875
24.1878719329834
24.964677810668945
25.76626968383789
26.586261749267578
27.399187088012695
28.19192123413086
28.99446678161621
29.75809097290039
30.47708511352539
31.14017677307129
31.755565643310547
32.314605712890625
32.78160858154297
33.22959899902344
33.62330627441406
33.852149963378906
33.972801208496094
34.03001022338867
34.03074645996094
33.974754333496094
33.88500213623047
33.781463623046875
33.68143844604492
33.57856369018555
33.467891693115234
33.35390853881836
33.24769592285156
33.14698791503906
33.05188751220703
32.95900344848633
32.868343353271484
32.78153991699219
32.697113037109375
32.61666488647461
32.54218673706055
32.475730895996094
32.41817855834961
32.36958312988281
32.33100509643555
32.31056213378906
32.304203033447266
