0.09215579926967621
0.10244213044643402
0.11670644581317902
0.1275261640548706
0.1352793425321579
0.1396384984254837
0.14270007610321045
0.1447354555130005
0.14615154266357422
0.14707906544208527
0.14779230952262878
0.14838925004005432
0.14893586933612823
0.14944206178188324
0.149983748793602
0.15044055879116058
0.15089601278305054
0.15142203867435455
0.1519453078508377
0.15243849158287048
0.15288887917995453
0.15334182977676392
0.1537526696920395
0.1542605310678482
0.1547527015209198
0.15524962544441223
0.15587696433067322
0.1567753404378891
0.15792220830917358
0.15964540839195251
0.16163751482963562
0.1637677103281021
0.023884275928139687
0.017129631713032722
0.012940309010446072
0.01084597036242485
0.009320694021880627
0.00838545709848404
0.12796469032764435
0.1412639021873474
0.1489824503660202
0.15732520818710327
0.16566918790340424
0.17268019914627075
0.178538978099823
0.1837051659822464
0.18858608603477478
0.19348029792308807
0.19843560457229614
0.2034444957971573
0.20857177674770355
0.21398596465587616
0.2197216898202896
0.22589972615242004
0.23262780904769897
0.2404346466064453
0.25036880373954773
0.26045453548431396
0.27117595076560974
0.2821233570575714
0.2941027283668518
0.3079907298088074
0.3221752345561981
0.33910098671913147
0.3513394892215729
0.33554184436798096
0.32143256068229675
0.30905309319496155
0.3026896119117737
0.3047187030315399
0.31322020292282104
0.3271375596523285
0.34559595584869385
0.36462661623954773
0.38402435183525085
3.5961012840270996
8.338098526000977
11.583059310913086
13.952754020690918
15.689767837524414
17.03045654296875
18.09259796142578
18.989145278930664
19.764404296875
20.485071182250977
21.097503662109375
21.620038986206055
22.0712833404541
22.48870277404785
22.878307342529297
23.250167846679688
23.556682586669922
