2067.533203125
2037.4610595703125
2009.26611328125
2044.6610107421875
2030.61181640625
2027.8450927734375
2046.8214111328125
2081.755615234375
2088.82861328125
2094.991943359375
2110.374267578125
2133.65234375
2158.897705078125
2186.81982421875
2228.345458984375
2267.936279296875
2299.242919921875
2330.128173828125
2362.600341796875
2403.25048828125
2451.68701171875
2518.109619140625
2602.505859375
2698.913330078125
2805.894287109375
2922.471435546875
3048.265380859375
3183.411865234375
3328.77490234375
3483.980712890625
3647.415283203125
3817.12255859375
161.75582885742188
164.82432556152344
163.97674560546875
159.8491668701172
154.68020629882812
149.7116241455078
3127.912841796875
3580.0849609375
3900.23828125
4149.39111328125
4369.80615234375
4582.3681640625
4798.24609375
5022.32421875
5257.044921875
5508.7998046875
5774.72802734375
6060.67529296875
6366.1015625
6698.833984375
7054.63330078125
7389.529296875
7715.55078125
8026.28125
8324.96875
8614.0185546875
8883.1171875
9122.291015625
9336.607421875
9526.5146484375
9694.400390625
9837.5439453125
9957.54296875
10057.2353515625
10139.1650390625
10205.73828125
9984.3037109375
9623.3544921875
9286.39453125
8963.3818359375
8651.3916015625
8348.498046875
8053.44091796875
7766.42431640625
7487.58056640625
7217.31982421875
6955.2822265625
6699.81298828125
6451.40625
6206.517578125
5965.85986328125
5731.09912109375
5504.3134765625
5294.775390625
5108.103515625
4932.552734375
4765.81494140625
4608.13818359375
4458.95166015625
4317.61474609375
