2085.1083984375
2063.524169921875
2032.6298828125
2014.81591796875
2023.1983642578125
2019.3260498046875
2033.892578125
2051.876220703125
2057.19189453125
2069.40576171875
2077.509521484375
2082.404052734375
2097.16259765625
2105.58447265625
2124.50048828125
2145.727783203125
2167.845703125
2187.9052734375
2206.913818359375
2225.850830078125
2246.990478515625
2272.622314453125
2305.401123046875
2349.382080078125
2405.0576171875
2473.3896484375
2551.09130859375
2635.810791015625
2726.41748046875
2821.72802734375
2923.4287109375
3031.767578125
136.67857360839844
131.33546447753906
129.79029846191406
128.77362060546875
128.00497436523438
127.41061401367188
2403.17822265625
2805.02587890625
3034.150390625
3206.756591796875
3365.624755859375
3525.168701171875
3689.53857421875
3858.48779296875
4029.125
4200.29345703125
4370.42626953125
4540.34912109375
4713.16357421875
4886.87890625
5060.8544921875
5243.67431640625
5442.32080078125
5670.76904296875
5891.990234375
6125.1513671875
6368.15380859375
6603.5263671875
6827.0498046875
7043.16845703125
7259.150390625
7457.04443359375
7631.623046875
7781.37158203125
7904.52001953125
7997.94873046875
8077.525390625
8145.34423828125
8201.0302734375
8238.603515625
8263.2890625
8282.9453125
8299.3173828125
8307.9228515625
8294.8583984375
8267.5458984375
8233.6865234375
8191.8798828125
8148.98974609375
8045.6826171875
7745.89990234375
7474.55810546875
7225.8203125
6992.87841796875
6770.4072265625
6558.7578125
6355.56591796875
6162.126953125
5981.91259765625
5809.1044921875
