2067.761962890625
2037.6593017578125
2008.282470703125
2023.722412109375
2042.8424072265625
2049.49853515625
2072.723876953125
2086.8642578125
2092.926025390625
2104.289306640625
2120.47998046875
2128.3251953125
2145.018310546875
2163.567138671875
2189.70556640625
2221.5556640625
2250.943115234375
2279.13623046875
2307.2666015625
2336.983642578125
2378.634765625
2433.73583984375
2503.800537109375
2588.86962890625
2686.908203125
2795.76123046875
2913.68408203125
3038.77099609375
3171.767333984375
3313.3173828125
3464.370849609375
3623.02685546875
133.33358764648438
128.09869384765625
127.86275482177734
128.33251953125
128.79849243164062
129.0980682373047
3024.156005859375
3536.546875
3786.028564453125
3959.230224609375
4119.556640625
4289.15478515625
4474.3662109375
4676.70556640625
4899.14208984375
5149.2158203125
5424.5654296875
5734.46484375
6046.53857421875
6360.75634765625
6687.89599609375
7014.8505859375
7321.4658203125
7619.78271484375
7897.10107421875
8156.4765625
8398.2197265625
8636.59765625
8853.62109375
9054.892578125
9242.3232421875
9415.6103515625
9574.8046875
9718.794921875
9848.5380859375
9970.302734375
10048.7158203125
9704.1845703125
9396.048828125
9103.607421875
8817.20703125
8535.095703125
8256.751953125
7981.59326171875
7708.18310546875
7436.58837890625
7165.33154296875
6896.60693359375
6634.6591796875
6379.783203125
6131.212890625
5887.67822265625
5649.39697265625
5416.37939453125
5198.48779296875
5006.76513671875
4830.43505859375
4666.0703125
4511.88232421875
4366.48974609375
