2069.016845703125
2037.6181640625
1998.9163818359375
2074.4345703125
2105.781005859375
2145.978759765625
2188.671630859375
2205.205810546875
2208.00048828125
2215.407958984375
2232.696044921875
2259.208984375
2279.060546875
2290.8818359375
2293.97119140625
2295.6103515625
2299.0498046875
2306.7060546875
2318.141357421875
2329.643310546875
2350.081787109375
2372.039794921875
2395.297119140625
2432.97509765625
2493.214599609375
2572.099853515625
2663.703125
2764.167236328125
2873.7099609375
2994.144775390625
3127.43603515625
3273.3291015625
140.415771484375
136.00318908691406
134.43634033203125
133.25192260742188
132.24609375
131.62213134765625
2662.837890625
3322.764404296875
3639.439208984375
3865.899658203125
4058.661865234375
4242.1064453125
4430.41162109375
4629.38720703125
4840.8232421875
5064.052734375
5300.28515625
5556.171875
5716.62109375
5863.39892578125
6177.99072265625
6485.31201171875
6788.8037109375
7094.83056640625
7396.74462890625
7707.90283203125
8020.951171875
8325.40625
8309.921875
8237.7890625
8188.14990234375
8146.52294921875
8126.8828125
8103.5283203125
8056.05224609375
7998.56689453125
7933.498046875
7862.69482421875
7784.38525390625
7696.1279296875
7597.623046875
7489.01318359375
7371.2841796875
7247.4306640625
7116.28271484375
6969.00439453125
6815.75830078125
6655.7431640625
6492.54150390625
6327.53515625
6162.361328125
5998.5927734375
5836.4599609375
5676.841796875
5519.64306640625
5364.4892578125
5210.6357421875
5059.498046875
4911.56640625
4767.02392578125
4625.52099609375
4486.27783203125
