2085.03564453125
2064.449462890625
2031.911376953125
2006.64111328125
1998.8919677734375
2044.216796875
2066.02783203125
2068.142333984375
2062.8046875
2065.939697265625
2069.7939453125
2073.510986328125
2081.0166015625
2088.041748046875
2093.798095703125
2097.974609375
2105.62744140625
2122.170654296875
2136.966796875
2147.182373046875
2156.255859375
2171.125732421875
2189.3203125
2209.126708984375
2230.356201171875
2257.74609375
2290.718017578125
2324.0947265625
2357.943603515625
2402.739013671875
2453.9541015625
2508.780029296875
123.35235595703125
125.27809143066406
126.18181610107422
126.60033416748047
126.87332916259766
127.05059814453125
1836.062744140625
2211.103271484375
2489.202880859375
2737.159423828125
2951.136962890625
3135.696533203125
3300.4892578125
3456.11767578125
3615.513671875
3776.046630859375
3941.488525390625
4110.3251953125
4278.0
4447.04345703125
4618.0185546875
4789.84130859375
4960.99658203125
5131.76318359375
5306.55859375
5494.3642578125
5702.36181640625
5879.888671875
6032.32861328125
6196.42724609375
6369.02978515625
6533.40283203125
6712.8369140625
6890.04833984375
6977.93603515625
7079.24462890625
7246.189453125
7385.55810546875
7505.31982421875
7632.32470703125
7748.0
7829.556640625
7926.24658203125
8040.49072265625
8163.1630859375
8279.7490234375
8378.0322265625
8234.125
7801.55908203125
7457.9951171875
7150.63720703125
6879.04833984375
6640.748046875
6410.66845703125
6159.6279296875
5900.99462890625
5634.9677734375
5360.134765625
5072.9287109375
4781.7587890625
