2085.0029296875
2062.704833984375
2027.7689208984375
1994.3294677734375
2062.71630859375
2095.783447265625
2093.086669921875
2091.50927734375
2118.758056640625
2137.165771484375
2142.46142578125
2140.38232421875
2141.612060546875
2166.141357421875
2179.7919921875
2190.1953125
2196.181884765625
2202.414794921875
2209.8017578125
2223.322509765625
2240.480224609375
2255.001953125
2271.128173828125
2297.49169921875
2331.36083984375
2366.70849609375
2411.619384765625
2466.608642578125
2534.47607421875
2612.9921875
2660.925537109375
2705.522216796875
93.5256118774414
105.50563049316406
100.56317901611328
100.3651351928711
100.40277862548828
100.5582046508789
1562.646728515625
1583.4393310546875
2017.2578125
3152.474609375
3738.26171875
3872.412353515625
3861.403076171875
3817.8974609375
3808.330078125
3843.750244140625
3899.688232421875
3980.07763671875
4036.8583984375
4078.87548828125
4002.768798828125
3871.369384765625
3806.097900390625
3784.757080078125
3785.539306640625
3796.70068359375
3811.2548828125
3827.396240234375
3847.81689453125
3874.524169921875
3909.8134765625
3951.168212890625
3974.53564453125
3996.61181640625
4038.74462890625
4078.549560546875
4108.39501953125
4129.85791015625
4145.8251953125
4160.556640625
4176.5517578125
4193.77587890625
4211.33056640625
4227.63330078125
4242.33642578125
4257.04736328125
4270.783203125
4281.7685546875
4287.251953125
4285.68505859375
4276.6396484375
4260.419921875
4238.017578125
4209.83251953125
4176.08056640625
4138.02197265625
4096.1650390625
4051.347412109375
4004.40673828125
3955.855224609375
3905.822998046875
3854.35791015625
