2068.182861328125
2037.7784423828125
2008.83935546875
2041.5906982421875
2032.5302734375
2029.408203125
2045.33740234375
2083.292236328125
2091.097412109375
2098.142333984375
2111.559326171875
2134.518310546875
2160.2763671875
2188.625244140625
2230.21142578125
2271.063232421875
2303.195556640625
2334.447265625
2367.346923828125
2408.37109375
2459.498779296875
2528.501220703125
2615.354736328125
2714.666015625
2824.75048828125
2944.3447265625
3073.140625
3211.335205078125
3359.697265625
3517.53955078125
3682.834228515625
3854.348876953125
160.5124053955078
164.15980529785156
164.22491455078125
160.6841583251953
155.75677490234375
150.83941650390625
3175.353271484375
3620.188232421875
3934.3896484375
4180.44140625
4398.57568359375
4609.14306640625
4823.0634765625
5045.06396484375
5277.5830078125
5528.3095703125
5790.9091796875
6076.88525390625
6382.0771484375
6714.9609375
7064.84375
7393.185546875
7711.896484375
8016.00390625
8308.0498046875
8585.8623046875
8849.8984375
9081.37109375
9283.037109375
9458.1689453125
9611.419921875
9741.5498046875
9850.322265625
9941.64453125
10017.748046875
10081.6064453125
9830.4814453125
9466.7138671875
9127.712890625
8803.751953125
8490.62890625
8186.98779296875
7892.5615234375
7608.51220703125
7334.97900390625
7071.6220703125
6816.52099609375
6567.10400390625
6320.47412109375
6078.083984375
5842.7265625
5615.2373046875
5394.62548828125
5189.23388671875
5003.6650390625
4829.056640625
4664.93896484375
4510.6171875
4365.4560546875
4228.35986328125
