2067.570068359375
2033.96875
1994.915771484375
2105.632568359375
2094.15625
2145.4072265625
2184.769775390625
2198.7294921875
2197.206787109375
2208.443115234375
2218.53955078125
2226.05517578125
2228.970458984375
2227.222412109375
2229.03515625
2231.80810546875
2236.2392578125
2242.095947265625
2248.2158203125
2254.482177734375
2263.784912109375
2276.319091796875
2295.936279296875
2325.69189453125
2376.1171875
2447.43359375
2533.127197265625
2632.671875
2746.05712890625
2872.31298828125
3010.361083984375
3159.230224609375
136.48220825195312
137.70135498046875
137.68243408203125
137.0924530029297
136.4733123779297
135.81771850585938
2668.7216796875
3182.76416015625
3495.88427734375
3721.948486328125
3906.2890625
4075.078857421875
4241.52880859375
4412.23388671875
4590.17236328125
4774.6953125
4965.04443359375
5158.00634765625
5350.55029296875
5547.3076171875
5772.50244140625
6012.5888671875
6225.806640625
6438.99267578125
6649.123046875
6864.85888671875
7096.8984375
7332.8623046875
7573.2646484375
7812.64013671875
7719.990234375
7630.349609375
7555.642578125
7481.83203125
7404.44677734375
7319.5126953125
7226.98876953125
7128.73486328125
7023.392578125
6912.75537109375
6799.146484375
6675.40234375
6540.15673828125
6395.60595703125
6245.0791015625
6090.07421875
5931.85888671875
5769.740234375
5604.1328125
5434.1689453125
5258.20654296875
5077.89306640625
4898.1689453125
4723.15966796875
4556.56298828125
4402.978515625
4253.75341796875
4106.865234375
3958.518310546875
3805.98681640625
