2085.0
2065.656982421875
2032.4576416015625
2006.3094482421875
2054.148193359375
2074.938720703125
2086.50390625
2079.5244140625
2074.89208984375
2077.0478515625
2082.919189453125
2086.831298828125
2099.431884765625
2043.867919921875
1996.765625
1962.303466796875
1929.898193359375
1903.9854736328125
1884.40380859375
1864.11962890625
1844.76025390625
1823.6907958984375
1802.6490478515625
1785.297607421875
1768.3072509765625
1749.513427734375
1732.46337890625
1716.4559326171875
1703.2921142578125
1690.5091552734375
1677.95361328125
1669.3770751953125
117.16928100585938
117.95628356933594
118.4894027709961
118.87494659423828
119.22625732421875
119.54776000976562
1689.386474609375
1590.7911376953125
1663.5069580078125
1690.438720703125
1701.9827880859375
1718.18994140625
1733.1070556640625
1746.25537109375
1760.04638671875
1773.42822265625
1832.31884765625
1902.937255859375
1976.16162109375
2013.594482421875
2048.8466796875
2113.81982421875
2171.943115234375
2220.07861328125
2259.650634765625
2295.433349609375
2329.79931640625
2362.85498046875
2393.873291015625
2421.451416015625
2445.56689453125
2467.539306640625
2488.494140625
2495.802978515625
2508.50341796875
2526.857666015625
2543.677490234375
2557.5751953125
2567.5107421875
2573.029052734375
2574.4150390625
2572.322021484375
2567.55224609375
2560.974365234375
2552.559326171875
2542.749755859375
2531.689453125
2519.542724609375
2506.03271484375
2491.35302734375
2475.509033203125
2457.906982421875
2438.71923828125
2417.82470703125
2395.23779296875
2371.0869140625
2345.52685546875
2318.67431640625
2290.7236328125
2261.947509765625
2232.583740234375
2202.831787109375
