2085.031005859375
2064.635986328125
2037.0584716796875
2012.90478515625
1995.1484375
2013.8804931640625
2055.359130859375
2068.01708984375
2068.142578125
2064.10205078125
2087.571044921875
2122.7626953125
2149.287353515625
2175.027099609375
2209.30224609375
2243.72119140625
2275.919921875
2306.0185546875
2335.56103515625
2365.354248046875
2396.044189453125
2438.752685546875
2485.272705078125
2555.09423828125
2636.33642578125
2724.989501953125
2822.741943359375
2933.836669921875
3056.01416015625
3185.653564453125
3319.330810546875
3457.54296875
144.50596618652344
140.213134765625
140.68702697753906
140.5716552734375
138.7444305419922
135.62208557128906
2796.33837890625
3055.87841796875
3288.14013671875
3513.013427734375
3730.16455078125
3937.70166015625
4138.90673828125
4334.4228515625
4523.25634765625
4709.56103515625
4894.34423828125
5075.68701171875
5248.4072265625
5408.1044921875
5571.29833984375
5754.8388671875
5930.783203125
6113.5712890625
6288.22802734375
6427.4609375
6535.26318359375
6649.1611328125
6766.76123046875
6882.873046875
7013.3173828125
7126.6953125
7219.02783203125
7325.43896484375
7453.9306640625
7619.00439453125
7823.47021484375
8089.80810546875
8277.4912109375
8384.1572265625
8578.97265625
8574.9580078125
8596.576171875
8612.4833984375
8575.4189453125
8586.630859375
8268.236328125
7567.17431640625
6916.23486328125
6433.6201171875
6063.5927734375
5784.81494140625
5518.0263671875
5259.71484375
5001.74609375
4750.5966796875
4500.16943359375
4255.033203125
4022.807373046875
3795.4921875
