2033.940673828125
1861.0640869140625
1787.055908203125
1594.57373046875
1482.7672119140625
1419.171142578125
1398.2833251953125
1388.967041015625
1375.49365234375
1361.693603515625
1349.4190673828125
1336.4339599609375
1323.160400390625
1314.7352294921875
1309.3299560546875
1303.9747314453125
1298.5716552734375
1294.4913330078125
1295.290283203125
1298.9564208984375
1304.883544921875
1313.7706298828125
1328.4588623046875
1350.2117919921875
1378.881591796875
1413.3360595703125
1452.075439453125
1493.89404296875
1538.379638671875
1587.8497314453125
1639.656005859375
1690.8714599609375
124.40787506103516
121.776611328125
122.32231903076172
123.40583038330078
127.99019622802734
132.7893829345703
1947.80419921875
2059.299560546875
2051.954345703125
2061.384521484375
2083.835205078125
2113.40283203125
2147.1552734375
2183.418701171875
2220.7314453125
2258.744140625
2302.257080078125
2374.31982421875
2452.511474609375
2525.749267578125
2604.772216796875
2679.679443359375
2746.1826171875
2802.9921875
2851.354248046875
2891.75
2923.9453125
2948.01953125
2963.837646484375
2971.613525390625
2971.877197265625
2965.728759765625
2953.49755859375
2935.5068359375
2912.57470703125
2885.803466796875
2855.63720703125
2821.8115234375
2784.56884765625
2744.262451171875
2701.255615234375
2654.993896484375
2606.295166015625
2555.584716796875
2502.73046875
2448.583984375
2393.35546875
2337.447509765625
2309.350341796875
2281.19970703125
2225.15478515625
2168.917236328125
2112.077392578125
2056.195556640625
2001.243896484375
1947.5301513671875
1894.5213623046875
1842.4891357421875
1791.595458984375
1741.8519287109375
1693.5181884765625
