1796.1885986328125
1345.475341796875
1095.332275390625
968.7756958007812
808.2174682617188
774.473876953125
749.5066528320312
725.6869506835938
702.2869262695312
683.6266479492188
675.73486328125
666.54833984375
656.8613891601562
650.3695068359375
643.7379150390625
635.0680541992188
624.9452514648438
613.8701782226562
601.9015502929688
589.5988159179688
576.8512573242188
563.4910888671875
549.3936767578125
534.7009887695312
519.5863037109375
504.3076171875
491.9954833984375
480.1592712402344
469.7416687011719
459.2351989746094
448.927490234375
438.6468200683594
428.1297607421875
120.55567169189453
121.68037414550781
122.7598648071289
123.26172637939453
123.41462707519531
123.60013580322266
123.79930114746094
448.4010925292969
380.6406555175781
429.0654296875
441.9826354980469
427.9407043457031
406.6280822753906
385.28436279296875
371.2962951660156
364.42474365234375
362.8025817871094
367.86346435546875
381.4949645996094
402.7848205566406
430.90765380859375
458.3238525390625
487.3302001953125
523.7892456054688
559.6236572265625
595.0391845703125
629.3440551757812
660.4942626953125
687.2811279296875
710.287109375
729.9000854492188
746.516357421875
760.6566772460938
772.7203979492188
782.8510131835938
791.2728881835938
798.00830078125
803.6771240234375
807.9515991210938
810.7070922851562
811.89990234375
811.5643310546875
809.7728271484375
806.5616455078125
802.0099487304688
796.2003173828125
789.3214111328125
781.4691162109375
772.7210083007812
763.4444580078125
753.5086059570312
743.0802612304688
732.3094482421875
721.3012084960938
710.13720703125
698.9190063476562
687.6820068359375
676.5526733398438
665.4776611328125
654.48388671875
643.5817260742188
