1996.9796142578125
3081.99169921875
4023.224609375
4819.10205078125
4278.28857421875
3462.04443359375
2846.433837890625
2131.3232421875
1742.6746826171875
1516.9818115234375
1394.117919921875
1316.025634765625
1266.62158203125
1233.9632568359375
1207.5667724609375
1192.57568359375
1176.3021240234375
1159.69091796875
1143.662109375
1127.90234375
1112.370361328125
1097.1646728515625
1082.18359375
1067.2266845703125
1052.267333984375
1037.765380859375
1023.8280639648438
1010.5193481445312
997.680908203125
984.9324951171875
972.1423950195312
959.3353881835938
946.5642700195312
935.20068359375
923.6608276367188
89.30156707763672
84.32881927490234
78.04431915283203
76.13751220703125
75.52079772949219
75.01853942871094
1059.9312744140625
1544.6456298828125
1450.8878173828125
1235.9737548828125
1023.37744140625
969.1268310546875
976.1995849609375
954.7550048828125
920.0657348632812
894.2489624023438
887.34130859375
880.338623046875
861.78076171875
842.3844604492188
823.7269897460938
805.9492797851562
788.476318359375
775.2722778320312
762.9212036132812
748.2178344726562
733.6361694335938
721.9356689453125
714.2638549804688
708.156982421875
701.2586669921875
694.6378784179688
690.5516357421875
688.6720581054688
689.1790161132812
691.2635498046875
693.7186279296875
695.7122192382812
700.1240844726562
705.772705078125
712.5416870117188
720.03271484375
727.0162353515625
732.4286499023438
736.8011474609375
740.363525390625
743.6195068359375
746.4679565429688
749.3881225585938
753.2549438476562
758.2079467773438
763.9310913085938
770.0899658203125
774.7142944335938
777.3042602539062
782.2852783203125
788.713134765625
794.9426879882812
800.9819946289062
806.7534790039062
812.0280151367188
816.7771606445312
821.084228515625
824.8855590820312
828.2379760742188
