2035.8934326171875
2003.675537109375
2658.194580078125
2854.95166015625
2990.59912109375
3053.8642578125
3036.059814453125
2916.430908203125
2815.891845703125
2694.533447265625
2556.06640625
2426.24755859375
2323.76513671875
2252.08984375
2206.40380859375
2182.183837890625
2180.095458984375
2182.011962890625
2185.71044921875
2191.42041015625
2195.18359375
2195.115234375
2195.45263671875
2195.2197265625
2195.462158203125
2199.58203125
2207.58056640625
2220.462158203125
2239.128662109375
2264.614990234375
2301.168212890625
2347.001708984375
2397.91796875
2450.02783203125
2500.99072265625
141.56988525390625
123.48482513427734
108.21971130371094
98.26606750488281
95.57000732421875
95.44075012207031
1500.578857421875
1507.2403564453125
1520.5667724609375
1692.97998046875
1954.1593017578125
2508.691162109375
2792.644287109375
2914.462646484375
2985.51123046875
3053.410888671875
3089.03369140625
3125.23876953125
3196.912353515625
3268.477294921875
3341.74462890625
3415.5966796875
3488.991943359375
3560.925537109375
3629.56201171875
3693.39599609375
3751.402099609375
3803.953369140625
3852.2060546875
3897.493896484375
3941.085693359375
3923.94482421875
3879.095458984375
3854.03076171875
3836.846435546875
3823.008056640625
3811.044921875
3800.345458984375
3789.902587890625
3780.790771484375
3772.939697265625
3765.23486328125
3758.63623046875
3752.499267578125
3746.1875
3740.1552734375
3734.06396484375
3727.79443359375
3721.337890625
3714.749267578125
3708.31787109375
3701.405029296875
3694.651611328125
3688.83642578125
3685.631103515625
3673.49853515625
3662.9130859375
3653.359130859375
3643.82958984375
3633.985595703125
3623.14892578125
3611.03857421875
3597.38916015625
3581.952392578125
3565.103515625
