2021.8936767578125
2043.295166015625
2048.311767578125
2076.537841796875
2083.229248046875
2122.14794921875
2172.37939453125
2205.896484375
2230.8076171875
2248.80615234375
2265.95703125
2303.959228515625
2358.490478515625
2427.110107421875
2530.06201171875
2665.24853515625
2823.56591796875
3000.145751953125
3192.997314453125
3400.761962890625
3623.369873046875
3860.456787109375
4111.3310546875
4375.8974609375
4651.228515625
4937.48388671875
5238.5078125
5555.56689453125
5887.9189453125
6240.94921875
6630.64306640625
7089.8955078125
7590.08984375
310.09539794921875
309.41949462890625
302.5607604980469
299.3172607421875
305.4052734375
315.17889404296875
326.4208679199219
8172.8466796875
9128.6669921875
9679.6767578125
10242.642578125
10148.6513671875
10133.1103515625
10135.080078125
10131.384765625
10110.8779296875
10071.2294921875
10009.275390625
9926.74609375
9829.591796875
9713.697265625
9579.05078125
9427.9072265625
9266.8515625
9098.0791015625
8923.373046875
8743.4287109375
8559.0947265625
8371.71484375
8181.74072265625
7988.75146484375
7794.033203125
7598.724609375
7404.6591796875
7211.6552734375
7018.44677734375
6825.8486328125
6636.7978515625
6451.15576171875
6268.69384765625
6089.61474609375
5914.3212890625
5743.30859375
5573.96728515625
5409.12255859375
5251.806640625
5099.0009765625
4950.79150390625
4806.9814453125
4667.7607421875
4532.61328125
4401.4130859375
4273.94970703125
4151.2529296875
4033.92333984375
3920.909423828125
3811.775634765625
3706.5595703125
3604.97021484375
3507.095458984375
3412.944580078125
3321.98974609375
