2063.874267578125
2034.13330078125
2009.512939453125
1999.3575439453125
2041.960693359375
2050.3134765625
2068.153076171875
2090.0595703125
2114.984619140625
2144.485595703125
2176.634765625
2212.925537109375
2251.82275390625
2294.204833984375
2334.479248046875
2382.506103515625
2456.807373046875
2562.78662109375
2712.263916015625
2905.62109375
3135.661376953125
3392.121337890625
3667.83447265625
3966.667236328125
4285.5322265625
4623.9599609375
4987.748046875
5370.08447265625
5764.986328125
6184.37451171875
6628.3935546875
7087.7333984375
7581.15234375
304.2189025878906
324.83477783203125
335.49261474609375
353.4623718261719
376.5413818359375
403.40936279296875
427.1726989746094
9299.943359375
9640.7646484375
9834.283203125
9996.591796875
10229.775390625
10587.33984375
11063.2001953125
11632.8427734375
12265.4013671875
12936.9765625
13633.5830078125
14346.1611328125
15067.896484375
15789.5693359375
16502.630859375
17202.296875
17879.251953125
18543.162109375
19187.896484375
19843.41015625
20451.431640625
21061.494140625
21626.392578125
21550.466796875
20740.728515625
20096.1328125
19503.17578125
18933.25
18385.765625
17853.578125
17336.7734375
16830.767578125
16334.751953125
15848.7626953125
15373.9873046875
14909.1416015625
14452.9326171875
14005.6123046875
13567.9267578125
13140.74609375
12724.4462890625
12318.734375
11923.7314453125
11540.0107421875
11167.4482421875
10805.787109375
10454.9287109375
10115.9541015625
9788.125
9471.1552734375
9164.2001953125
8866.71484375
8578.03515625
8296.9521484375
