2055.230224609375
2015.4317626953125
2039.7894287109375
2145.3271484375
2184.666748046875
2184.981201171875
2168.2421875
2184.681396484375
2194.42041015625
2195.77099609375
2206.293212890625
2210.98779296875
2213.445556640625
2218.552734375
2237.650390625
2263.97021484375
2307.577880859375
2362.16162109375
2419.91162109375
2481.515380859375
2553.32275390625
2652.53466796875
2783.078369140625
2940.466796875
3119.542236328125
3313.575927734375
3516.7421875
3729.36474609375
3952.288330078125
4186.94775390625
4431.2822265625
4690.2705078125
4961.201171875
152.1301727294922
153.72325134277344
160.71156311035156
175.67391967773438
186.59512329101562
193.30197143554688
198.80303955078125
5217.26123046875
5791.79052734375
6036.3115234375
6186.67236328125
6355.736328125
6567.775390625
6818.60009765625
7118.849609375
7155.7861328125
7148.10498046875
7166.31787109375
7194.0380859375
7218.8427734375
7228.3017578125
7216.64208984375
7187.09814453125
7141.7197265625
7078.82568359375
6988.4091796875
6874.4638671875
6747.6650390625
6609.0205078125
6459.69873046875
6301.28076171875
6135.9541015625
5967.00341796875
5796.26953125
5624.17578125
5450.84375
5277.2216796875
5105.11767578125
4935.357421875
4768.5556640625
4605.47265625
4446.04541015625
4290.6455078125
4139.46923828125
3992.55908203125
3849.90576171875
3711.466552734375
3576.8828125
3446.162353515625
3319.433349609375
3196.997314453125
3078.9912109375
2964.975341796875
2854.54052734375
2747.7275390625
2644.58984375
2545.309814453125
2451.39013671875
2361.669189453125
2275.207275390625
2192.822021484375
