1682.7294921875
1497.71826171875
1510.805419921875
1405.493408203125
1310.30078125
1276.7645263671875
1234.4476318359375
1211.71240234375
1197.4158935546875
1192.2135009765625
1194.9857177734375
1190.9610595703125
1177.3819580078125
1156.9730224609375
1137.810791015625
1120.69482421875
1104.941162109375
1089.634765625
1072.63671875
1054.61279296875
1038.21435546875
1024.6981201171875
1012.0462646484375
1000.3079833984375
989.7977905273438
980.3794555664062
971.9303588867188
965.0963134765625
961.9815673828125
965.0242919921875
974.511962890625
989.4275512695312
1008.5038452148438
1030.9248046875
1056.0660400390625
1083.3404541015625
1112.48779296875
130.8628387451172
136.0118865966797
138.0725860595703
139.08323669433594
139.75729370117188
140.29774475097656
1243.1676025390625
1322.2127685546875
1341.706787109375
1365.5628662109375
1387.8062744140625
1407.8748779296875
1426.6683349609375
1444.89404296875
1462.3065185546875
1479.75927734375
1497.7371826171875
1516.4970703125
1536.088623046875
1556.4140625
1577.236328125
1598.2685546875
1619.462158203125
1646.5081787109375
1688.1025390625
1733.0697021484375
1777.0345458984375
1820.9521484375
1864.9969482421875
1904.767578125
1939.8887939453125
1973.4647216796875
2004.1514892578125
2031.8983154296875
2057.090576171875
2080.18505859375
2101.249267578125
2120.572509765625
2138.322509765625
2154.71533203125
2170.00341796875
2184.78271484375
2197.738525390625
2208.758056640625
2218.188720703125
2226.135986328125
2232.583740234375
2237.737548828125
2241.611083984375
2244.235107421875
2245.603759765625
2245.867919921875
2244.86865234375
2242.652099609375
2239.213134765625
2234.583740234375
2228.813720703125
2221.952880859375
2214.0615234375
2205.204833984375
