2018.353759765625
2218.110595703125
2576.29736328125
2729.382568359375
2964.410888671875
3055.705810546875
3210.7744140625
3311.506103515625
3378.927734375
3385.37060546875
3262.056640625
3051.227294921875
2825.803955078125
2619.0751953125
2452.96826171875
2334.669921875
2259.329345703125
2215.4306640625
2195.53662109375
2190.807373046875
2198.09130859375
2209.596923828125
2216.619384765625
2217.34423828125
2222.0751953125
2233.641357421875
2249.815185546875
2269.29736328125
2292.920166015625
2323.397705078125
2363.373779296875
2410.18896484375
2461.0576171875
2513.7490234375
2567.97216796875
2625.1083984375
2685.871337890625
106.93783569335938
94.79137420654297
90.85566711425781
89.9485855102539
90.69462585449219
91.52063751220703
1424.04638671875
1797.2015380859375
2162.91064453125
2683.127197265625
3080.3271484375
3196.509033203125
3126.390625
3075.05810546875
3042.964111328125
3024.774169921875
3016.287841796875
3013.912109375
3014.966552734375
3017.65625
3020.59033203125
3022.735595703125
3023.513671875
3022.56982421875
3019.713623046875
3014.853759765625
3007.933349609375
2998.780517578125
2987.23583984375
2973.2978515625
2957.685302734375
2941.398681640625
2925.4921875
2910.534912109375
2896.665283203125
2883.615966796875
2870.859375
2857.897705078125
2844.500732421875
2830.587646484375
2816.142578125
2801.554443359375
2787.383056640625
2773.789306640625
2760.722900390625
2748.06640625
2735.45068359375
2722.39892578125
2712.921142578125
2702.09814453125
2690.98974609375
2678.8779296875
2665.937255859375
2653.12939453125
2640.494140625
2627.791015625
2614.964111328125
2602.259765625
2590.095947265625
2579.16015625
