2081.4521484375
2055.4267578125
2022.183837890625
2016.415771484375
2058.931640625
2073.23486328125
2069.1416015625
2067.00927734375
2077.8427734375
2091.57568359375
2128.7734375
2144.62158203125
2151.27978515625
2158.474853515625
2180.4453125
2205.684326171875
2225.466064453125
2239.069091796875
2246.835693359375
2257.076416015625
2269.13623046875
2283.395751953125
2299.825439453125
2314.65625
2330.219482421875
2346.560546875
2366.4287109375
2392.097900390625
2427.7978515625
2477.189208984375
2545.68798828125
2622.61962890625
129.29660034179688
127.54353332519531
126.20346069335938
125.67583465576172
125.80142974853516
126.16177368164062
1866.603759765625
2069.05126953125
2322.946044921875
2619.5009765625
2881.242919921875
3118.226806640625
3330.885009765625
3525.296630859375
3710.626220703125
3885.024658203125
4053.765380859375
4216.9912109375
4374.39306640625
4527.67626953125
4676.7724609375
4827.08349609375
4989.072265625
5165.23828125
5347.5439453125
5553.6796875
5775.61865234375
5975.3955078125
6214.099609375
6463.791015625
6732.57568359375
6933.29931640625
7130.08203125
7312.8564453125
7437.5126953125
7549.3115234375
7646.06201171875
7740.77099609375
7842.4453125
7955.015625
7780.88330078125
7258.0185546875
6891.93798828125
6583.60546875
6305.60888671875
6047.412109375
5796.830078125
5557.71630859375
5344.51806640625
5118.177734375
4889.7919921875
4619.5458984375
4406.61669921875
4273.267578125
4156.00341796875
4041.73681640625
3930.76953125
3819.970703125
3708.373779296875
3593.60888671875
