2061.647216796875
2027.7921142578125
2017.68505859375
2029.0426025390625
2052.1396484375
2086.27734375
2098.93505859375
2110.076171875
2120.49169921875
2135.825927734375
2160.179443359375
2196.857177734375
2232.225830078125
2264.81201171875
2299.177978515625
2342.158447265625
2403.465576171875
2484.4169921875
2587.09912109375
2708.526123046875
2846.9736328125
3000.562744140625
3168.937744140625
3352.635498046875
3550.8720703125
3762.75244140625
3986.793701171875
4224.6708984375
4478.78076171875
4741.97021484375
5021.0361328125
5326.587890625
216.52691650390625
189.30160522460938
179.6765594482422
176.54774475097656
176.11241149902344
179.6660614013672
5091.17919921875
5480.1328125
5610.5849609375
5750.6328125
5916.248046875
6127.9423828125
6383.34326171875
6676.16162109375
6999.8564453125
7345.62109375
7707.57080078125
8077.87060546875
8457.126953125
8829.99609375
9192.80859375
9535.482421875
9851.4697265625
10140.1787109375
10258.685546875
9878.46484375
9526.412109375
9183.728515625
8833.7001953125
8471.2177734375
8115.29248046875
7763.1318359375
7418.37158203125
7080.79638671875
6750.5537109375
6429.12841796875
6116.7763671875
5812.9677734375
5540.08447265625
5302.7783203125
5084.1455078125
4878.16064453125
4682.66650390625
4496.6748046875
4319.71240234375
4151.380859375
3991.410400390625
3839.131591796875
3693.796630859375
3554.581298828125
3421.30517578125
3296.529052734375
3179.607666015625
3068.216064453125
2962.572265625
2862.68359375
2768.068115234375
2677.80859375
2589.096435546875
2502.26416015625
2418.66064453125
