2055.5791015625
2020.503662109375
2093.51806640625
2154.442138671875
2149.760498046875
2240.427978515625
2366.3388671875
2362.95068359375
2330.8212890625
2313.248779296875
2284.34423828125
2252.3798828125
2225.201171875
2206.8203125
2197.03515625
2192.241455078125
2189.139892578125
2185.743408203125
2181.95849609375
2179.461669921875
2181.449951171875
2182.9873046875
2183.843994140625
2186.648681640625
2198.467041015625
2214.912353515625
2235.22802734375
2276.184326171875
2337.312255859375
2409.495849609375
2489.276123046875
2578.76611328125
2678.529296875
2786.025146484375
137.0175018310547
132.65237426757812
127.08831024169922
122.50068664550781
121.29170989990234
121.11148071289062
2085.774169921875
2660.2353515625
2986.169189453125
3193.866943359375
3330.90576171875
3432.15185546875
3476.822509765625
3519.00146484375
3603.33251953125
3689.739990234375
3778.310791015625
3869.095947265625
3961.691162109375
4054.26806640625
4144.376953125
4231.37841796875
4314.40478515625
4392.0576171875
4462.19580078125
4526.01220703125
4584.7841796875
4638.58154296875
4688.21435546875
4734.66650390625
4779.51806640625
4832.39599609375
4881.853515625
4899.72998046875
4833.89892578125
4776.21533203125
4724.3876953125
4675.46044921875
4626.40478515625
4575.92529296875
4524.68212890625
4472.7001953125
4420.080078125
4367.275390625
4313.748046875
4256.89599609375
4215.2998046875
4193.62744140625
4125.08935546875
4054.50048828125
3981.826171875
3914.946044921875
3852.604248046875
3782.646728515625
3715.387939453125
3650.029541015625
3584.833984375
3515.931640625
3448.69189453125
3386.864990234375
3327.0322265625
3264.237060546875
