363.1636962890625
325.71063232421875
307.6983642578125
303.03900146484375
296.4182434082031
292.95501708984375
288.41204833984375
280.5281982421875
273.96197509765625
268.1435852050781
262.7776794433594
263.15643310546875
263.0342712402344
262.07122802734375
260.4172668457031
258.1304016113281
257.7596130371094
256.3509826660156
254.89926147460938
252.73641967773438
250.487060546875
248.43531799316406
249.84640502929688
256.3122253417969
264.8488464355469
274.5096740722656
284.6654357910156
294.9713439941406
305.4339599609375
316.0718994140625
326.7062683105469
337.3077087402344
347.7832336425781
358.1781921386719
368.2703552246094
300.8578796386719
319.8301696777344
336.81878662109375
352.8398132324219
367.7102355957031
381.5113220214844
439.06024169921875
440.4800720214844
442.6353759765625
446.6133117675781
454.0411071777344
460.9654846191406
467.55023193359375
474.0848083496094
477.3301086425781
480.57958984375
487.0455627441406
493.4648742675781
502.7705078125
511.3341979980469
519.7581176757812
528.1177368164062
537.7996826171875
547.575927734375
556.7911987304688
565.5946655273438
573.9198608398438
581.8650512695312
586.0050048828125
590.2611694335938
599.01220703125
607.522216796875
615.5626220703125
623.1389770507812
630.158935546875
638.2503662109375
645.5944213867188
652.189697265625
658.1209716796875
663.449462890625
668.4061279296875
672.9833984375
677.0797119140625
680.6986694335938
683.865234375
686.6104125976562
689.0044555664062
691.1070556640625
692.1296997070312
693.218505859375
695.1749877929688
696.8169555664062
698.1366577148438
699.1617431640625
699.8616333007812
700.247802734375
700.3487548828125
700.1801147460938
699.7549438476562
699.0921630859375
698.2135620117188
697.1433715820312
695.9183349609375
694.5755615234375
693.0802612304688
