2085.0
2059.11767578125
2026.89697265625
2032.5535888671875
2021.36962890625
2018.1561279296875
2043.6129150390625
2051.382568359375
2065.783203125
2072.031005859375
2078.362060546875
2092.78564453125
2112.5869140625
2143.759521484375
2170.56298828125
2193.87841796875
2215.12353515625
2238.9189453125
2274.919677734375
2325.8037109375
2389.87744140625
2473.931884765625
2572.510986328125
2680.995849609375
2798.157470703125
2925.46044921875
3062.523193359375
3209.05078125
3362.041748046875
3519.04736328125
3679.29736328125
3841.93505859375
4006.599853515625
187.6739959716797
174.91464233398438
167.09861755371094
160.385009765625
156.32220458984375
153.43701171875
151.4094696044922
3459.72998046875
3784.089111328125
3988.620849609375
4181.47900390625
4387.0498046875
4606.19189453125
4843.2158203125
5111.38720703125
5406.74072265625
5724.91943359375
6063.4091796875
6424.3271484375
6778.3154296875
7119.2294921875
7431.6748046875
7699.91259765625
7933.01416015625
8128.810546875
8281.708984375
8410.90234375
8508.8359375
8575.61328125
8613.1923828125
8630.8896484375
8626.70703125
8605.6240234375
8575.1904296875
8541.55859375
8280.26171875
7912.59765625
7578.8388671875
7265.3583984375
6966.951171875
6690.66796875
6435.31396484375
6195.73974609375
5964.02783203125
5740.11181640625
5530.3134765625
5336.9541015625
5157.06982421875
4988.13232421875
4823.7236328125
4655.24365234375
4488.685546875
4328.56298828125
4181.09326171875
4048.6318359375
3925.5244140625
3800.4345703125
3680.749755859375
3563.320556640625
3445.302001953125
3330.00830078125
