2076.6865234375
2050.1953125
2028.7491455078125
2028.9827880859375
2028.136474609375
2024.2388916015625
2048.138916015625
2076.394775390625
2084.099609375
2090.682861328125
2098.24609375
2112.646484375
2143.49169921875
2171.482666015625
2185.843505859375
2204.5498046875
2227.1123046875
2237.69921875
2238.056640625
2235.513671875
2233.189697265625
2230.968505859375
2229.282470703125
2232.044677734375
2238.649169921875
2247.21435546875
2246.41943359375
2245.442626953125
2244.586181640625
2241.115966796875
2238.472412109375
2239.222900390625
2243.863525390625
2250.97021484375
2262.1005859375
2277.443115234375
2303.86572265625
125.4701156616211
127.05882263183594
127.73062896728516
128.14488220214844
127.3278579711914
126.22026062011719
1843.6239013671875
1876.3958740234375
1938.7685546875
1965.9627685546875
2008.9940185546875
2069.88232421875
2216.331787109375
2422.29296875
2593.67578125
2734.823974609375
2842.75390625
2920.60107421875
2982.55078125
3039.274169921875
3092.626708984375
3144.018310546875
3193.275390625
3240.185302734375
3294.82177734375
3365.158447265625
3437.89501953125
3502.957275390625
3564.009521484375
3634.10009765625
3702.605712890625
3788.778076171875
3868.90771484375
3929.08203125
3991.770751953125
4017.673583984375
4021.76220703125
4030.190673828125
4037.9482421875
4040.24365234375
4047.1435546875
4088.556396484375
4150.7080078125
4201.01416015625
4207.65087890625
4204.279296875
4292.47265625
4474.25439453125
4767.271484375
5059.7822265625
4145.03564453125
3653.948974609375
3521.5625
3313.757080078125
3145.779296875
3005.155517578125
2897.22314453125
2799.4462890625
2712.26220703125
2640.819091796875
2577.078125
2514.355224609375
2446.67578125
2373.744873046875
