2063.2373046875
2029.061279296875
2000.198486328125
2079.697998046875
2105.04296875
2142.822998046875
2198.3916015625
2209.264892578125
2217.13037109375
2230.217529296875
2239.064208984375
2239.337158203125
2242.110595703125
2244.9501953125
2250.530029296875
2257.185791015625
2265.927490234375
2282.24365234375
2307.943115234375
2353.80712890625
2433.3193359375
2536.978759765625
2663.828369140625
2812.297119140625
2980.79541015625
3167.615966796875
3370.753662109375
3582.716796875
3799.502197265625
4020.58056640625
4245.2666015625
4472.38330078125
4702.71923828125
212.68667602539062
199.45285034179688
196.8709716796875
201.5350799560547
208.23902893066406
214.2588348388672
218.1175079345703
4636.41259765625
4875.392578125
5047.21923828125
5259.4990234375
5443.41943359375
5652.4755859375
5860.6435546875
6090.79296875
6331.55078125
6585.55859375
6865.67431640625
7165.64013671875
7473.1962890625
7371.31103515625
7286.5810546875
7211.6806640625
7133.20654296875
7047.5224609375
6955.603515625
6855.96240234375
6738.6787109375
6604.04296875
6452.79833984375
6287.712890625
6112.88671875
5931.3544921875
5742.81689453125
5544.57080078125
5340.28125
5129.68408203125
4925.021484375
4719.15576171875
4516.14697265625
4317.400390625
4126.1318359375
3929.27001953125
3743.591796875
3577.9853515625
3419.248779296875
3263.505126953125
3109.127197265625
2968.068359375
2790.77783203125
2602.579833984375
2424.271484375
2241.65673828125
2070.426513671875
1966.82421875
1883.549072265625
1807.7371826171875
1738.8978271484375
1674.86572265625
1611.6923828125
1546.4010009765625
1480.2281494140625
