2065.628662109375
2031.9910888671875
2032.54150390625
2036.801025390625
2059.1640625
2063.981201171875
2067.99755859375
2070.169189453125
2078.14306640625
2092.22119140625
2097.231201171875
2104.211669921875
2109.839111328125
2121.477783203125
2129.34814453125
2133.2900390625
2147.231201171875
2169.04443359375
2203.2939453125
2254.007080078125
2316.847412109375
2387.839111328125
2469.91650390625
2565.74267578125
2669.30126953125
2783.201171875
2915.123779296875
3069.002685546875
3238.31591796875
3423.2529296875
3620.449951171875
3832.2958984375
4058.69775390625
177.0139923095703
166.9320526123047
159.86293029785156
153.5396728515625
149.39015197753906
146.14273071289062
143.305908203125
3163.63330078125
3410.121337890625
3592.52734375
3882.3994140625
4182.8701171875
4502.306640625
4855.7451171875
5212.46337890625
5116.5068359375
5007.89892578125
4897.14111328125
4805.3017578125
4685.4140625
4547.14013671875
4394.71337890625
4229.86279296875
4068.482666015625
3915.98193359375
3762.730224609375
3588.531494140625
3394.214599609375
3196.523681640625
3000.32373046875
2791.92529296875
2581.821533203125
2363.905517578125
2178.709228515625
2036.4169921875
1919.768310546875
1830.9375
1748.452880859375
1677.6861572265625
1615.3948974609375
1558.153564453125
1500.7354736328125
1446.4154052734375
1399.5860595703125
1357.4349365234375
1318.1605224609375
1278.46923828125
1238.4842529296875
1199.9200439453125
1162.500244140625
1128.1953125
1095.3052978515625
1063.0672607421875
1030.6373291015625
997.4364624023438
963.9859619140625
930.2449951171875
896.8284912109375
864.6812133789062
833.756591796875
804.1884765625
775.4213256835938
