2051.353515625
2030.89794921875
2037.6318359375
2028.0338134765625
2016.4564208984375
2032.994140625
2033.3887939453125
2034.62451171875
2053.74609375
2096.761474609375
2165.687744140625
2248.388427734375
2336.94287109375
2438.87353515625
2563.212890625
2710.464599609375
2875.3388671875
3055.38330078125
3248.356201171875
3453.14013671875
3668.52001953125
3898.83837890625
4144.8154296875
4408.18994140625
4689.17919921875
4984.8115234375
5291.71435546875
5611.37744140625
5942.55810546875
6285.7080078125
6648.41015625
7037.22998046875
348.0813903808594
310.65118408203125
290.6693420410156
283.5182800292969
283.86968994140625
288.7872009277344
7565.7197265625
8204.494140625
8516.0400390625
9253.31640625
10005.0390625
10756.0771484375
11515.1611328125
12254.755859375
12982.2177734375
13701.6689453125
14415.98046875
15121.923828125
15821.60546875
16510.849609375
17190.44921875
17194.224609375
16867.375
16544.1171875
16211.6083984375
15866.9638671875
15510.419921875
15143.19140625
14767.08984375
14381.642578125
13992.7451171875
13601.576171875
13209.4892578125
12817.294921875
12426.7890625
12041.810546875
11663.603515625
11293.3515625
10930.3291015625
10575.7841796875
10232.484375
9898.65625
9575.1943359375
9262.927734375
8959.951171875
8666.7724609375
8384.484375
8112.18310546875
7849.7763671875
7598.7412109375
7357.1884765625
7120.8349609375
6893.90380859375
6679.26904296875
6474.70849609375
6277.9140625
6089.03564453125
5907.83203125
5734.06396484375
5567.28271484375
5406.7333984375
