1997.80029296875
3285.509765625
2971.037109375
2569.343017578125
2434.621826171875
2345.15869140625
2279.958984375
2250.01708984375
2244.4501953125
2247.116455078125
2249.894775390625
2248.13916015625
2250.101806640625
2257.711181640625
2269.680419921875
2236.70458984375
2223.752685546875
2228.203857421875
2240.27099609375
2253.356201171875
2269.460693359375
2290.6083984375
2315.75439453125
2347.68896484375
2385.605712890625
2427.398681640625
2471.18212890625
2515.29833984375
2559.363037109375
2603.3359375
2646.441162109375
2687.175048828125
147.54722595214844
103.75613403320312
106.41422271728516
105.57532501220703
106.0656509399414
107.03937530517578
2891.508056640625
3016.900390625
2903.156494140625
2871.82568359375
2867.647705078125
2856.7626953125
2849.1845703125
2844.9677734375
2839.089111328125
2831.685546875
2830.17919921875
2834.8642578125
2831.5927734375
2823.98583984375
2802.291015625
2771.093505859375
2732.155029296875
2686.572021484375
2633.587890625
2574.171875
2508.874755859375
2439.512939453125
2365.9541015625
2289.5439453125
2213.27734375
2139.973876953125
2069.7158203125
2002.1077880859375
1936.80859375
1873.2537841796875
1810.794921875
1749.228515625
1688.5369873046875
1629.08349609375
1571.01513671875
1514.5865478515625
1459.8145751953125
1406.6829833984375
1355.1995849609375
1305.4410400390625
1257.4830322265625
1211.1810302734375
1166.24267578125
1122.6702880859375
1080.6439208984375
1040.3975830078125
1002.1116943359375
965.7261962890625
931.1359252929688
898.2373046875
866.9797973632812
837.240478515625
808.9597778320312
782.0560302734375
756.4551391601562
