2022.2313232421875
2042.713623046875
2054.24560546875
2089.2392578125
2127.84912109375
2172.170166015625
2204.765869140625
2229.352294921875
2247.418212890625
2265.86279296875
2305.97998046875
2363.100830078125
2434.694091796875
2541.950927734375
2680.944091796875
2843.37255859375
3024.429931640625
3221.57470703125
3433.318115234375
3659.21923828125
3898.803955078125
4151.7333984375
4418.08349609375
4695.3671875
4984.13427734375
5289.24560546875
5610.09619140625
5948.19873046875
6307.15576171875
6722.03564453125
7181.498046875
7701.11376953125
312.80712890625
308.76495361328125
304.4551086425781
309.4951477050781
318.7380676269531
329.5216064453125
8288.5615234375
9375.037109375
9799.484375
10221.0947265625
10125.689453125
10101.462890625
10093.9423828125
10081.75390625
10054.1123046875
10008.6845703125
9941.5341796875
9854.08203125
9752.625
9632.6064453125
9493.1533203125
9339.6015625
9176.0625
9005.2333984375
8828.3251953125
8646.5947265625
8460.7470703125
8271.7783203125
8079.8857421875
7885.27880859375
7689.54931640625
7493.64794921875
7299.6279296875
7106.35986328125
6912.68017578125
6721.3740234375
6533.9541015625
6349.5400390625
6168.44970703125
5990.5732421875
5816.59033203125
5646.96826171875
5476.72412109375
5317.3544921875
5161.666015625
5010.6015625
4864.49951171875
4722.669921875
4585.4873046875
4452.31005859375
4323.21044921875
4198.220703125
4078.008056640625
3962.4453125
3851.30517578125
3743.912109375
3640.13671875
3540.138671875
3443.84375
3351.209228515625
3261.704345703125
