2037.5931396484375
2009.005859375
2064.042236328125
2049.1591796875
2035.0946044921875
2026.471435546875
2021.3009033203125
2031.7008056640625
2025.1358642578125
2020.510498046875
2027.796630859375
2040.2010498046875
2056.162109375
2080.69384765625
2112.991943359375
2147.93212890625
2186.900146484375
2250.430419921875
2337.990234375
2446.33154296875
2572.462890625
2715.653076171875
2874.297119140625
3047.34423828125
3234.7734375
3435.750244140625
3650.919921875
3880.9033203125
4123.89697265625
4381.34912109375
4654.95458984375
4946.1552734375
201.7292938232422
229.0738067626953
237.2332000732422
238.29718017578125
238.84141540527344
240.3221893310547
5721.974609375
6405.85693359375
6925.048828125
7386.69384765625
7848.1396484375
8312.7490234375
8762.2841796875
9245.783203125
9731.9267578125
10230.0283203125
10759.203125
11319.1953125
11906.4365234375
12515.1796875
13150.5263671875
13814.7109375
14496.1982421875
15186.392578125
15880.5166015625
15863.330078125
15819.6240234375
15753.455078125
15663.9638671875
15551.2392578125
15417.9560546875
15267.564453125
15101.0732421875
14918.7900390625
14721.08203125
14509.166015625
14284.4599609375
14048.6845703125
13802.6064453125
13547.6689453125
13285.5859375
13016.7861328125
12743.1474609375
12464.8251953125
12184.119140625
11901.923828125
11620.345703125
11338.7099609375
11060.431640625
10785.0751953125
10504.8623046875
10229.8720703125
9969.353515625
9712.7451171875
9461.283203125
9215.2412109375
8974.951171875
8740.068359375
8510.12109375
8285.2734375
