2026.353759765625
2437.697265625
2481.67333984375
2283.1865234375
2176.251708984375
2131.932373046875
2109.7431640625
2096.234375
2097.539794921875
2100.70947265625
2126.067626953125
2154.389404296875
2176.268798828125
2189.0634765625
2200.89306640625
2217.131103515625
2234.539794921875
2254.273681640625
2278.64111328125
2306.00439453125
2333.098388671875
2370.784912109375
2422.09912109375
2488.770751953125
2568.596435546875
2659.179931640625
2760.640869140625
2872.777099609375
2995.341552734375
3127.998291015625
3271.4521484375
3424.892822265625
105.03446960449219
100.59571075439453
102.73056030273438
104.07247924804688
104.75364685058594
105.44485473632812
2538.531494140625
3731.452392578125
3938.9912109375
3915.381103515625
3877.39013671875
3886.64208984375
3920.494140625
3967.849365234375
4029.510498046875
4091.753662109375
4149.49755859375
4220.6787109375
4283.36328125
4345.0361328125
4397.42626953125
4445.68408203125
4490.30810546875
4531.75
4555.58154296875
4563.98876953125
4559.2451171875
4545.26953125
4521.61669921875
4488.02099609375
4443.27099609375
4388.99658203125
4326.04931640625
4255.828125
4179.73046875
4097.017578125
4008.3720703125
3915.98046875
3818.489501953125
3717.357177734375
3613.66064453125
3508.532470703125
3402.635009765625
3296.581298828125
3190.71142578125
3085.5556640625
2981.68505859375
2879.211181640625
2778.414306640625
2728.57080078125
2679.218994140625
2582.970947265625
2488.51953125
2395.486572265625
2304.138671875
2214.732666015625
2127.82666015625
2044.6510009765625
1965.7818603515625
1890.191162109375
1817.3426513671875
