2046.1241455078125
2016.695556640625
2086.751953125
2056.38330078125
2040.72021484375
2034.3709716796875
2032.8089599609375
2035.9666748046875
2036.7457275390625
2033.7032470703125
2029.189208984375
2028.6617431640625
2032.1031494140625
2036.2275390625
2034.6983642578125
2045.3880615234375
2062.520263671875
2077.15625
2088.070068359375
2102.193603515625
2111.53173828125
2123.873291015625
2142.947021484375
2170.94482421875
2217.006103515625
2273.579833984375
2336.97705078125
2416.0263671875
2507.859619140625
2609.58984375
2728.13427734375
2864.966552734375
122.33235168457031
123.72161102294922
124.34889221191406
129.38720703125
131.59890747070312
130.28836059570312
2479.704833984375
2591.69091796875
2764.73779296875
2978.9111328125
3220.779296875
3476.271728515625
3740.390380859375
4004.320068359375
4270.310546875
4532.94287109375
4796.50244140625
5064.74658203125
5330.67529296875
5528.05029296875
5458.4130859375
5384.26953125
5308.9609375
5228.3359375
5141.91552734375
5051.0869140625
4956.40673828125
4856.86328125
4753.8251953125
4663.7138671875
4583.5625
4497.076171875
4401.76611328125
4296.6435546875
4189.67578125
4085.8994140625
3983.904052734375
3880.753662109375
3776.41650390625
3672.667724609375
3621.825927734375
3570.614990234375
3468.20703125
3365.840576171875
3258.03173828125
3148.883544921875
3046.145751953125
2950.09765625
2861.00439453125
2771.710205078125
2688.6484375
2612.566650390625
2537.4814453125
2461.11376953125
2384.947021484375
2307.91552734375
2222.220458984375
2135.620361328125
2059.330322265625
1983.6533203125
1916.93310546875
