2046.23046875
2013.5045166015625
2035.73046875
2067.10791015625
2047.6829833984375
2035.0238037109375
2035.005126953125
2030.5648193359375
2039.012451171875
2054.892333984375
2053.083251953125
2054.354736328125
2061.25439453125
2083.409423828125
2104.896240234375
2131.6279296875
2166.230224609375
2222.435302734375
2315.07177734375
2432.49609375
2568.302734375
2722.000244140625
2893.7080078125
3079.9609375
3278.746826171875
3486.98291015625
3704.997314453125
3934.322998046875
4171.72265625
4415.03955078125
4668.81201171875
4930.68896484375
181.90618896484375
210.24574279785156
232.05943298339844
244.82826232910156
253.39576721191406
260.3938903808594
6164.8837890625
6520.81640625
6667.7734375
6794.7421875
6964.453125
7200.09130859375
7504.12646484375
7870.99853515625
8241.7890625
8616.693359375
9000.0068359375
9427.75390625
9862.568359375
10304.3388671875
10769.634765625
11279.4892578125
11830.2861328125
12397.7783203125
12980.87109375
13573.732421875
13907.1005859375
13885.623046875
13868.3447265625
13842.1259765625
13802.9462890625
13748.9228515625
13678.1533203125
13590.1708984375
13486.314453125
13367.2666015625
13233.828125
13086.9462890625
12927.9462890625
12759.841796875
12581.4150390625
12393.185546875
12197.5126953125
11994.2626953125
11781.91796875
11566.7060546875
11347.7265625
11125.1171875
10903.373046875
10686.830078125
10469.970703125
10251.576171875
10024.3369140625
9807.9990234375
9595.3251953125
9385.4765625
9180.9423828125
8981.548828125
8788.626953125
8598.5478515625
