2048.029296875
2009.7059326171875
2082.710205078125
2060.14697265625
2041.5836181640625
2029.556640625
2030.9127197265625
2031.6953125
2036.10107421875
2034.4923095703125
2035.0443115234375
2035.707763671875
2049.9873046875
2052.2734375
2055.669921875
2062.75341796875
2074.38330078125
2079.037353515625
2081.700927734375
2089.74462890625
2105.055419921875
2121.7470703125
2143.5693359375
2170.636474609375
2206.973876953125
2248.35595703125
2304.475341796875
2370.2177734375
2442.454345703125
2519.543212890625
2602.613525390625
2696.028076171875
121.75948333740234
122.70587921142578
123.3968734741211
123.9067611694336
124.27887725830078
124.59347534179688
2166.192626953125
2415.8759765625
2626.153076171875
2840.2802734375
3058.148681640625
3273.665771484375
3489.628662109375
3708.26220703125
3926.4814453125
4142.61328125
4352.47607421875
4559.20263671875
4764.22705078125
4972.22119140625
5194.72314453125
5159.22802734375
5068.95361328125
4973.6337890625
4875.25048828125
4773.69873046875
4669.22216796875
4562.45458984375
4453.57177734375
4343.111328125
4229.48486328125
4115.43212890625
4001.736572265625
3888.31298828125
3775.54150390625
3664.65087890625
3557.552978515625
3462.09423828125
3373.458984375
3285.2841796875
3191.364501953125
3095.337646484375
3000.156494140625
2908.2783203125
2816.032958984375
2718.33984375
2616.1396484375
2519.981201171875
2430.88427734375
2348.138671875
2268.828369140625
2190.80810546875
2115.6572265625
2037.21435546875
1956.1329345703125
1879.5321044921875
1805.0931396484375
1733.09912109375
1661.2567138671875
1585.823974609375
