2028.6142578125
2422.0703125
2515.2861328125
2297.50537109375
2176.00732421875
2131.976806640625
2111.31884765625
2098.220703125
2099.061279296875
2101.9091796875
2126.302001953125
2156.389892578125
2180.0419921875
2194.29052734375
2205.969970703125
2222.45751953125
2241.914794921875
2263.7734375
2290.1904296875
2319.51171875
2349.75634765625
2391.81787109375
2447.681640625
2518.658203125
2602.7275390625
2697.826416015625
2803.99609375
2921.114990234375
3048.201416015625
3185.26318359375
3332.793212890625
3490.10400390625
105.79326629638672
100.73673248291016
102.5992431640625
103.82476043701172
104.69813537597656
105.38194274902344
2602.77880859375
3821.679931640625
4020.39794921875
3930.987548828125
3900.565185546875
3912.17578125
3944.847412109375
3993.616455078125
4051.837646484375
4108.97607421875
4168.01953125
4236.39599609375
4298.97509765625
4355.99169921875
4403.2529296875
4449.52880859375
4491.45068359375
4524.744140625
4542.40869140625
4546.580078125
4536.35107421875
4519.21484375
4490.849609375
4451.68408203125
4402.0546875
4343.07470703125
4275.76953125
4201.88671875
4121.28173828125
4034.266845703125
3942.83544921875
3846.465576171875
3745.162841796875
3641.18896484375
3535.548095703125
3429.100830078125
3322.308349609375
3215.374267578125
3108.858642578125
3003.61572265625
2899.776611328125
2797.734130859375
2697.822998046875
2600.298583984375
2504.65673828125
2410.59130859375
2318.244873046875
2227.951904296875
2139.988525390625
2055.365966796875
1974.845458984375
1898.149169921875
1824.416259765625
1754.6060791015625
