2067.2841796875
2028.6971435546875
1994.1021728515625
2085.929443359375
2066.595947265625
2058.65673828125
2050.405517578125
2052.490966796875
2066.760986328125
2074.009033203125
2093.787109375
2107.00146484375
2114.551513671875
2119.827880859375
2127.181640625
2139.521240234375
2159.09033203125
2176.45654296875
2198.47119140625
2222.9873046875
2251.119873046875
2280.39111328125
2311.659423828125
2346.57568359375
2396.310791015625
2491.201904296875
2579.265625
2672.989013671875
2782.836669921875
2914.6611328125
2888.59130859375
2845.443359375
101.83314514160156
103.64888763427734
105.23567962646484
106.44703674316406
107.52070617675781
108.47000122070312
1667.118408203125
2202.545166015625
2708.495849609375
2695.740478515625
2650.50732421875
2592.212890625
2517.78515625
2488.149658203125
2560.01708984375
2601.230224609375
2620.772705078125
2641.92236328125
2664.077880859375
2688.552734375
2713.29052734375
2729.219482421875
2733.337158203125
2725.91552734375
2712.5927734375
2696.056884765625
2676.40234375
2651.97705078125
2623.425537109375
2590.53564453125
2553.715087890625
2511.398681640625
2466.81201171875
2422.939697265625
2380.0654296875
2337.874267578125
2296.074951171875
2254.40576171875
2212.5810546875
2171.920654296875
2134.80615234375
2099.841552734375
2067.091064453125
2035.839111328125
2006.251708984375
1978.3436279296875
1952.044921875
1926.9921875
1902.6683349609375
1879.1688232421875
1856.2828369140625
1833.161865234375
1809.2957763671875
1784.6539306640625
1759.27685546875
1733.35986328125
1706.815673828125
1679.675048828125
1652.1099853515625
1624.408447265625
