0.04358695447444916
0.050680726766586304
0.054383739829063416
0.05537603795528412
0.055920667946338654
0.0562455989420414
0.0566292405128479
0.0570153146982193
0.05735764279961586
0.05759057402610779
0.05773208290338516
0.057877317070961
0.05801553651690483
0.05813729390501976
0.05827763304114342
0.05841280519962311
0.058548703789711
0.05868878588080406
0.05885179713368416
0.05904019996523857
0.05931580439209938
0.059705208986997604
0.0601731613278389
0.060754746198654175
0.061448995023965836
0.062241081148386
0.06310795247554779
0.06401953101158142
0.06498347967863083
0.06599476933479309
0.06707177311182022
0.06821056455373764
0.003942454699426889
0.003951412159949541
0.003950878977775574
0.0039276075549423695
0.0038698173593729734
0.003820304060354829
0.0037795433308929205
0.06271098554134369
0.06542201340198517
0.0676463171839714
0.06963244825601578
0.07145234942436218
0.07315404713153839
0.07479295134544373
0.07642342150211334
0.07805902510881424
0.0797250047326088
0.08153086155653
0.08337799459695816
0.08533736318349838
0.08735763281583786
0.08942213654518127
0.09153605997562408
0.0932256206870079
0.09455905109643936
0.09606373310089111
0.097621388733387
0.09913535416126251
0.10062913596630096
0.10199208557605743
0.10386962443590164
0.1058865338563919
0.10804343223571777
0.11053283512592316
0.1132560446858406
0.1143680289387703
0.11540322005748749
0.11776483803987503
0.12064572423696518
0.12270967662334442
0.11804108321666718
0.11371680349111557
0.10954193025827408
0.10551142692565918
0.1018059179186821
0.09859215468168259
0.09541158378124237
0.09244102239608765
0.08963406085968018
0.0868569016456604
0.08402964472770691
0.08129536360502243
0.07864183932542801
0.1498749852180481
0.41819536685943604
0.7524460554122925
1.1205644607543945
1.5565489530563354
1.9591171741485596
11.785713195800781
22.245790481567383
23.416105270385742
