0.007709101308137178
0.008579039946198463
0.009662277065217495
0.010769452899694443
0.011085927486419678
0.011191646568477154
0.01125430129468441
0.011314593255519867
0.011412415653467178
0.011521624401211739
0.011619718745350838
0.011713797226548195
0.011812906712293625
0.011902686208486557
0.011987856589257717
0.012076287530362606
0.012171312235295773
0.012271404266357422
0.012374266050755978
0.012479902245104313
0.012596378102898598
0.01272778119891882
0.012876922264695168
0.01304602436721325
0.013233794830739498
0.01343915518373251
0.01366130169481039
0.013897955417633057
0.014138634316623211
0.0143746891990304
0.014596089720726013
0.014837616123259068
0.0007869871915318072
0.0007341577438637614
0.0007209859322756529
0.0007210509502328932
0.000727265898603946
0.0007327917264774442
0.01399599015712738
0.014839540235698223
0.015235713683068752
0.015510139055550098
0.015757819637656212
0.016014637425541878
0.016290510073304176
0.01658744178712368
0.016903599724173546
0.017236201092600822
0.017584608867764473
0.01795019581913948
0.01833595708012581
0.018742335960268974
0.019184933975338936
0.019642110913991928
0.020115846768021584
0.020359834656119347
0.020611396059393883
0.021134311333298683
0.021600639447569847
0.022032486274838448
0.02246893383562565
0.02291659265756607
0.023362593725323677
0.023802010342478752
0.024223370477557182
0.024098552763462067
0.023577619343996048
0.02307935804128647
0.022593950852751732
0.022119078785181046
0.021831369027495384
0.02165287733078003
0.02119479328393936
0.020744772627949715
0.02030109241604805
0.019863063469529152
0.019430313259363174
0.019003242254257202
0.01858154684305191
0.018166420981287956
0.017961163073778152
0.01775757409632206
0.017358649522066116
0.01696811057627201
0.01658456027507782
0.0162077397108078
0.015837935730814934
0.015475720167160034
0.015119487419724464
0.014768755063414574
0.014423109591007233
0.014082269743084908
0.013913427479565144
0.013745365664362907
0.01341438852250576
0.013090722262859344
