0.037909135222435
0.040766242891550064
0.04644770920276642
0.05046821013092995
0.051802054047584534
0.05243244767189026
0.052747417241334915
0.05296394228935242
0.05321180820465088
0.053391531109809875
0.053560156375169754
0.05377740412950516
0.05394364893436432
0.054159343242645264
0.054418954998254776
0.05465269461274147
0.05487395077943802
0.05508752539753914
0.05531342327594757
0.055546995252370834
0.055847086012363434
0.05621225759387016
0.05666108429431915
0.057205114513635635
0.057814523577690125
0.05847448483109474
0.05917516350746155
0.0599152073264122
0.06070569157600403
0.061546485871076584
0.06244853138923645
0.06342554837465286
0.00396745977923274
0.003798580029979348
0.003712799632921815
0.003632574575021863
0.0035899262875318527
0.0035665640607476234
0.003553599352017045
0.05964885652065277
0.06209572032094002
0.06367739289999008
0.06500163674354553
0.06629457324743271
0.0676303505897522
0.06901693344116211
0.07045615464448929
0.07197137922048569
0.07355057448148727
0.07518105208873749
0.07688086479902267
0.07875504344701767
0.08051204681396484
0.08226870745420456
0.08411838859319687
0.0860331729054451
0.08792541921138763
0.0897865891456604
0.09144605696201324
0.09283699840307236
0.09410174936056137
0.09530144929885864
0.09669280797243118
0.09789486229419708
0.09903889894485474
0.10018526017665863
0.10123590379953384
0.10173892229795456
0.10222572833299637
0.10313728451728821
0.10402251034975052
0.10486836731433868
0.10582306981086731
0.10670864582061768
0.10757318884134293
0.10842255502939224
0.10926178842782974
0.10865411907434464
0.10546427965164185
0.102520652115345
0.09973001480102539
0.09703292697668076
0.09441908448934555
0.09188197553157806
0.08940641582012177
0.08698643743991852
0.08461397141218185
0.08232004195451736
0.08013659715652466
0.07810144126415253
0.07614368200302124
0.07421620935201645
0.07228082418441772
0.07034293562173843
