0.0065480489283800125
0.0070129819214344025
0.00770324794575572
0.008341764099895954
0.00883850734680891
0.009290138259530067
0.009681972675025463
0.009853827767074108
0.009940436109900475
0.009999633766710758
0.010046769864857197
0.010109440423548222
0.010162423364818096
0.010212990455329418
0.010269403457641602
0.010326429270207882
0.01037993747740984
0.010435448959469795
0.01049770787358284
0.010565994307398796
0.010640006512403488
0.010727611370384693
0.01084430143237114
0.010984441265463829
0.011145011521875858
0.011327365413308144
0.011530491523444653
0.011751946993172169
0.011989517137408257
0.012240871787071228
0.012502976693212986
0.012778429314494133
0.0008280002512037754
0.0007344553014263511
0.0007302014855667949
0.0007417935994453728
0.0007554992334917188
0.0007685105665586889
0.01306984294205904
0.01331973634660244
0.013404250144958496
0.013532707467675209
0.013717500492930412
0.013946793973445892
0.014208362437784672
0.014500560238957405
0.014819026924669743
0.015162219293415546
0.01552691962569952
0.015911944210529327
0.016318613663315773
0.016745859757065773
0.017196934670209885
0.01744656078517437
0.017698459327220917
0.018120015040040016
0.018532270565629005
0.018950331956148148
0.019334107637405396
0.01971600018441677
0.020109333097934723
0.02051684260368347
0.02093619480729103
0.02135438658297062
0.02177436277270317
0.022199124097824097
0.022629279643297195
0.02306286245584488
0.023495258763432503
0.02392827719449997
0.024357100948691368
0.024782119318842888
0.025204984471201897
0.02563229762017727
0.026063937693834305
0.02650206722319126
0.026949068531394005
0.027401110157370567
0.02785228006541729
0.02829929254949093
0.028739092871546745
0.029173407703638077
0.029606711119413376
0.030042577534914017
0.030474260449409485
0.030911646783351898
0.03134091570973396
0.031761299818754196
0.03216690942645073
0.032557204365730286
0.032929349690675735
0.033278726041316986
0.03360503911972046
