0.03706606104969978
0.03858224302530289
0.04224063456058502
0.04578616842627525
0.04880950227379799
0.05076220631599426
0.05119670554995537
0.051339201629161835
0.05145080387592316
0.051559995859861374
0.05167166143655777
0.0518040768802166
0.0520029217004776
0.05225076153874397
0.052454348653554916
0.052630987018346786
0.052802570164203644
0.052978165447711945
0.05317341163754463
0.05338357761502266
0.0535980723798275
0.05380356311798096
0.054015304893255234
0.05424487590789795
0.05451428145170212
0.05483885481953621
0.05524854734539986
0.0557246208190918
0.0562477745115757
0.05681267008185387
0.05741820111870766
0.058068595826625824
0.003411901416257024
0.0031361954752355814
0.003067884361371398
0.0030287709087133408
0.0030004072468727827
0.002977438038215041
0.05443838983774185
0.05688551813364029
0.05804608389735222
0.059025295078754425
0.060013383626937866
0.06105067580938339
0.06214757263660431
0.06330195814371109
0.06449409574270248
0.06572936475276947
0.06700155884027481
0.06830868870019913
0.06964004784822464
0.07098419964313507
0.07234270870685577
0.0737089216709137
0.07510381191968918
0.07658403366804123
0.07814645767211914
0.07979271560907364
0.08112832903862
0.08238670974969864
0.08361922204494476
0.08484917879104614
0.08611667901277542
0.08740132302045822
0.08867749571800232
0.08975009620189667
0.09077093005180359
0.09173787385225296
0.09263351559638977
0.09349587559700012
0.09431594610214233
0.09511123597621918
0.09589254856109619
0.0966833159327507
0.09749043732881546
0.09854063391685486
0.09957945346832275
0.10061896592378616
0.10155627131462097
0.10246098041534424
0.10332393646240234
0.10413803905248642
0.10488410294055939
0.10559157282114029
0.10640553385019302
0.10733751207590103
0.10828384757041931
0.10874567180871964
0.10922785848379135
0.11027934402227402
0.11146166920661926
0.11277728527784348
0.11413902789354324
