0.1698714792728424
0.17252500355243683
0.18249556422233582
0.20612956583499908
0.2283029705286026
0.23576466739177704
0.24150091409683228
0.24501551687717438
0.248011976480484
0.25040772557258606
0.25226783752441406
0.2540087401866913
0.25571826100349426
0.25734254717826843
0.2587449550628662
0.2602202594280243
0.26203882694244385
0.26378291845321655
0.26533573865890503
0.26674339175224304
0.26810410618782043
0.2692583501338959
0.27036628127098083
0.27138417959213257
0.2722834646701813
0.27321958541870117
0.27406367659568787
0.27489060163497925
0.2759582996368408
0.2772082984447479
0.27875053882598877
0.28033995628356934
0.02420278824865818
0.02412225492298603
0.02408614568412304
0.02403857186436653
0.023973077535629272
0.023902976885437965
0.22337736189365387
0.2497289925813675
0.2612273097038269
0.26937776803970337
0.28099188208580017
0.2922641932964325
0.3035094141960144
0.3146307170391083
0.3256572484970093
0.33683517575263977
0.34820324182510376
0.3598226010799408
0.3718923330307007
0.38429298996925354
0.3970070481300354
0.4098828136920929
0.42283719778060913
0.43572670221328735
0.4486071467399597
0.4618989825248718
0.47692397236824036
0.4945595860481262
0.5143369436264038
0.5349891185760498
0.5563734769821167
0.5782126188278198
0.6014165878295898
0.6257496476173401
0.6513426899909973
0.6771995425224304
0.7009501457214355
0.7242453098297119
0.8068103790283203
1.0341185331344604
1.3936883211135864
1.782245397567749
23.608732223510742
32.7230224609375
38.231163024902344
43.36063003540039
48.696136474609375
54.43946075439453
60.7315673828125
67.23550415039062
73.51454162597656
77.73837280273438
81.41943359375
86.2159652709961
92.54953002929688
98.63777923583984
104.2649917602539
109.212646484375
113.80567932128906
118.16590118408203
