0.008094754070043564
0.00959866214543581
0.010581319220364094
0.011001226492226124
0.011162053793668747
0.011255129240453243
0.011332849971950054
0.011422478593885899
0.011520417407155037
0.011612200178205967
0.011731434613466263
0.011841008439660072
0.011952714994549751
0.012070992961525917
0.012196918949484825
0.01232348196208477
0.012471591122448444
0.012665782123804092
0.012901014648377895
0.013167699798941612
0.013461279682815075
0.013776412233710289
0.01410767249763012
0.014407043345272541
0.014700707048177719
0.015009728260338306
0.015325846150517464
0.015651406720280647
0.015987584367394447
0.016335951164364815
0.01669767126441002
0.017073914408683777
0.000987993087619543
0.0009474602993577719
0.0009307360160164535
0.000918805249966681
0.0009139871690422297
0.000911966897547245
0.000911880109924823
0.01643063873052597
0.016884731128811836
0.017135348170995712
0.017516300082206726
0.017920853570103645
0.01836644858121872
0.018851544708013535
0.019373564049601555
0.019899675622582436
0.020435580983757973
0.02099909819662571
0.021504322066903114
0.021992893889546394
0.022508440539240837
0.02304404228925705
0.02357950061559677
0.0238083116710186
0.023149127140641212
0.022517407312989235
0.021904878318309784
0.021303368732333183
0.020711740478873253
0.020129183307290077
0.019555239006876945
0.018990419805049896
0.018438611179590225
0.01790119893848896
0.017378568649291992
0.01687016896903515
0.01637539081275463
0.015895243734121323
0.015430798754096031
0.014979034662246704
0.01453890185803175
0.01410998310893774
0.013691911473870277
0.013284481130540371
0.012895974330604076
0.012523099780082703
0.01216374896466732
0.01181675586849451
0.011481642723083496
0.011157575063407421
0.010844077914953232
0.01054169237613678
0.010249217040836811
0.009966452606022358
0.00969336275011301
0.009429736994206905
0.009175190702080727
0.008929120376706123
0.008691346272826195
0.008461431600153446
0.00823913048952818
0.00802433118224144
