0.0370330736041069
0.03942344710230827
0.04496924579143524
0.04855019599199295
0.050362370908260345
0.05104566365480423
0.051316577941179276
0.051606327295303345
0.05178684741258621
0.051896750926971436
0.052003100514411926
0.05214303731918335
0.05240524932742119
0.05266217887401581
0.05289207398891449
0.0531255342066288
0.05336017534136772
0.053615983575582504
0.053867239505052567
0.054167795926332474
0.0545819066464901
0.05511965602636337
0.05577870458364487
0.056508682668209076
0.05729958787560463
0.058155812323093414
0.059080079197883606
0.06006674841046333
0.06111354008316994
0.06221956014633179
0.063377246260643
0.06460385769605637
0.004040978383272886
0.003829433349892497
0.003772206837311387
0.0037471044342964888
0.00373604753986001
0.003725070506334305
0.0037112373393028975
0.061712659895420074
0.0625976026058197
0.06301476061344147
0.06397198140621185
0.06525745987892151
0.0667935386300087
0.06848660111427307
0.07028494030237198
0.0721547082066536
0.07406379282474518
0.07607592642307281
0.0781484991312027
0.08022408187389374
0.08227130025625229
0.08409076184034348
0.08586551994085312
0.08753722906112671
0.08898232132196426
0.0903923511505127
0.09176052361726761
0.09306828677654266
0.09426021575927734
0.09534244239330292
0.09649978578090668
0.09784891456365585
0.09911251068115234
0.10029958188533783
0.10139460116624832
0.10242365300655365
0.1034805104136467
0.10467424988746643
0.10578589886426926
0.10665924102067947
0.10736943781375885
0.10811231285333633
0.10890853404998779
0.10984058678150177
0.11091820150613785
0.11203144490718842
0.11317338049411774
0.11432480067014694
0.11543116718530655
0.11641338467597961
0.1174066811800003
0.11544044315814972
0.11178486049175262
0.10839388519525528
0.10514958947896957
0.10206766426563263
0.09910590201616287
0.0962943583726883
0.09360593557357788
0.09097167104482651
0.08833376318216324
0.08574062585830688
