0.021686015650629997
0.026873551309108734
0.02966047264635563
0.030279498547315598
0.03062528930604458
0.030816731974482536
0.030888980254530907
0.030902281403541565
0.030944719910621643
0.031043799594044685
0.031154077500104904
0.03129211813211441
0.03148747608065605
0.031711678951978683
0.031936824321746826
0.032143477350473404
0.03232027217745781
0.03248544782400131
0.03264106065034866
0.03280229866504669
0.03297385200858116
0.03315433859825134
0.033334895968437195
0.03352455794811249
0.03374367952346802
0.034008562564849854
0.03433619812130928
0.03472619131207466
0.035175640136003494
0.035682663321495056
0.03623984754085541
0.03683857619762421
0.0019036420853808522
0.0014877740759402514
0.0014080131659284234
0.0013675165828317404
0.0013627229491248727
0.0013608342269435525
0.030374864116311073
0.03488778695464134
0.037089839577674866
0.03843334689736366
0.03941144049167633
0.04025571420788765
0.04107479751110077
0.0409754142165184
0.04048733785748482
0.04005082696676254
0.039630308747291565
0.03921058028936386
0.03878401219844818
0.03835167735815048
0.03790733963251114
0.037426240742206573
0.036839500069618225
0.03626526892185211
0.03601531311869621
0.03568311408162117
0.03507138788700104
0.0344582237303257
0.03384176269173622
0.033218543976545334
0.032613158226013184
0.03200492635369301
0.03139691427350044
0.03077533282339573
0.03015228919684887
0.029535045847296715
0.028914835304021835
0.02829183265566826
0.027669092640280724
0.0270504392683506
0.026432747021317482
0.02582312375307083
0.025220153853297234
0.024623364210128784
0.024033818393945694
0.023451562970876694
0.022877162322402
0.022308478131890297
0.02174549736082554
0.02119036391377449
0.020641347393393517
0.020099427551031113
0.01956627517938614
0.019043192267417908
0.01853136159479618
0.018031874671578407
0.01754196733236313
0.017059791833162308
0.016820931807160378
0.016583792865276337
0.016119329258799553
0.015682436525821686
