7.009714603424072
7.925724983215332
10.058241844177246
12.814011573791504
14.076326370239258
12.410120010375977
11.90922737121582
12.081501007080078
12.572290420532227
13.141494750976562
13.587822914123535
13.864304542541504
14.13841724395752
14.499579429626465
14.896777153015137
15.420858383178711
15.721001625061035
16.0363826751709
16.530929565429688
17.186187744140625
17.97637939453125
18.937162399291992
20.098066329956055
21.417346954345703
22.962329864501953
24.803585052490234
27.030330657958984
29.775814056396484
33.13351821899414
36.943485260009766
41.551429748535156
47.167503356933594
1.702779769897461
0.7404738068580627
0.7007550597190857
0.6953672766685486
0.6971545815467834
0.7033194899559021
24.486608505249023
57.21134948730469
79.41864776611328
96.09131622314453
109.56477355957031
122.151123046875
135.82839965820312
150.832763671875
167.46734619140625
185.24969482421875
204.27684020996094
224.6333465576172
245.9144287109375
267.7278137207031
290.1315612792969
313.21875
337.1772766113281
361.638671875
387.1262512207031
413.6565856933594
432.9974060058594
447.21282958984375
460.9266357421875
473.7165832519531
484.379638671875
492.4865417480469
500.0908508300781
507.311767578125
513.8676147460938
519.6552124023438
524.6392211914062
528.8656005859375
532.4716186523438
535.7005615234375
538.439453125
540.8262939453125
543.0631713867188
545.0509033203125
546.7079467773438
548.0227661132812
548.8896484375
549.120849609375
548.662109375
547.5371704101562
545.9016723632812
543.841064453125
541.4559326171875
538.7933959960938
535.9102783203125
532.8643798828125
529.7495727539062
526.6129150390625
523.522216796875
520.513916015625
