8.687031745910645
12.360809326171875
11.419528007507324
9.236882209777832
8.231837272644043
7.798091411590576
7.641702651977539
7.610342025756836
7.6370849609375
7.672733783721924
7.6287760734558105
7.568435192108154
7.504247188568115
7.445338249206543
7.395688056945801
7.355368614196777
7.326536178588867
7.282880783081055
7.229437351226807
7.190372467041016
7.169766426086426
7.165139198303223
7.178301811218262
7.207056999206543
7.249058723449707
7.301429748535156
7.36275577545166
7.425757884979248
7.469602108001709
7.504109859466553
7.535004615783691
7.567338943481445
0.47162383794784546
0.40549230575561523
0.39485475420951843
0.38805216550827026
0.3805258572101593
0.3806580603122711
8.427700996398926
8.502888679504395
8.545504570007324
8.563714027404785
8.610520362854004
8.664468765258789
8.735379219055176
8.827775955200195
8.943758010864258
9.07633113861084
9.229092597961426
9.409185409545898
9.615890502929688
9.848465919494629
10.11316204071045
10.458816528320312
10.883889198303223
11.369804382324219
11.90040111541748
12.445404052734375
12.977129936218262
13.49094295501709
13.984806060791016
14.485733032226562
14.992929458618164
15.50542163848877
16.02199363708496
16.55058479309082
17.076730728149414
17.600004196166992
18.119564056396484
18.633771896362305
19.139989852905273
19.637407302856445
20.128488540649414
20.61532974243164
21.103490829467773
21.60280418395996
22.101938247680664
22.59248924255371
23.124895095825195
23.654874801635742
24.15362548828125
24.63155174255371
25.09286117553711
25.538602828979492
25.968196868896484
26.37908172607422
26.772090911865234
27.151857376098633
27.534622192382812
27.90736198425293
28.26527976989746
28.607574462890625
