0.17079074680805206
0.2014888972043991
0.20564891397953033
0.2073005735874176
0.2085931897163391
0.20965202152729034
0.21045462787151337
0.21119531989097595
0.21178635954856873
0.21236637234687805
0.2130361646413803
0.21378731727600098
0.21424579620361328
0.2148967981338501
0.21559803187847137
0.21627846360206604
0.21685460209846497
0.21752439439296722
0.21845722198486328
0.21941021084785461
0.22052335739135742
0.22184507548809052
0.22336910665035248
0.22522352635860443
0.22755837440490723
0.23023180663585663
0.2331627756357193
0.2363937795162201
0.23997429013252258
0.24398083984851837
0.2483668476343155
0.25303134322166443
0.013294173404574394
0.014137327671051025
0.014304624870419502
0.014278730377554893
0.014185377396643162
0.014097604900598526
0.23620498180389404
0.24374599754810333
0.2519279420375824
0.2603641152381897
0.2690444588661194
0.2779247462749481
0.2952727675437927
0.3137236535549164
0.3335545063018799
0.35475724935531616
0.36398810148239136
0.35613682866096497
0.347804456949234
0.33944153785705566
0.3309745490550995
0.3223721385002136
0.31382206082344055
0.3052927851676941
0.2968323826789856
0.2884822487831116
0.28025174140930176
0.2720629870891571
0.26416799426078796
0.2558841407299042
0.24777720868587494
0.2399556189775467
0.23233455419540405
0.22485624253749847
0.21741065382957458
0.21000105142593384
0.20282763242721558
0.19600699841976166
0.19270509481430054
0.18944935500621796
0.1830008327960968
0.17670010030269623
0.17078472673892975
0.16497449576854706
0.1602630913257599
0.1563543975353241
0.15269789099693298
0.14839424192905426
0.14368554949760437
0.14067593216896057
0.13816246390342712
0.15922433137893677
0.18917216360569
0.22403661906719208
0.2698868215084076
0.3147856593132019
0.3625808358192444
3.6345255374908447
9.37818431854248
12.326693534851074
14.184041976928711
