0.00823961477726698
0.009434624575078487
0.0112631656229496
0.011469248682260513
0.011587904766201973
0.01170148141682148
0.011792684905230999
0.011863724328577518
0.011947895400226116
0.012040107510983944
0.01213335245847702
0.012215710245072842
0.012309239245951176
0.012406366877257824
0.012518119066953659
0.012643515132367611
0.012803634628653526
0.012999268248677254
0.013226003386080265
0.013477655127644539
0.013753946870565414
0.014057500287890434
0.014387673698365688
0.014741359278559685
0.015050912275910378
0.015379352495074272
0.015720190480351448
0.016074424609541893
0.01645265333354473
0.016847161576151848
0.017256632447242737
0.01768198423087597
0.0009181913337670267
0.0009935642592608929
0.0009862438309937716
0.000985110062174499
0.0009862687438726425
0.0009888834320008755
0.017984680831432343
0.01884491741657257
0.01923566311597824
0.01953091099858284
0.019850658252835274
0.020238470286130905
0.020690394565463066
0.021204279735684395
0.02169915661215782
0.02215627022087574
0.022656871005892754
0.023199371993541718
0.023762617260217667
0.024356242269277573
0.024969879537820816
0.02559076063334942
0.02621275931596756
0.026830831542611122
0.027451397851109505
0.02807130478322506
0.028690502047538757
0.029308874160051346
0.02992715686559677
0.030545959249138832
0.031164994463324547
0.031800832599401474
0.03245791047811508
0.03311964496970177
0.033784169703722
0.03445155918598175
0.03512466698884964
0.035815563052892685
0.03580504655838013
0.03460163623094559
0.03348708152770996
0.03241681680083275
0.031382933259010315
0.0303824283182621
0.029412783682346344
0.028474584221839905
0.027567660436034203
0.026691772043704987
0.025846654549241066
0.025034494698047638
0.024253474548459053
0.023501234129071236
0.022784283384680748
0.022099820896983147
0.021445121616125107
0.020817600190639496
0.020214134827256203
0.019634893164038658
0.019078800454735756
0.018553469330072403
