0.022300811484456062
0.02808189019560814
0.0306444950401783
0.030722253024578094
0.030649742111563683
0.030709290876984596
0.0308005902916193
0.030919501557946205
0.031066888943314552
0.03127669170498848
0.03151463344693184
0.03172628581523895
0.03190429136157036
0.032082077115774155
0.03226812928915024
0.03246765211224556
0.03268302232027054
0.03291814774274826
0.03316178172826767
0.0334596186876297
0.033829156309366226
0.034278761595487595
0.03480091318488121
0.03539083153009415
0.036047033965587616
0.03676740080118179
0.03754547983407974
0.03837759792804718
0.03927826136350632
0.040260035544633865
0.04084126278758049
0.04035114869475365
0.00191109674051404
0.0013880361802875996
0.001408320851624012
0.0014249613741412759
0.001437911530956626
0.0014494279166683555
0.03812608867883682
0.041263919323682785
0.03965023159980774
0.03882567584514618
0.038205113261938095
0.03762192651629448
0.03703445941209793
0.036285847425460815
0.03553450480103493
0.03476380556821823
0.033971063792705536
0.03314230218529701
0.032324083149433136
0.03153759613633156
0.030735883861780167
0.029927436262369156
0.029110396280884743
0.028284477069973946
0.02745870314538479
0.026640357449650764
0.02583610638976097
0.025047363713383675
0.024273710325360298
0.02351301535964012
0.022768225520849228
0.022034166380763054
0.021310962736606598
0.020599720999598503
0.019900301471352577
0.01921102963387966
0.01853182353079319
0.017865534871816635
0.01721809059381485
0.01690055988729
0.016585972160100937
0.015978094190359116
0.015395318157970905
0.01484677568078041
0.014328289777040482
0.013833939097821712
0.01335897110402584
0.012902400456368923
0.012467870488762856
0.012058425694704056
0.011668611317873001
0.011296013370156288
0.010938221588730812
0.010603410191833973
0.01028977707028389
0.009994018822908401
0.009713908657431602
0.009447848424315453
0.009193196892738342
0.008948869071900845
0.008714551106095314
