0.007845149375498295
0.009572445414960384
0.009871553629636765
0.009785251691937447
0.009560462087392807
0.009030817076563835
0.008617921732366085
0.008282695896923542
0.008014848455786705
0.007887019775807858
0.007632754277437925
0.007388359867036343
0.007207685150206089
0.007072619628161192
0.006970169022679329
0.006889258977025747
0.006824694573879242
0.0067738257348537445
0.00673313345760107
0.006699837278574705
0.0066717746667563915
0.006647985894232988
0.006626916583627462
0.006607663352042437
0.0065888273529708385
0.006571548990905285
0.006553872488439083
0.006535384338349104
0.006516410503536463
0.006497430149465799
0.006478667724877596
0.006459604483097792
0.006440871395170689
0.006423173006623983
0.006406472530215979
0.006390821188688278
0.006376025732606649
0.0005347742699086666
0.00046181067591533065
0.00044355157297104597
0.00043456151615828276
0.0004295734397601336
0.00042797610512934625
0.007106918841600418
0.007283590734004974
0.007153346668928862
0.007027176674455404
0.006871409714221954
0.006808700039982796
0.006748171988874674
0.006648196838796139
0.006566687952727079
0.006493181921541691
0.006428084801882505
0.006371619179844856
0.006323372013866901
0.006281915586441755
0.006244346033781767
0.006211062427610159
0.006181410513818264
0.00615479052066803
0.00613071583211422
0.006108582019805908
0.006087807472795248
0.006067965645343065
0.0060487184673547745
0.006029817741364241
0.0060111116617918015
0.005992484278976917
0.005973844323307276
0.005955077707767487
0.005936131812632084
0.005917007569223642
0.0058976938016712666
0.005878218449652195
0.005858591292053461
0.005838850978761911
0.005819026846438646
0.005799147300422192
0.005779217928647995
0.005759238265454769
0.005739079788327217
0.005718735512346029
0.005698273424059153
0.005677721928805113
0.005657102447003126
0.005636437330394983
0.005615877918899059
0.005595422349870205
0.005575002636760473
0.00555461086332798
0.005534246098250151
0.005513905081897974
0.005493585020303726
0.005473288707435131
0.005453063175082207
0.005432894453406334
0.005412735510617495
0.005392611958086491
0.005372561514377594
