0.06145917624235153
0.07120219618082047
0.07670217752456665
0.07759404927492142
0.0790247693657875
0.08272616565227509
0.08173017203807831
0.07958616316318512
0.07808570563793182
0.07740079611539841
0.07601842284202576
0.07467223703861237
0.07365259528160095
0.07286660373210907
0.0722237154841423
0.07168549299240112
0.07124318927526474
0.07086671888828278
0.07053200900554657
0.07022662460803986
0.06994174420833588
0.06966952979564667
0.06940629333257675
0.0691503956913948
0.0689002200961113
0.06865490227937698
0.06841505318880081
0.06817971169948578
0.06794711202383041
0.06771820783615112
0.0674954503774643
0.06727651506662369
0.0670589879155159
0.06684523820877075
0.06663312017917633
0.06642136722803116
0.0662185549736023
0.003824712708592415
0.00368638732470572
0.003616785164922476
0.0035809215623885393
0.0035745250061154366
0.0035701554734259844
0.0701521560549736
0.07397783547639847
0.07294922322034836
0.0714786946773529
0.06964197754859924
0.06893326342105865
0.06847041100263596
0.06748053431510925
0.06669484823942184
0.06604057550430298
0.06551429629325867
0.06509117037057877
0.06474444270133972
0.06444668024778366
0.06417665630578995
0.06392316520214081
0.06368426233530045
0.06345861405134201
0.0632440447807312
0.0630393996834755
0.06284286081790924
0.06265246868133545
0.062466371804475784
0.06228288635611534
0.062099918723106384
0.06191543489694595
0.061730071902275085
0.061545561999082565
0.06136193871498108
0.061179593205451965
0.06099843978881836
0.060819417238235474
0.06064187362790108
0.06046406179666519
0.060284633189439774
0.06010317802429199
0.05992014333605766
0.0597359873354435
0.05955188348889351
0.05936942622065544
0.059189360588788986
0.059012122452259064
0.05883665382862091
0.058662425726652145
0.05848928540945053
0.058316390961408615
0.05814201384782791
0.057963646948337555
0.05778238922357559
0.05759722366929054
0.05740975961089134
0.05722121149301529
0.05703176185488701
0.05684070661664009
0.05664664879441261
0.05644895136356354
0.056248635053634644
