0.09232670813798904
0.10252219438552856
0.1167086809873581
0.12727947533130646
0.13512083888053894
0.1393754482269287
0.14243030548095703
0.14437335729599
0.14587648212909698
0.14687496423721313
0.14759288728237152
0.1481754034757614
0.14871908724308014
0.14925254881381989
0.14977948367595673
0.1502591371536255
0.1506790965795517
0.15112076699733734
0.15162953734397888
0.15212398767471313
0.15259070694446564
0.1530151218175888
0.15344926714897156
0.1538490653038025
0.15432657301425934
0.15481029450893402
0.1552840620279312
0.15585756301879883
0.15667486190795898
0.15774579346179962
0.15911737084388733
0.16100865602493286
0.02359943278133869
0.01668461598455906
0.012490042485296726
0.010564411990344524
0.00914190523326397
0.008253445848822594
0.12590883672237396
0.13926474750041962
0.14711695909500122
0.1546790450811386
0.16268527507781982
0.16925321519374847
0.17471449077129364
0.17939640581607819
0.18364432454109192
0.18780048191547394
0.19214898347854614
0.19660289585590363
0.20117820799350739
0.20585200190544128
0.2108006626367569
0.21612206101417542
0.22185102105140686
0.22802546620368958
0.23478128015995026
0.24314174056053162
0.2527059018611908
0.26257428526878357
0.27302494645118713
0.2838379442691803
0.2964443564414978
0.31006816029548645
0.3249777555465698
0.34379804134368896
0.3484770357608795
0.3402145504951477
0.332545667886734
0.31937500834465027
0.307505339384079
0.3069797158241272
0.31355705857276917
0.3264259397983551
0.34450915455818176
0.36605703830718994
0.38515639305114746
1.3809970617294312
7.124546051025391
10.778447151184082
13.528703689575195
15.477932929992676
16.963743209838867
18.142658233642578
19.107017517089844
19.94065284729004
20.6866512298584
21.33792495727539
21.880544662475586
22.35137176513672
22.77777862548828
23.142047882080078
23.522554397583008
