0.04625924676656723
0.05380217358469963
0.056075405329465866
0.05724531412124634
0.05835549160838127
0.05898093432188034
0.05919233709573746
0.059285469353199005
0.05934613570570946
0.059442825615406036
0.059675611555576324
0.05988581106066704
0.0601135715842247
0.060379404574632645
0.060649897903203964
0.060888852924108505
0.06113772839307785
0.061413250863552094
0.061738502234220505
0.06212262809276581
0.0625883936882019
0.06311749666929245
0.06369543075561523
0.0643497183918953
0.06513150036334991
0.06600804626941681
0.0669676661491394
0.06799708306789398
0.069087915122509
0.07024944573640823
0.07148321717977524
0.07278386503458023
0.0030454539228230715
0.0028735657688230276
0.0027944461908191442
0.002780256327241659
0.002773408079519868
0.0027695628814399242
0.06172061711549759
0.06946825981140137
0.07371348142623901
0.07656624168157578
0.07870330661535263
0.08055282384157181
0.08234042674303055
0.08416157215833664
0.08611354231834412
0.08814828842878342
0.09042021632194519
0.09289193898439407
0.09472260624170303
0.096475750207901
0.09838779270648956
0.10013921558856964
0.10191832482814789
0.10477173328399658
0.10753767937421799
0.11034823209047318
0.11320553719997406
0.10974971950054169
0.10621512681245804
0.1029459536075592
0.09981539100408554
0.09677112847566605
0.093797966837883
0.09088626503944397
0.08803142607212067
0.08520328253507614
0.08242480456829071
0.07970428466796875
0.07711541652679443
0.07587718963623047
0.07466373592615128
0.07234329730272293
0.0701250284910202
0.06798424571752548
0.0659201517701149
0.06391272693872452
0.06196613237261772
0.06011969596147537
0.05836102366447449
0.0565054826438427
0.054606080055236816
0.05285222828388214
0.051272373646497726
0.0497337281703949
0.04821082949638367
0.04671384394168854
0.045217305421829224
0.043784305453300476
0.04254746437072754
0.04142626002430916
0.040261585265398026
