13.273576736450195
12.396419525146484
10.695372581481934
9.89342975616455
9.492963790893555
8.47575855255127
7.586276054382324
6.511760234832764
6.10793924331665
5.937978744506836
5.827059745788574
5.601149559020996
5.486250400543213
5.329796314239502
5.237574577331543
5.160714149475098
5.097212791442871
5.04373836517334
4.9993977546691895
4.964293479919434
4.938671112060547
4.92230224609375
4.915402412414551
4.917534351348877
4.929473876953125
4.952477931976318
4.988089084625244
5.046567916870117
5.12420129776001
5.218530178070068
5.3288750648498535
5.454710960388184
5.584020137786865
5.721408367156982
5.867829322814941
6.0250139236450195
6.194237232208252
6.376128196716309
1.1329296827316284
0.9887266755104065
0.9618517160415649
0.9816288948059082
1.0525141954421997
1.1091220378875732
9.936164855957031
10.414494514465332
9.927001953125
9.342934608459473
8.993658065795898
8.948232650756836
8.90877628326416
8.925506591796875
9.102560043334961
9.37348461151123
9.69836711883545
10.059405326843262
10.448868751525879
10.889317512512207
11.390764236450195
11.935644149780273
12.507205963134766
13.104852676391602
13.814669609069824
14.537103652954102
15.303579330444336
16.130035400390625
17.00715446472168
17.9169864654541
18.84518051147461
19.82233238220215
20.84265899658203
21.886661529541016
22.92806625366211
23.97201156616211
24.950986862182617
25.91812515258789
26.79148292541504
27.56070327758789
28.234350204467773
28.830867767333984
29.37039566040039
29.875469207763672
30.35833740234375
30.82326889038086
31.27435302734375
31.714324951171875
32.14514923095703
32.567752838134766
32.98316192626953
33.392051696777344
33.7967643737793
34.19471740722656
34.5854377746582
34.969268798828125
35.34780502319336
35.72353744506836
36.09822082519531
36.473060607910156
36.84864044189453
37.224002838134766
37.598487854003906
38.00075912475586
