0.022541271522641182
0.028330134227871895
0.030665533617138863
0.03068665601313114
0.03064943663775921
0.030710885301232338
0.030805671587586403
0.030942440032958984
0.03109770454466343
0.03133896365761757
0.03157251328229904
0.03176621347665787
0.03194015845656395
0.032128602266311646
0.03233307600021362
0.03255064785480499
0.03278820216655731
0.033039044588804245
0.03331926465034485
0.033665213733911514
0.03410140424966812
0.03461858630180359
0.03520622104406357
0.03586336597800255
0.03658806532621384
0.037374820560216904
0.038215521723032
0.039128586649894714
0.040124841034412384
0.04083118587732315
0.040329158306121826
0.039852771908044815
0.0018957778811454773
0.0013896526070311666
0.001420757849700749
0.0014424892142415047
0.001457744394429028
0.0014709479873999953
0.04010585695505142
0.04169053956866264
0.039968665689229965
0.03883470594882965
0.03811873123049736
0.03748920187354088
0.03687173128128052
0.0361093133687973
0.03533850237727165
0.03454535827040672
0.033726297318935394
0.03287208452820778
0.03202423080801964
0.031209837645292282
0.030379990115761757
0.029546046629548073
0.028696859255433083
0.027842259034514427
0.026992224156856537
0.026155052706599236
0.025334345176815987
0.02452946826815605
0.023739131167531013
0.022964002564549446
0.022204564884305
0.021455712616443634
0.02072153054177761
0.01999807171523571
0.019284266978502274
0.018579592928290367
0.01788928173482418
0.017549311742186546
0.017212146893143654
0.016551027074456215
0.01590966060757637
0.01560198049992323
0.015306413173675537
0.014753181487321854
0.014228198677301407
0.013726923614740372
0.013246459886431694
0.01278423797339201
0.012347755953669548
0.011933472007513046
0.011537128128111362
0.011157537810504436
0.010797516442835331
0.010462520644068718
0.010148787871003151
0.009852861985564232
0.009572215378284454
0.009305221028625965
0.009050079621374607
0.008806192316114902
0.008573169820010662
0.008351200260221958
0.008141150698065758
