0.008204524405300617
0.00928233377635479
0.010933040641248226
0.011470171622931957
0.011595580726861954
0.011709079146385193
0.011803795583546162
0.011882622726261616
0.011975091882050037
0.012074285186827183
0.01216853503137827
0.012250412255525589
0.012346208095550537
0.012446667067706585
0.012568363919854164
0.012713492847979069
0.012897776439785957
0.013118062168359756
0.013368398882448673
0.013644957914948463
0.01394851878285408
0.014280707575380802
0.014638599008321762
0.014972568489611149
0.01530511025339365
0.015653405338525772
0.016016239300370216
0.01640230044722557
0.01680765114724636
0.01722923293709755
0.01766776293516159
0.018125655129551888
0.001022570999339223
0.0010028089163824916
0.0010025538504123688
0.0010048536350950599
0.0010080388747155666
0.0010120624210685492
0.01853073760867119
0.019184745848178864
0.019518498331308365
0.01984044536948204
0.020125040784478188
0.020472606644034386
0.020895496010780334
0.02139919437468052
0.021836623549461365
0.022296937182545662
0.02280869148671627
0.02336100861430168
0.023941483348608017
0.024553516879677773
0.02518806792795658
0.025830069556832314
0.0264656413346529
0.027103018015623093
0.027741163969039917
0.028378384187817574
0.02901758998632431
0.029657604172825813
0.03029634989798069
0.030934497714042664
0.0315767340362072
0.032250892370939255
0.03292891010642052
0.03361130133271217
0.03429598733782768
0.03498620539903641
0.035691037774086
0.03607350215315819
0.03590598702430725
0.03465534374117851
0.03350546211004257
0.032944079488515854
0.032391879707574844
0.03132406994700432
0.03029181808233261
0.029293615370988846
0.028328748419880867
0.027395959943532944
0.026497965678572655
0.025633182376623154
0.024801330640912056
0.02400187961757183
0.023235725238919258
0.022506050765514374
0.021809853613376617
0.02114553563296795
0.020507849752902985
0.01989528350532055
0.01930767484009266
0.01874404586851597
0.01820707879960537
0.017697107046842575
0.017206288874149323
