0.00799458846449852
0.008258240297436714
0.007843895815312862
0.007584975566715002
0.007493255659937859
0.007338154595345259
0.0071214912459254265
0.006818050052970648
0.006664232350885868
0.006609844043850899
0.006558414548635483
0.0064225709065794945
0.006353229284286499
0.006195339374244213
0.006067787762731314
0.005962633062154055
0.0058735390193760395
0.005796816200017929
0.005730775650590658
0.00567329116165638
0.005624093115329742
0.005583296064287424
0.005548776127398014
0.0055193775333464146
0.00549438176676631
0.005472978111356497
0.005454449914395809
0.0054381778463721275
0.005423152353614569
0.005408662836998701
0.005394477862864733
0.0053806914947927
0.0053675188682973385
0.005354741588234901
0.005342293065041304
0.005330574233084917
0.00531976530328393
0.0053095342591404915
0.00046794291120022535
0.00045710671111010015
0.00045060375123284757
0.0004425708611961454
0.0004338542348705232
0.000431100808782503
0.005893940106034279
0.0059479475021362305
0.005896579008549452
0.00584437046200037
0.00576632609590888
0.005713879130780697
0.005624696612358093
0.005553435999900103
0.005500155966728926
0.005451438017189503
0.005405066069215536
0.005366328172385693
0.005330960266292095
0.00529805151745677
0.005267486907541752
0.005239556077867746
0.005213927943259478
0.005189478397369385
0.005166238639503717
0.005144638940691948
0.005124630872160196
0.005105756688863039
0.005087750032544136
0.005070505663752556
0.005053803324699402
0.005037552211433649
0.0050216373056173325
0.005005869548767805
0.004990168381482363
0.0049744900315999985
0.00495884008705616
0.004943273030221462
0.00492811156436801
0.004913213197141886
0.004898376297205687
0.004883587826043367
0.0048688133247196674
0.004853994585573673
0.0048390962183475494
0.0048241084441542625
0.004809045232832432
0.004793917760252953
0.004778705537319183
0.004763398785144091
0.004747999832034111
0.004732533358037472
0.0047170016914606094
0.004701409488916397
0.004685763735324144
0.0046700662933290005
0.004654329735785723
0.004638561978936195
0.0046227723360061646
0.004606928210705519
0.004591028671711683
0.004575112368911505
0.004559192806482315
