0.15622015297412872
0.15948818624019623
0.1783062368631363
0.20052470266819
0.21685722470283508
0.22128668427467346
0.22399796545505524
0.2257670909166336
0.2273673713207245
0.22881437838077545
0.23003704845905304
0.23118551075458527
0.23221777379512787
0.23309312760829926
0.2338183969259262
0.23464222252368927
0.2353699803352356
0.2359217405319214
0.2363387644290924
0.23673075437545776
0.23750907182693481
0.23838263750076294
0.239364892244339
0.24026666581630707
0.24114911258220673
0.24225294589996338
0.24349111318588257
0.24491332471370697
0.24669326841831207
0.25076690316200256
0.25670671463012695
0.2635542154312134
0.024290781468153
0.024108529090881348
0.023065466433763504
0.021390404552221298
0.02044936828315258
0.020030241459608078
0.22188815474510193
0.24395279586315155
0.2666255235671997
0.28498053550720215
0.30092349648475647
0.31557923555374146
0.32940906286239624
0.3427090644836426
0.35584551095962524
0.3688780665397644
0.38192087411880493
0.3953980803489685
0.41096222400665283
0.42874693870544434
0.44697993993759155
0.47066134214401245
0.5202474594116211
0.5987275838851929
0.7155529260635376
0.8907920718193054
1.1426533460617065
1.3441641330718994
15.573821067810059
32.18479537963867
43.89006042480469
54.021976470947266
63.535606384277344
72.45307159423828
81.23059844970703
90.01817321777344
99.1036148071289
108.23699188232422
112.5056381225586
116.24617767333984
119.41569519042969
121.88874053955078
123.94546508789062
125.72476196289062
127.2315673828125
128.4380645751953
129.32382202148438
129.92303466796875
130.25601196289062
130.2877960205078
130.12969970703125
129.8741912841797
129.59043884277344
129.2926788330078
129.0083770751953
128.4530029296875
127.74706268310547
127.0972671508789
126.52506256103516
125.96156311035156
