0.008264490403234959
0.009489437565207481
0.011279107071459293
0.011485088616609573
0.011606779880821705
0.01172004733234644
0.01181110367178917
0.011883467435836792
0.01197158731520176
0.012072039768099785
0.012163754552602768
0.012243889272212982
0.012342840433120728
0.012443582527339458
0.012562168762087822
0.0127078453078866
0.012890973128378391
0.013101647607982159
0.013331221416592598
0.013576656579971313
0.013841711916029453
0.014131373725831509
0.014446607790887356
0.014786876738071442
0.015081589110195637
0.015399616211652756
0.01573048159480095
0.016077617183327675
0.01644761674106121
0.016835063695907593
0.017239050939679146
0.01766120456159115
0.0010147519642487168
0.0009840282145887613
0.000977186020463705
0.0009747525909915566
0.0009750041645020247
0.0009769414318725467
0.017707116901874542
0.018594518303871155
0.019108373671770096
0.019537566229701042
0.019959045574069023
0.020407438278198242
0.020896729081869125
0.02145024947822094
0.021883515641093254
0.022356612607836723
0.022866547107696533
0.02342323772609234
0.02400827966630459
0.024618299677968025
0.02524684928357601
0.025890998542308807
0.026538634672760963
0.027196720242500305
0.02786538563668728
0.028539182618260384
0.029217708855867386
0.02990388125181198
0.030599508434534073
0.03130360320210457
0.03201959654688835
0.03277261182665825
0.033532340079545975
0.03429676592350006
0.035060908645391464
0.03585786372423172
0.036639634519815445
0.03605587035417557
0.03482871130108833
0.033678341656923294
0.03256872296333313
0.031494688242673874
0.030453715473413467
0.029441842809319496
0.028462262824177742
0.02751472219824791
0.026599379256367683
0.025718897581100464
0.02488168142735958
0.024090014398097992
0.023339366540312767
0.022625206038355827
0.02194356545805931
0.021292472258210182
0.02066962420940399
0.020072322338819504
0.019499026238918304
0.018951717764139175
0.0184318870306015
0.017931321635842323
