0.022123483940958977
0.025181107223033905
0.02923765406012535
0.030788712203502655
0.031307876110076904
0.03142594173550606
0.03153674677014351
0.0317518450319767
0.031931594014167786
0.032082632184028625
0.032178185880184174
0.03229518234729767
0.032416537404060364
0.03252857178449631
0.03263599053025246
0.03274650126695633
0.032898835837841034
0.0331011563539505
0.03335478529334068
0.03363913297653198
0.03393895924091339
0.03426022827625275
0.0346187986433506
0.03504891321063042
0.035567399114370346
0.03617005795240402
0.036842815577983856
0.03756370395421982
0.03832497447729111
0.039125554263591766
0.039968281984329224
0.04085591062903404
0.0022210711613297462
0.0018637117464095354
0.0018099166918545961
0.0018403936410322785
0.0018928932258859277
0.001962167676538229
0.03910226374864578
0.04211913049221039
0.043469157069921494
0.044358596205711365
0.04517354816198349
0.046054039150476456
0.04706517606973648
0.04810382053256035
0.04909687489271164
0.05018913373351097
0.05138131603598595
0.05267539620399475
0.05408598482608795
0.05554075166583061
0.05481840297579765
0.05343475192785263
0.05210869014263153
0.050806473940610886
0.04947887361049652
0.048149678856134415
0.046833477914333344
0.045546937733888626
0.04429338499903679
0.04306608811020851
0.0418628454208374
0.040734827518463135
0.039627496153116226
0.03852944076061249
0.037441372871398926
0.036363035440444946
0.03531844541430473
0.03430735319852829
0.03333243727684021
0.032392896711826324
0.03148585185408592
0.030608465895056725
0.029757549986243248
0.02893328294157982
0.028137093409895897
0.027368515729904175
0.02662760391831398
0.02591482363641262
0.025229373946785927
0.024569351226091385
0.02393222786486149
0.023314915597438812
0.0227191224694252
0.02214474231004715
0.021590910851955414
0.021056031808257103
0.02053968235850334
0.02004818618297577
0.019572950899600983
0.019114593043923378
