0.04632977768778801
0.05386532470583916
0.05616146698594093
0.05735178664326668
0.05843881517648697
0.059021372348070145
0.059191733598709106
0.05925438925623894
0.05930621176958084
0.059428732842206955
0.05967683717608452
0.059891339391469955
0.06013992428779602
0.060403548181056976
0.06064356118440628
0.06086849421262741
0.061113424599170685
0.061383455991744995
0.06171291321516037
0.06209961324930191
0.06258154660463333
0.06310779601335526
0.063676618039608
0.0643404871225357
0.065131276845932
0.06601740419864655
0.0669872909784317
0.06803172826766968
0.06913748383522034
0.07031756639480591
0.07157700508832932
0.07290937751531601
0.0030093707609921694
0.002829114207997918
0.0027912380173802376
0.0027778116054832935
0.0027716464828699827
0.0027683223597705364
0.062096625566482544
0.06993122398853302
0.07417798787355423
0.07698976993560791
0.07910311222076416
0.08095990866422653
0.08277292549610138
0.0846584290266037
0.08667214214801788
0.08880338817834854
0.09119955450296402
0.09353969991207123
0.09534841030836105
0.09720166772603989
0.09919772297143936
0.10096172243356705
0.1035115197300911
0.10640788823366165
0.10930638015270233
0.11226546764373779
0.1126544401049614
0.10883396118879318
0.10542846471071243
0.10220310837030411
0.09907487034797668
0.09602668881416321
0.09305176883935928
0.09013289958238602
0.08726410567760468
0.08442912250757217
0.08163782209157944
0.07890959829092026
0.07636979967355728
0.07397804409265518
0.07169567048549652
0.06949785351753235
0.0673762634396553
0.06533100455999374
0.06335432827472687
0.0614248588681221
0.05956672132015228
0.05772126093506813
0.05574756860733032
0.05382923781871796
0.0521605908870697
0.05052170529961586
0.04888032376766205
0.04723753780126572
0.04570375010371208
0.04438146576285362
0.04315472021698952
0.04196307063102722
0.040703658014535904
0.039485957473516464
