0.03708368167281151
0.03949901834130287
0.04386134445667267
0.04853600263595581
0.05084351822733879
0.05124947801232338
0.051401637494564056
0.05153646320104599
0.0516909584403038
0.051899127662181854
0.0521235316991806
0.052364006638526917
0.05256734415888786
0.05276396870613098
0.05298413336277008
0.05322359874844551
0.053472522646188736
0.05370432138442993
0.05394061282277107
0.054197873920202255
0.05453187972307205
0.05498281866312027
0.05553022027015686
0.05615350976586342
0.056846972554922104
0.057602230459451675
0.058427490293979645
0.059319209307432175
0.06025933101773262
0.06124813109636307
0.06230548396706581
0.06344690918922424
0.0037278556264936924
0.0035458561033010483
0.003521357197314501
0.0035242694430053234
0.0035321288742125034
0.0035380451008677483
0.06088035926222801
0.06190648674964905
0.06249912828207016
0.06360220909118652
0.0648694559931755
0.06633517891168594
0.06797585636377335
0.06975406408309937
0.0716354176402092
0.0735984742641449
0.07563453167676926
0.07784581929445267
0.08012493699789047
0.08215299248695374
0.08406206220388412
0.08598779141902924
0.08792584389448166
0.08947744965553284
0.09093723446130753
0.09232240170240402
0.0936092734336853
0.09484301507472992
0.09597785770893097
0.09703714400529861
0.09821007400751114
0.09979691356420517
0.10137184709310532
0.10289600491523743
0.10429353266954422
0.10555940866470337
0.10684331506490707
0.10815893858671188
0.10931707173585892
0.11036388576030731
0.11127734184265137
0.11220891773700714
0.11315575242042542
0.1142457127571106
0.11546438932418823
0.11670583486557007
0.11782658845186234
0.11912482976913452
0.11973100900650024
0.11559842526912689
0.11178813874721527
0.10809356719255447
0.1044139489531517
0.10115305334329605
0.09818696230649948
0.09536793828010559
0.09265563637018204
0.09008552879095078
0.08760928362607956
0.08520922809839249
0.08288072794675827
