0.008192249573767185
0.00925438478589058
0.010897722095251083
0.011461998336017132
0.011586450971662998
0.011697476729750633
0.011793146841228008
0.011872566305100918
0.011956430971622467
0.012049240991473198
0.01214380282908678
0.012225066311657429
0.012312313541769981
0.012402252294123173
0.012511583976447582
0.012638304382562637
0.012795389629900455
0.012987891212105751
0.013212972320616245
0.013463422656059265
0.013738207519054413
0.014039887115359306
0.014368366450071335
0.014720232225954533
0.015031972900032997
0.01535824965685606
0.015697460621595383
0.016050176694989204
0.01642579585313797
0.016818730160593987
0.01722673699259758
0.017650196328759193
0.001000046730041504
0.0009817713871598244
0.0009809712646529078
0.0009833427611738443
0.0009864099556580186
0.000990218948572874
0.017988933250308037
0.018595272675156593
0.018905429169535637
0.019205056130886078
0.019470442086458206
0.019781550392508507
0.020164329558610916
0.020617688074707985
0.021130578592419624
0.021649926900863647
0.02210901863873005
0.02260943315923214
0.023148050531744957
0.023709410801529884
0.02429727278649807
0.02491302601993084
0.02553473226726055
0.02616039291024208
0.02677927166223526
0.027401408180594444
0.028024746105074883
0.028650732710957527
0.02927686646580696
0.029901809990406036
0.030526572838425636
0.03115098550915718
0.031784508377313614
0.03244541957974434
0.03311019018292427
0.03377842158079147
0.03444734588265419
0.03512018546462059
0.035809095948934555
0.036143362522125244
0.03491942957043648
0.03379737213253975
0.03272169455885887
0.03168179839849472
0.03067466802895069
0.02969818189740181
0.028753267601132393
0.02783971279859543
0.02695596218109131
0.026103494688868523
0.025282083079218864
0.024492522701621056
0.02373177744448185
0.023005643859505653
0.022312546148896217
0.021649187430739403
0.021013183519244194
0.020401054993271828
0.019813288003206253
0.01925884746015072
0.01873115450143814
