0.00836692564189434
0.00949004478752613
0.011292358860373497
0.011538294143974781
0.01167166419327259
0.011799748055636883
0.011893300339579582
0.011975066736340523
0.012112739495933056
0.012230349704623222
0.012339327484369278
0.012450102716684341
0.012560988776385784
0.012694403529167175
0.012843495234847069
0.013018671423196793
0.013216407969594002
0.013427801430225372
0.01365170069038868
0.013892424292862415
0.014155772514641285
0.01444638054817915
0.014764552935957909
0.015060336329042912
0.01536465436220169
0.015691325068473816
0.016036605462431908
0.016398120671510696
0.016776422038674355
0.01717323437333107
0.017590230330824852
0.018029367551207542
0.0010074978927150369
0.0009845281019806862
0.000980547396466136
0.0009767996380105615
0.0009738168446347117
0.0009731097379699349
0.017719289287924767
0.018787989392876625
0.019434044137597084
0.019951678812503815
0.02044694498181343
0.020966649055480957
0.02156331203877926
0.022021397948265076
0.02250882051885128
0.023020347580313683
0.0235636867582798
0.024141935631632805
0.024763429537415504
0.02540905959904194
0.026056494563817978
0.026717379689216614
0.02739585191011429
0.02809438854455948
0.028802860528230667
0.029516203328967094
0.030233733355998993
0.030954672023653984
0.03169047459959984
0.03245259448885918
0.03321735933423042
0.03398635610938072
0.03475578501820564
0.03552519902586937
0.03632563725113869
0.035207320004701614
0.03405957669019699
0.032979048788547516
0.031941600143909454
0.030953556299209595
0.030009737238287926
0.029103871434926987
0.028233902528882027
0.027400147169828415
0.02660026215016842
0.025832369923591614
0.025094972923398018
0.024387937039136887
0.023710880428552628
0.023060597479343414
0.022435886785387993
0.021836739033460617
0.02126186527311802
0.020709319040179253
0.02017749287188053
0.019665013998746872
0.019170310348272324
0.018692361190915108
0.018230363726615906
0.017783645540475845
