0.04041701927781105
0.043623704463243484
0.04825889691710472
0.0537276528775692
0.055063214153051376
0.05546395853161812
0.05574601888656616
0.05607368052005768
0.05639343336224556
0.056670624762773514
0.05687698349356651
0.05705970898270607
0.05726776644587517
0.05748722702264786
0.05770859494805336
0.057930588722229004
0.058146558701992035
0.05834059417247772
0.058541540056467056
0.05873532593250275
0.05893358588218689
0.059126295149326324
0.0593327060341835
0.05957329273223877
0.05983823165297508
0.060162052512168884
0.06054890155792236
0.06097649037837982
0.06143747642636299
0.06194426864385605
0.0625092089176178
0.06313488632440567
0.003365469630807638
0.0030677684117108583
0.002910180250182748
0.002811678685247898
0.0028009817469865084
0.0027920936699956656
0.05615449324250221
0.059527479112148285
0.0617670938372612
0.06346844881772995
0.06493707746267319
0.06630690395832062
0.06764619052410126
0.06899862736463547
0.07036043703556061
0.07172700017690659
0.07311046868562698
0.07451925426721573
0.07595214992761612
0.07739534229040146
0.07883603870868683
0.08028347045183182
0.08103735744953156
0.08178810775279999
0.0832524299621582
0.08474646508693695
0.08620156347751617
0.08762828260660172
0.08910945057868958
0.09057111293077469
0.09205817431211472
0.09312257170677185
0.09417050331830978
0.09527845680713654
0.09637551754713058
0.09748397767543793
0.09860022366046906
0.09911596029996872
0.09969880431890488
0.10083471983671188
0.10271171480417252
0.10460113734006882
0.10645737498998642
0.10837741941213608
0.1103326678276062
0.1122831329703331
0.11423959583044052
0.11606941372156143
0.11772224307060242
0.11930924654006958
0.12104670703411102
0.12295673042535782
0.1249416321516037
0.12688535451889038
0.12882402539253235
0.13075830042362213
0.13255421817302704
0.1342151165008545
0.13583803176879883
0.13715305924415588
0.1383054107427597
0.1397826224565506
