0.16504636406898499
0.1876756101846695
0.2045172154903412
0.20669974386692047
0.20772936940193176
0.2086162567138672
0.20940463244915009
0.21017952263355255
0.2108740657567978
0.21152178943157196
0.21211333572864532
0.2126379907131195
0.21309883892536163
0.21368373930454254
0.2142968326807022
0.21475858986377716
0.21536241471767426
0.2158995121717453
0.2165437638759613
0.2170718014240265
0.21756680309772491
0.21815195679664612
0.21889187395572662
0.21969389915466309
0.2205839306116104
0.2215663194656372
0.22272758185863495
0.22401779890060425
0.22552964091300964
0.22741611301898956
0.22957240045070648
0.231941819190979
0.01059547159820795
0.010584751144051552
0.010629892349243164
0.01064870785921812
0.01065908931195736
0.010644664987921715
0.21606361865997314
0.22567759454250336
0.2313113957643509
0.23673687875270844
0.24201102554798126
0.2472643405199051
0.25244370102882385
0.2575487792491913
0.26271548867225647
0.268039733171463
0.2734605073928833
0.2797747254371643
0.29016953706741333
0.30054420232772827
0.31116119027137756
0.3227400481700897
0.33520016074180603
0.348390132188797
0.36270156502723694
0.36582615971565247
0.35949522256851196
0.3529701232910156
0.3464898467063904
0.339974045753479
0.3333699405193329
0.32667601108551025
0.31988272070884705
0.31300103664398193
0.3061748147010803
0.29941320419311523
0.29273369908332825
0.28612276911735535
0.2795282304286957
0.2729015052318573
0.2664697766304016
0.2597346603870392
0.25289320945739746
0.2462698370218277
0.23984549939632416
0.23361197113990784
0.22746743261814117
0.22140945494174957
0.21531933546066284
0.2094690054655075
0.2038375735282898
0.1983436942100525
0.19291813671588898
0.18744859099388123
0.18201987445354462
0.17667365074157715
0.17131777107715607
0.16627466678619385
0.16134817898273468
0.15638135373592377
