0.04098769277334213
0.04493023827672005
0.05157242342829704
0.05471944808959961
0.055249061435461044
0.055654365569353104
0.055880773812532425
0.05603886768221855
0.05621697008609772
0.056432612240314484
0.05667201802134514
0.056867655366659164
0.05703975632786751
0.057225778698921204
0.057390108704566956
0.057578496634960175
0.057753585278987885
0.05793604627251625
0.058108821511268616
0.05826481431722641
0.058419398963451385
0.05858921632170677
0.05878100544214249
0.05901016294956207
0.05929047614336014
0.05966007336974144
0.06010154262185097
0.060602545738220215
0.061134301126003265
0.06168976426124573
0.062291767448186874
0.06294293701648712
0.0032430298160761595
0.0029643126763403416
0.002833156380802393
0.0027877867687493563
0.002781063551083207
0.002776313805952668
0.05696593225002289
0.06065437197685242
0.06278665363788605
0.06429963558912277
0.06557465344667435
0.0667567104101181
0.0679357722401619
0.06914443522691727
0.07037283480167389
0.07161837816238403
0.07288821786642075
0.07418430596590042
0.07550852745771408
0.07686244696378708
0.07824764400720596
0.07965991646051407
0.08108566701412201
0.08257345110177994
0.08411677926778793
0.08572865277528763
0.08727731555700302
0.0887865200638771
0.09031651169061661
0.09189728647470474
0.0932072177529335
0.0942901149392128
0.0953463762998581
0.0964822769165039
0.09761644899845123
0.09872961789369583
0.09981056302785873
0.10088378190994263
0.10221025347709656
0.10404825210571289
0.10576663166284561
0.10750613361597061
0.10935864597558975
0.11116829514503479
0.11276009678840637
0.11406229436397552
0.1151619553565979
0.11629742383956909
0.11758939176797867
0.11901088058948517
0.12061348557472229
0.1224311962723732
0.1243199035525322
0.12645305693149567
0.1289200633764267
0.13115011155605316
0.13309673964977264
0.13520488142967224
0.1376834362745285
0.14036916196346283
