0.03706888481974602
0.03862963244318962
0.04245729371905327
0.04628419503569603
0.0494106225669384
0.05085630342364311
0.05119790509343147
0.05132804065942764
0.051437802612781525
0.05154614895582199
0.051657408475875854
0.0518246553838253
0.05200694501399994
0.05220308527350426
0.052399132400751114
0.05256827175617218
0.05273126810789108
0.052899669855833054
0.05308319255709648
0.05327705666422844
0.05347869545221329
0.05367260426282883
0.053866125643253326
0.05407429486513138
0.05431937053799629
0.05461125820875168
0.054985515773296356
0.05543511360883713
0.05593505874276161
0.05647878721356392
0.05705936625599861
0.05767671391367912
0.0033771726302802563
0.003095875261351466
0.0030242165084928274
0.0029836688190698624
0.002954497467726469
0.002931028138846159
0.054122842848300934
0.0565764494240284
0.05771631374955177
0.058675896376371384
0.059635937213897705
0.06063306704163551
0.06168360635638237
0.06279847025871277
0.06394541263580322
0.06513669341802597
0.06635988503694534
0.06762031465768814
0.06891414523124695
0.0702311247587204
0.07156427949666977
0.07291185855865479
0.07426775991916656
0.07567057758569717
0.07716000080108643
0.07870863378047943
0.08023868501186371
0.08152507990598679
0.08275225013494492
0.08396783471107483
0.08518024533987045
0.08644827455282211
0.08772794902324677
0.08891189098358154
0.08995328098535538
0.09097718447446823
0.09196032583713531
0.0928705558180809
0.09373942762613297
0.09455834329128265
0.09536444395780563
0.09617551416158676
0.09698530286550522
0.0978558287024498
0.09892205148935318
0.10010410100221634
0.10121110826730728
0.10218651592731476
0.10306210070848465
0.10388258099555969
0.10473363101482391
0.10556256026029587
0.10631200671195984
0.10703105479478836
0.10783613473176956
0.1087595745921135
0.10977933555841446
0.11073680967092514
0.1116916611790657
0.11275595426559448
