2049.847412109375
2012.0447998046875
2081.0712890625
2063.789306640625
2046.6295166015625
2035.2056884765625
2032.778076171875
2035.7637939453125
2037.504638671875
2039.1771240234375
2035.7161865234375
2030.9683837890625
2026.2584228515625
2038.4691162109375
2039.95166015625
2039.5989990234375
2052.918701171875
2066.33203125
2079.033935546875
2088.8681640625
2101.2802734375
2108.995361328125
2119.61474609375
2136.035888671875
2159.235107421875
2198.202880859375
2249.7392578125
2305.79638671875
2375.4619140625
2458.0888671875
2548.349609375
2651.2216796875
122.54165649414062
123.20223236083984
123.67273712158203
124.04780578613281
124.38087463378906
124.68866729736328
2248.19384765625
2440.9228515625
2610.93115234375
2808.87841796875
3030.244384765625
3261.65087890625
3494.853515625
3729.1455078125
3958.999267578125
4188.3984375
4413.876953125
4633.84619140625
4857.62548828125
5083.71533203125
5311.513671875
5516.15087890625
5444.09375
5370.998046875
5297.85302734375
5220.16845703125
5138.09619140625
5053.212890625
4965.62158203125
4873.6494140625
4778.0849609375
4679.01904296875
4589.4970703125
4510.52490234375
4424.51953125
4327.8740234375
4227.81884765625
4127.87744140625
4029.196533203125
3934.220458984375
3838.922119140625
3742.71630859375
3646.138427734375
3550.512451171875
3454.18505859375
3356.927734375
3256.415771484375
3157.335693359375
3063.803466796875
2976.529296875
2895.18115234375
2814.75341796875
2736.310302734375
2661.861328125
2588.27294921875
2515.06640625
2443.085693359375
2368.641845703125
2296.176025390625
2223.9501953125
