2057.66015625
2034.593017578125
2012.5274658203125
2032.6536865234375
2017.2366943359375
2020.784423828125
2048.406982421875
2056.2421875
2060.313232421875
2073.773681640625
2087.913330078125
2117.248291015625
2166.103759765625
2221.770751953125
2281.603271484375
2357.320556640625
2457.81982421875
2576.128662109375
2706.4169921875
2846.02197265625
2995.903564453125
3156.663330078125
3328.65380859375
3512.29833984375
3707.723388671875
3915.8564453125
4136.16015625
4368.3134765625
4611.77978515625
4865.21240234375
5126.71142578125
5395.6357421875
247.93299865722656
235.6776123046875
234.7605743408203
237.63487243652344
242.7256317138672
249.31210327148438
6131.06005859375
6742.2412109375
7090.71533203125
7406.36181640625
7741.91455078125
8140.77197265625
8547.14453125
8954.16796875
9359.0732421875
9789.66015625
10248.0654296875
10741.26171875
11274.1826171875
11829.560546875
12395.3994140625
12973.43359375
13571.6953125
14181.623046875
14801.681640625
15436.4423828125
16089.6513671875
16758.494140625
17434.01171875
18112.3671875
18792.4296875
18935.6484375
18710.03515625
18498.244140625
18282.623046875
18057.4765625
17820.888671875
17572.359375
17312.033203125
17040.482421875
16758.544921875
16466.490234375
16165.5625
15854.5693359375
15537.7421875
15216.7861328125
14890.66015625
14561.0185546875
14228.4267578125
13895.626953125
13566.8193359375
13241.509765625
13078.208984375
12910.580078125
12583.0615234375
12268.666015625
11960.5029296875
11657.1767578125
11358.9716796875
11065.8037109375
10779.7109375
