2061.707763671875
2023.8382568359375
2007.295166015625
2081.67724609375
2094.7060546875
2099.372802734375
2153.30810546875
2194.3916015625
2216.473876953125
2231.00146484375
2244.1416015625
2251.921142578125
2256.68359375
2260.405029296875
2260.8310546875
2259.789794921875
2261.780517578125
2267.750732421875
2278.4326171875
2304.753173828125
2323.723388671875
2336.827392578125
2353.815673828125
2386.84814453125
2431.0703125
2487.7783203125
2553.755859375
2631.349609375
2725.0791015625
2842.970947265625
2975.525634765625
3112.114990234375
117.23548126220703
120.23070526123047
125.06111145019531
134.1395263671875
136.2627716064453
135.6882781982422
2419.20361328125
2699.6787109375
2987.227783203125
3249.018798828125
3485.26611328125
3695.8359375
3884.343505859375
4058.302734375
4224.87451171875
4385.755859375
4542.55615234375
4699.84375
4859.5498046875
5022.7666015625
5208.1484375
5411.837890625
5620.40771484375
5829.70654296875
6042.4990234375
6263.7939453125
6468.73681640625
6664.91455078125
6860.92333984375
7039.16455078125
7205.0703125
7359.9755859375
7485.8779296875
7603.767578125
7701.787109375
7790.298828125
7873.09423828125
7892.064453125
7889.03857421875
7872.90478515625
7875.173828125
7653.33349609375
7359.6962890625
7105.44873046875
6870.853515625
6639.810546875
6409.97216796875
6195.69580078125
5983.81103515625
5781.4990234375
5563.5224609375
5340.7099609375
5110.2578125
4882.0654296875
4647.55517578125
4409.2666015625
4167.46923828125
3933.750244140625
3753.48193359375
3614.98291015625
