2037.6875
2009.3397216796875
2063.7734375
2049.638916015625
2035.7923583984375
2029.253173828125
2020.947265625
2029.896728515625
2024.6273193359375
2019.79443359375
2025.0230712890625
2034.3887939453125
2048.302490234375
2071.986572265625
2097.037353515625
2128.940673828125
2163.831787109375
2212.26953125
2285.535400390625
2380.32568359375
2493.7900390625
2623.456787109375
2768.688720703125
2927.31982421875
3099.843994140625
3285.251953125
3483.3173828125
3695.374267578125
3921.443115234375
4159.95947265625
4412.8671875
4682.51708984375
187.7144317626953
217.0685577392578
227.05377197265625
229.42759704589844
230.46295166015625
231.9283905029297
5452.3837890625
5819.8466796875
6115.6923828125
6545.98193359375
6913.0283203125
7281.46044921875
7647.79296875
8050.88720703125
8458.84375
8889.9931640625
9359.6171875
9847.12890625
10370.8935546875
10925.048828125
11517.3837890625
12140.2724609375
12790.6494140625
13466.8798828125
14166.92578125
14877.7373046875
15591.791015625
16103.599609375
16088.421875
16055.6650390625
15998.974609375
15918.15625
15813.78125
15688.5380859375
15546.2421875
15388.4814453125
15215.5751953125
15028.19921875
14827.451171875
14614.9560546875
14391.623046875
14158.572265625
13917.3056640625
13794.162109375
13669.1552734375
13413.873046875
13153.4912109375
12890.126953125
12623.078125
12354.990234375
12085.2626953125
11814.36328125
11544.2734375
11266.330078125
10991.82421875
10728.751953125
10473.4248046875
10221.1435546875
9972.720703125
9728.8505859375
9490.34375
9256.0341796875
