2083.64892578125
2060.919921875
2034.818115234375
2017.00830078125
2009.7598876953125
2029.133056640625
2047.1695556640625
2044.1812744140625
2037.2110595703125
2032.661376953125
2037.6304931640625
2054.779052734375
2064.526123046875
2077.984619140625
2087.168701171875
2105.57421875
2132.41845703125
2166.22998046875
2207.191162109375
2254.50732421875
2314.2861328125
2398.653564453125
2503.684326171875
2627.01904296875
2766.528564453125
2919.115234375
3082.580078125
3255.701171875
3436.42333984375
3622.67626953125
3814.015380859375
4015.868408203125
170.22679138183594
174.3019561767578
187.19573974609375
198.63050842285156
208.13043212890625
216.1248016357422
4454.8564453125
4590.9580078125
4679.51708984375
4776.9794921875
4904.66259765625
5065.4365234375
5255.75927734375
5473.7548828125
5711.509765625
5964.2568359375
6227.6025390625
6514.27490234375
6825.2021484375
7164.43505859375
7545.3544921875
7920.947265625
8306.8037109375
8695.611328125
9072.9638671875
9442.2177734375
9807.5654296875
10167.2431640625
10522.99609375
10872.8115234375
11215.3310546875
11557.7822265625
11888.1787109375
12217.498046875
12534.9716796875
12842.4365234375
13149.0869140625
13452.2958984375
13740.8876953125
14014.775390625
14148.048828125
14278.4130859375
14528.072265625
14764.4755859375
14986.8759765625
15190.6953125
15376.6142578125
15540.8486328125
15683.0888671875
15798.689453125
15890.46484375
15964.392578125
16016.501953125
16048.083984375
16060.7958984375
16056.8818359375
16039.5087890625
16008.38671875
15965.4326171875
15908.1337890625
15836.6318359375
