2051.725341796875
2013.34521484375
2072.484130859375
2068.395263671875
2048.255615234375
2035.4906005859375
2026.5596923828125
2033.2518310546875
2032.9461669921875
2038.2586669921875
2039.77880859375
2039.3677978515625
2042.7669677734375
2046.020751953125
2052.1669921875
2059.115966796875
2064.562255859375
2072.942626953125
2079.8984375
2083.126220703125
2088.243896484375
2098.10986328125
2113.228759765625
2129.17236328125
2149.7998046875
2175.892333984375
2210.70458984375
2249.4833984375
2302.08544921875
2363.457275390625
2429.906005859375
2500.0126953125
121.5645980834961
122.18603515625
122.72647094726562
123.19384765625
123.60842895507812
123.98375701904297
1972.796142578125
2183.7080078125
2279.957275390625
2468.536376953125
2646.078125
2819.6787109375
2993.643798828125
3163.85498046875
3328.52685546875
3492.570068359375
3660.50390625
3832.8466796875
4007.281005859375
4179.099609375
4347.35595703125
4514.79833984375
4685.40966796875
4857.75048828125
5044.0537109375
5166.79052734375
5082.79248046875
4996.09619140625
4907.341796875
4815.95849609375
4722.19873046875
4626.97021484375
4531.3544921875
4434.55712890625
4336.0146484375
4234.123046875
4129.13427734375
4024.53515625
3921.13427734375
3818.416748046875
3715.143310546875
3612.447021484375
3512.71875
3425.040283203125
3344.190673828125
3260.39453125
3177.670166015625
3087.632568359375
2997.16357421875
2909.785888671875
2824.161376953125
2731.913818359375
2635.783203125
2546.134765625
2464.505615234375
2389.15087890625
2317.85400390625
2244.957763671875
2173.4306640625
2100.980712890625
2026.500244140625
