2022.2152099609375
2061.08740234375
2060.908203125
2047.6639404296875
2028.0997314453125
2029.7451171875
2025.8697509765625
2027.6241455078125
2038.77001953125
2043.73583984375
2064.592529296875
2100.094482421875
2126.032470703125
2156.758544921875
2204.729736328125
2266.8564453125
2356.6845703125
2471.513671875
2603.105712890625
2747.919921875
2905.704345703125
3080.259521484375
3269.670166015625
3474.805419921875
3698.621337890625
3947.781005859375
4221.77197265625
4517.0849609375
4835.1650390625
5169.8505859375
5521.82373046875
5889.9306640625
6282.6298828125
279.3731994628906
279.8794860839844
273.6942138671875
270.1869812011719
274.2342834472656
282.35247802734375
293.0357666015625
7821.4091796875
8503.28125
8985.029296875
9491.193359375
10062.5009765625
10679.267578125
11328.4365234375
11993.1962890625
12677.4072265625
13381.533203125
13647.599609375
13671.0205078125
13674.544921875
13652.755859375
13606.2255859375
13534.767578125
13440.796875
13324.623046875
13186.505859375
13028.5126953125
12853.6513671875
12661.1875
12452.7685546875
12230.0380859375
11994.4228515625
11744.62109375
11488.037109375
11223.7294921875
10953.1337890625
10678.728515625
10401.388671875
10264.5888671875
10118.998046875
9839.4287109375
9703.611328125
9569.3583984375
9305.3134765625
9049.5419921875
8800.375
8558.0595703125
8324.1357421875
8097.64599609375
7878.52978515625
7667.11279296875
7463.5712890625
7269.48486328125
7081.7587890625
6899.8330078125
6723.623046875
6552.3427734375
6388.3662109375
6233.318359375
6081.77734375
5934.28466796875
5791.001953125
5651.9990234375
