2074.729736328125
2047.136474609375
2027.6971435546875
2057.53662109375
2041.9571533203125
2089.79736328125
2091.798583984375
2071.74853515625
2062.143798828125
2024.0159912109375
1977.2701416015625
1930.3525390625
1890.943603515625
1861.157470703125
1831.9564208984375
1803.9119873046875
1777.1182861328125
1751.783935546875
1730.88427734375
1711.71142578125
1696.646728515625
1682.460205078125
1667.382568359375
1654.4163818359375
1637.935302734375
1621.128173828125
1607.88818359375
1600.4791259765625
1597.26171875
1596.0552978515625
1594.3377685546875
1591.4727783203125
1587.7880859375
115.16752624511719
115.76465606689453
116.63558197021484
117.97901916503906
118.94004821777344
119.646728515625
120.20909881591797
1366.900390625
1592.6810302734375
1688.06689453125
1738.4854736328125
1771.1383056640625
1794.2412109375
1819.98681640625
1847.47509765625
1871.1212158203125
1891.2906494140625
1909.806884765625
1925.9879150390625
1940.8033447265625
1955.7471923828125
1970.361572265625
1983.7406005859375
1995.0333251953125
2003.792236328125
2010.2198486328125
2014.5517578125
2017.056640625
2018.02587890625
2017.2996826171875
2014.5640869140625
2009.707275390625
2001.6414794921875
1989.8607177734375
1974.3408203125
1955.493896484375
1934.1212158203125
1911.3497314453125
1899.76953125
1887.97998046875
1864.7633056640625
1853.446533203125
1842.2734375
1822.3076171875
1803.8984375
1786.28271484375
1769.0616455078125
1751.955078125
1734.625732421875
1716.6788330078125
1698.189453125
1679.177978515625
1659.3502197265625
1638.6759033203125
1617.1822509765625
1595.0439453125
1572.347900390625
1549.188720703125
1525.7060546875
1501.936767578125
1477.9600830078125
1453.8955078125
1429.7919921875
