2083.144287109375
2053.2080078125
2020.3853759765625
2004.77392578125
2010.8798828125
2046.3056640625
2040.49072265625
2028.2926025390625
2036.7325439453125
2062.944091796875
2084.953125
2099.697998046875
2123.395751953125
2153.3349609375
2185.4619140625
2208.4794921875
2224.748779296875
2243.9248046875
2273.263427734375
2321.1611328125
2389.5556640625
2471.46484375
2568.162109375
2679.681640625
2806.784912109375
2950.48046875
3108.66845703125
3276.1416015625
3449.47509765625
3628.26123046875
3814.190673828125
4009.23974609375
4211.1845703125
167.009521484375
152.1612548828125
147.82135009765625
145.21304321289062
143.3233184814453
141.89093017578125
3713.92333984375
3906.66748046875
4015.0087890625
4203.923828125
4390.00146484375
4586.123046875
4800.01025390625
5036.787109375
5296.8720703125
5563.26025390625
5848.41455078125
6163.70654296875
6484.578125
6813.97412109375
7135.0126953125
7432.5078125
7693.32373046875
7937.38134765625
8139.68603515625
8305.12109375
8446.923828125
8579.7998046875
8690.953125
8781.5498046875
8856.6123046875
8914.9267578125
8969.779296875
9006.6982421875
9016.8818359375
9012.1845703125
9003.857421875
8990.240234375
8971.9296875
8948.7001953125
8921.734375
8887.2861328125
8599.5146484375
8247.4921875
7924.3564453125
7623.84765625
7344.93896484375
7085.14306640625
6843.98095703125
6619.1181640625
6403.6904296875
6197.06689453125
5998.7998046875
5810.6474609375
5633.060546875
5463.92529296875
5302.87548828125
5146.470703125
4991.96923828125
4841.59326171875
4695.21923828125
