2061.611328125
2035.368408203125
2077.751708984375
2053.8701171875
2040.7030029296875
2037.90625
2034.1307373046875
2029.285888671875
2029.5394287109375
2034.97900390625
2038.91748046875
2042.9051513671875
2049.094482421875
2058.77978515625
2072.589111328125
2079.567626953125
2091.206298828125
2104.0439453125
2124.185546875
2151.527099609375
2181.24462890625
2222.567138671875
2270.505126953125
2328.3623046875
2410.39111328125
2499.86279296875
2611.185546875
2771.84423828125
2910.546142578125
2837.000732421875
2764.054443359375
2689.462890625
115.32115173339844
119.75192260742188
120.2827377319336
121.171875
121.82145690917969
122.34528350830078
122.77265930175781
2154.69140625
2333.536865234375
2372.08154296875
2415.692138671875
2456.225830078125
2572.64404296875
2696.860595703125
2796.1220703125
2890.984130859375
2961.60009765625
2999.030517578125
3008.610595703125
3000.804443359375
2981.003173828125
2949.88427734375
2906.334716796875
2851.250244140625
2790.239501953125
2724.777099609375
2658.8359375
2587.950927734375
2514.67578125
2446.169677734375
2383.446533203125
2328.12890625
2279.000732421875
2232.133544921875
2186.105712890625
2142.646484375
2098.98974609375
2057.077880859375
2018.1361083984375
1982.1959228515625
1948.32861328125
1915.2669677734375
1882.5169677734375
1849.0325927734375
1814.7357177734375
1779.7850341796875
1743.856689453125
1707.343017578125
1670.4923095703125
1633.522705078125
1597.3433837890625
1561.1422119140625
1525.377685546875
1489.5455322265625
1454.07080078125
1419.050048828125
1384.5323486328125
1350.5015869140625
1317.0201416015625
1284.32373046875
1252.6168212890625
1221.954833984375
