2037.489990234375
2037.479248046875
2410.100341796875
2589.30224609375
2568.40673828125
2440.087890625
2342.574951171875
2273.46240234375
2233.793701171875
2226.667724609375
2247.504150390625
2272.206298828125
2295.59814453125
2319.94970703125
2356.14794921875
2404.809326171875
2464.990234375
2537.25439453125
2625.38623046875
2730.9580078125
2855.00537109375
2994.50927734375
3149.61767578125
3320.630126953125
3507.64111328125
3709.0556640625
3923.36328125
4149.65869140625
4384.8837890625
4635.65966796875
4893.765625
5167.66943359375
5195.06396484375
212.8046417236328
155.48648071289062
138.88906860351562
132.1709442138672
130.70230102539062
130.3453369140625
4652.0888671875
6307.51416015625
6268.2861328125
5953.7548828125
5884.87841796875
5953.693359375
6067.67626953125
6197.9775390625
6324.94140625
6441.662109375
6534.68212890625
6606.7705078125
6655.0458984375
6683.498046875
6698.6630859375
6698.70703125
6683.35986328125
6653.255859375
6608.90966796875
6551.767578125
6482.96533203125
6403.55615234375
6313.50341796875
6213.8798828125
6105.96435546875
5990.85546875
5869.73486328125
5743.71044921875
5613.78125
5480.90478515625
5346.54833984375
5212.1748046875
5078.62353515625
4946.63623046875
4816.6318359375
4688.91357421875
4563.5380859375
4440.703125
4320.685546875
4203.64453125
4089.640625
3978.76171875
3871.06884765625
3766.044189453125
3664.36083984375
3565.938720703125
3470.771484375
3378.85009765625
3290.130126953125
3204.54541015625
3121.994873046875
3042.486083984375
2965.860595703125
2891.810791015625
2820.24365234375
