2041.41943359375
2012.3408203125
2055.491943359375
2053.95361328125
2037.8060302734375
2026.0789794921875
2016.0489501953125
2029.845703125
2042.5340576171875
2043.866943359375
2047.1812744140625
2050.603271484375
2062.691162109375
2088.410888671875
2119.25341796875
2144.915283203125
2175.22265625
2218.477294921875
2278.2744140625
2359.3583984375
2455.782470703125
2564.076171875
2682.990966796875
2810.34912109375
2947.85400390625
3094.94580078125
3249.38720703125
3412.303955078125
3585.509521484375
3771.049072265625
3974.625
4196.91357421875
151.3776397705078
177.90357971191406
189.4688262939453
193.475830078125
195.56314086914062
197.74757385253906
4815.123046875
5100.15478515625
5290.6767578125
5545.23291015625
5765.04248046875
5987.55712890625
6223.451171875
6480.60107421875
6758.60302734375
7064.66162109375
7410.84326171875
7821.33349609375
8271.1787109375
8785.9619140625
9312.837890625
9863.9873046875
10438.2998046875
11029.7109375
11639.7890625
12265.6259765625
12905.3212890625
13559.2392578125
14233.1142578125
14930.4951171875
14977.279296875
14987.748046875
14981.791015625
14955.0185546875
14908.544921875
14844.9609375
14762.705078125
14663.328125
14547.794921875
14416.3740234375
14269.8173828125
14109.0771484375
13935.1064453125
13748.36328125
13550.353515625
13342.6259765625
13125.353515625
12899.7294921875
12665.7509765625
12426.404296875
12181.5146484375
11933.388671875
11661.9462890625
11405.20703125
11149.5400390625
10893.7021484375
10637.6572265625
10383.7744140625
10133.2041015625
9886.255859375
9642.71484375
