2068.565185546875
2035.504638671875
1996.7464599609375
2103.65673828125
2091.56298828125
2137.92431640625
2184.62353515625
2200.16455078125
2198.539306640625
2201.292724609375
2214.3779296875
2225.484375
2232.54150390625
2233.2998046875
2233.272705078125
2236.96337890625
2241.368408203125
2249.203125
2257.1552734375
2264.705322265625
2273.94677734375
2287.25927734375
2306.658203125
2336.966064453125
2387.895263671875
2461.48388671875
2550.442138671875
2654.15576171875
2771.063232421875
2899.980224609375
3039.91748046875
3190.3740234375
139.6903839111328
138.91390991210938
138.6177520751953
137.86868286132812
137.0951690673828
136.27882385253906
2691.69140625
3186.3447265625
3489.560302734375
3714.017578125
3899.0966796875
4068.294677734375
4234.43017578125
4403.5
4578.07470703125
4757.7373046875
4943.2294921875
5130.6142578125
5317.34130859375
5507.81298828125
5723.5224609375
5961.12841796875
6169.896484375
6377.021484375
6578.72216796875
6778.4638671875
6992.24658203125
7204.013671875
7416.03564453125
7629.59912109375
7597.16552734375
7484.18505859375
7387.17431640625
7294.93701171875
7202.3046875
7106.986328125
7005.62060546875
6896.01806640625
6779.544921875
6656.91455078125
6527.5888671875
6461.703125
6393.66845703125
6248.96240234375
6097.703125
5940.10791015625
5776.22509765625
5604.4599609375
5425.181640625
5245.2314453125
5067.1552734375
4895.54541015625
4734.02783203125
4581.8623046875
4436.53369140625
4286.6650390625
4122.5546875
3967.4423828125
3827.8359375
3693.9130859375
3561.224365234375
