2085.01611328125
2066.329833984375
2035.966796875
2013.6134033203125
2004.044189453125
2042.29150390625
2049.213623046875
2039.9554443359375
2031.09375
2023.11865234375
2021.730224609375
2037.529052734375
2056.20068359375
2071.54248046875
2083.587646484375
2095.6875
2109.621337890625
2128.439697265625
2150.651123046875
2172.625
2192.331298828125
2212.169921875
2234.718017578125
2265.245361328125
2306.26953125
2364.24462890625
2434.31640625
2513.441162109375
2601.306396484375
2696.276611328125
2799.516357421875
2912.382568359375
123.93063354492188
124.67171478271484
125.34878540039062
125.77548217773438
126.08077239990234
126.31719207763672
2361.65478515625
2615.7314453125
2732.824951171875
2892.234130859375
3044.029052734375
3203.671630859375
3375.265625
3558.256591796875
3749.201416015625
3946.33251953125
4149.1689453125
4357.34814453125
4569.587890625
4784.12060546875
4999.6728515625
5213.43994140625
5430.19189453125
5653.658203125
5890.4287109375
6133.1904296875
6369.42333984375
6591.0224609375
6806.615234375
7016.2333984375
7220.53515625
7411.72900390625
7590.31103515625
7758.4501953125
7915.9755859375
8059.78369140625
8191.17333984375
8305.3759765625
8403.5146484375
8492.1728515625
8579.9228515625
8662.67578125
8733.158203125
8797.736328125
8861.3046875
8917.66015625
8960.4169921875
8983.5224609375
8989.833984375
8987.16015625
8981.3720703125
8966.7587890625
8936.591796875
8888.9306640625
8844.8359375
8815.38671875
8800.3056640625
8786.517578125
8778.05078125
8773.9619140625
8774.6494140625
