2041.505859375
2027.5069580078125
2081.1416015625
2048.017333984375
2030.634521484375
2031.1031494140625
2034.8516845703125
2034.1163330078125
2032.84423828125
2038.81884765625
2047.8023681640625
2049.108154296875
2053.90478515625
2063.0322265625
2069.67626953125
2073.194580078125
2082.919677734375
2100.5546875
2119.86376953125
2146.169921875
2183.807373046875
2227.254638671875
2288.965087890625
2363.646240234375
2448.202392578125
2539.775634765625
2643.7587890625
2763.129638671875
2898.68310546875
3045.994873046875
3201.746826171875
3364.06982421875
125.20195007324219
147.75584411621094
150.0343780517578
146.63446044921875
142.36737060546875
138.4990692138672
2708.08740234375
2800.301025390625
2933.141845703125
3221.491943359375
3525.153076171875
3838.665771484375
4158.8359375
4486.736328125
4829.26171875
5114.43701171875
5039.02685546875
4946.94482421875
4843.9091796875
4729.08984375
4605.201171875
4475.83642578125
4341.59423828125
4203.01611328125
4062.6083984375
3922.613037109375
3783.92919921875
3648.396240234375
3532.4853515625
3418.82763671875
3307.708740234375
3192.629150390625
3074.8408203125
2958.71728515625
2844.982666015625
2729.374267578125
2607.11279296875
2491.291748046875
2380.418701171875
2271.44921875
2172.131591796875
2079.524658203125
1986.068359375
1893.1917724609375
1808.0850830078125
1721.0130615234375
1624.53662109375
1528.42529296875
1440.497314453125
1337.0518798828125
1211.4136962890625
1107.2437744140625
992.8045043945312
891.9026489257812
827.6517944335938
766.0087890625
736.6735229492188
715.24853515625
695.2455444335938
676.046630859375
657.7236938476562
