2081.696533203125
2055.157958984375
2026.648193359375
2006.198486328125
2025.617919921875
2049.462646484375
2044.98095703125
2036.6541748046875
2045.2652587890625
2056.197998046875
2065.939697265625
2073.0322265625
2089.153564453125
2112.25537109375
2140.197265625
2169.57373046875
2209.0869140625
2269.228759765625
2375.3779296875
2526.630859375
2716.5283203125
2934.253173828125
3172.202880859375
3425.709716796875
3693.475341796875
3982.582275390625
4295.06982421875
4624.00341796875
4963.04833984375
5314.8115234375
5681.37939453125
6052.80810546875
311.0443115234375
342.766357421875
362.4851989746094
377.2411193847656
391.18426513671875
403.6774597167969
7221.5048828125
6959.86181640625
6751.7919921875
6654.8291015625
6799.77392578125
7093.17822265625
7521.5224609375
7997.52001953125
8533.888671875
9088.046875
9660.1181640625
10241.9951171875
10844.8154296875
11471.17578125
12097.06640625
12723.6630859375
13362.443359375
13997.259765625
14620.189453125
15217.7763671875
15799.71484375
16369.7919921875
16926.984375
17464.671875
17981.548828125
18478.857421875
18958.1328125
19407.8125
19848.50390625
20244.67578125
20623.24609375
20937.97265625
21199.845703125
21412.23046875
21576.447265625
21698.595703125
21780.95703125
21814.181640625
21798.03515625
21741.6015625
21648.771484375
20847.4609375
20068.01953125
19359.205078125
18688.201171875
18043.267578125
17420.134765625
16816.2890625
16230.947265625
15663.58203125
15113.994140625
14584.3046875
14072.94140625
13578.890625
13101.2216796875
