2017.149658203125
2140.89111328125
2537.75
3128.24853515625
4498.9921875
3942.62939453125
3403.55517578125
3241.7724609375
3093.014892578125
2741.66748046875
2529.08642578125
2205.48583984375
1989.68505859375
1841.4833984375
1737.4595947265625
1662.521484375
1608.547119140625
1568.959716796875
1540.7186279296875
1517.5013427734375
1500.1910400390625
1485.654296875
1471.5189208984375
1458.3875732421875
1446.5848388671875
1435.9393310546875
1426.5341796875
1418.7567138671875
1411.672119140625
1404.8568115234375
1398.269775390625
1392.013427734375
1386.043701171875
1380.7586669921875
1375.8797607421875
1371.3375244140625
81.495849609375
85.51371765136719
87.83170318603516
89.26800537109375
90.30599975585938
91.07810974121094
1508.8963623046875
1709.0494384765625
1700.015625
1637.029541015625
1598.9163818359375
1537.2525634765625
1513.8336181640625
1519.4595947265625
1529.4215087890625
1519.4176025390625
1494.1402587890625
1464.17626953125
1435.9029541015625
1411.690673828125
1391.8072509765625
1375.63330078125
1363.7745361328125
1356.4193115234375
1352.053466796875
1349.552978515625
1348.32421875
1348.248779296875
1349.678466796875
1352.6878662109375
1356.8980712890625
1361.954833984375
1367.947998046875
1374.7484130859375
1382.117919921875
1389.9891357421875
1398.365478515625
1407.2921142578125
1416.6912841796875
1426.3538818359375
1436.0484619140625
1445.7781982421875
1455.5155029296875
1465.173095703125
1474.759033203125
1484.13818359375
1493.3072509765625
1501.788330078125
1509.4498291015625
1516.388427734375
1522.5721435546875
1527.9837646484375
1532.56005859375
1536.2467041015625
1538.9093017578125
1540.5137939453125
1541.0550537109375
1540.6107177734375
1539.4027099609375
1537.653564453125
1535.6256103515625
1533.4835205078125
1531.2105712890625
1528.7427978515625
