2016.2564697265625
2148.97509765625
2536.979248046875
2673.707763671875
2872.06494140625
3027.968505859375
3378.1728515625
3616.530517578125
4074.542236328125
4463.44384765625
4245.732421875
3817.87109375
3197.2685546875
2732.150390625
2403.219482421875
2193.561767578125
2056.279296875
1966.54736328125
1911.30810546875
1879.9427490234375
1863.2109375
1855.8065185546875
1853.2470703125
1850.5272216796875
1847.03759765625
1842.867919921875
1837.7496337890625
1832.28271484375
1827.6014404296875
1821.7108154296875
1814.1474609375
1805.4158935546875
1796.236572265625
1787.30712890625
1778.5888671875
1769.8018798828125
1760.918212890625
79.3279800415039
82.37948608398438
84.62934875488281
85.79535675048828
86.67210388183594
87.44156646728516
1394.114013671875
1881.259521484375
2192.080322265625
1993.460693359375
1853.9588623046875
1832.6622314453125
1855.252197265625
2013.097900390625
2056.27099609375
2034.0614013671875
1980.3463134765625
1920.82421875
1868.6500244140625
1827.292724609375
1797.129150390625
1776.2244873046875
1763.119384765625
1755.6517333984375
1751.55908203125
1749.8642578125
1750.6334228515625
1753.52783203125
1757.7896728515625
1762.47802734375
1767.1546630859375
1771.763671875
1776.2314453125
1780.8369140625
1786.2275390625
1792.7259521484375
1800.2000732421875
1808.453369140625
1817.2564697265625
1826.3145751953125
1835.372314453125
1844.0081787109375
1851.928955078125
1858.8363037109375
1864.7530517578125
1870.2266845703125
1875.495361328125
1880.4207763671875
1884.8179931640625
1888.6107177734375
1891.921875
1894.8875732421875
1897.5130615234375
1899.7542724609375
1901.5396728515625
1902.7701416015625
1903.3564453125
1903.2554931640625
1902.420654296875
1900.9254150390625
1898.9205322265625
1896.5538330078125
1893.913818359375
1890.958984375
