2015.602294921875
2139.819091796875
2142.1875
2087.577880859375
2113.67236328125
2147.529541015625
2164.394775390625
2140.82421875
2040.1680908203125
1876.1856689453125
1801.3846435546875
1730.325439453125
1615.90869140625
1532.39111328125
1472.88671875
1430.438720703125
1400.205078125
1378.046142578125
1361.818603515625
1351.0496826171875
1342.0191650390625
1332.955078125
1323.3719482421875
1313.3203125
1303.6439208984375
1294.389892578125
1285.1395263671875
1276.6829833984375
1269.290283203125
1263.8511962890625
1260.4666748046875
1258.9844970703125
1259.447021484375
1261.9549560546875
1266.4833984375
1272.8399658203125
1280.822509765625
105.66583251953125
107.55603790283203
108.32914733886719
108.94482421875
109.50531005859375
110.03390502929688
1156.036865234375
1281.6885986328125
1336.9093017578125
1336.873779296875
1324.927734375
1376.5269775390625
1435.2886962890625
1514.4705810546875
1551.8231201171875
1553.534912109375
1542.5894775390625
1530.4835205078125
1521.6640625
1517.4072265625
1517.624267578125
1521.663818359375
1528.7183837890625
1538.049072265625
1549.046142578125
1561.2447509765625
1574.3798828125
1588.2821044921875
1602.9617919921875
1618.7449951171875
1635.9560546875
1654.692626953125
1675.0242919921875
1696.8828125
1722.2586669921875
1751.1796875
1780.733154296875
1810.4310302734375
1840.1064453125
1869.75537109375
1899.265380859375
1929.4127197265625
1960.4039306640625
1992.359375
2025.4921875
2059.771484375
2095.63037109375
2136.052490234375
2177.31103515625
2226.43408203125
2276.130126953125
2320.84423828125
2364.833984375
2408.2509765625
2452.08740234375
2495.2255859375
2539.869384765625
2586.20751953125
2630.923583984375
2674.21875
2717.94384765625
2761.598388671875
2804.38720703125
2845.858154296875
