2019.4681396484375
2319.2734375
2089.39404296875
1951.2100830078125
1913.873046875
1894.4677734375
1853.90283203125
1792.7330322265625
1727.1002197265625
1668.0535888671875
1618.3511962890625
1576.3809814453125
1542.8505859375
1514.005859375
1487.5804443359375
1464.744384765625
1443.7913818359375
1424.9674072265625
1411.0224609375
1400.3028564453125
1395.1597900390625
1399.1070556640625
1414.582275390625
1437.5833740234375
1465.8453369140625
1498.0394287109375
1532.7066650390625
1568.7259521484375
1605.38232421875
1641.8372802734375
1682.2818603515625
1721.666748046875
141.65675354003906
142.73544311523438
143.0072479248047
143.0091552734375
142.94949340820312
142.68272399902344
1885.73681640625
1875.71533203125
1857.9024658203125
1842.7763671875
1842.443115234375
1841.7698974609375
1839.767578125
1834.0484619140625
1823.0628662109375
1841.108642578125
1889.362548828125
1949.0897216796875
1970.68017578125
1977.249755859375
1978.22119140625
1979.919189453125
1981.464599609375
1983.61767578125
1991.6212158203125
2003.21630859375
2017.6058349609375
2034.2288818359375
2052.61767578125
2074.493896484375
2101.03173828125
2126.74365234375
2150.916259765625
2173.6591796875
2195.3720703125
2216.10107421875
2236.298828125
2256.44775390625
2276.13330078125
2307.20751953125
2336.87548828125
2361.1640625
2382.26025390625
2401.16357421875
2418.704833984375
2433.314453125
2445.387451171875
2455.5771484375
2464.30419921875
2470.947509765625
2475.3349609375
2477.624267578125
2477.88916015625
2476.095458984375
2472.290283203125
2466.513671875
2462.7607421875
2460.784423828125
2452.413818359375
2442.018310546875
2429.843994140625
2416.4267578125
2401.853759765625
2386.19140625
2369.635009765625
2352.352294921875
2334.383056640625
2315.826416015625
2296.78466796875
2277.36669921875
2257.638671875
