2033.722900390625
1975.255126953125
3083.585693359375
4399.30029296875
4929.82958984375
3710.41064453125
3000.676513671875
2592.9833984375
2339.2470703125
2173.384033203125
2060.7060546875
1981.6207275390625
1923.6107177734375
1881.6971435546875
1848.016845703125
1819.3232421875
1794.0166015625
1770.7464599609375
1748.3931884765625
1726.72314453125
1707.064697265625
1689.954345703125
1674.601806640625
1662.1712646484375
1652.98828125
1646.644775390625
1645.0614013671875
1647.4803466796875
1652.76025390625
1662.3648681640625
1676.5872802734375
1694.503662109375
105.68061065673828
100.9466323852539
91.64166259765625
86.76889038085938
84.98385620117188
84.91395568847656
1294.7711181640625
1655.5146484375
1800.67333984375
1839.1033935546875
1839.922119140625
1841.43505859375
1844.98291015625
1849.4246826171875
1845.126708984375
1841.2900390625
2170.8359375
2146.5283203125
2055.596435546875
1998.7320556640625
1957.89453125
1928.0394287109375
1916.6689453125
1908.20947265625
1904.496826171875
1910.354736328125
1920.937744140625
1933.1563720703125
1945.1748046875
1956.119140625
1965.521240234375
1973.1004638671875
1978.8785400390625
1982.8792724609375
1985.2506103515625
1986.334228515625
1986.4573974609375
1985.8448486328125
1984.6624755859375
1983.3695068359375
1982.164306640625
1979.8592529296875
1976.6578369140625
1972.879150390625
1968.8238525390625
1964.762939453125
1961.147705078125
1958.038818359375
1955.0146484375
1951.916748046875
1948.6234130859375
1944.8153076171875
1943.8602294921875
1941.0701904296875
1937.26513671875
1932.7021484375
1930.149169921875
1928.8157958984375
1922.4918212890625
1916.3919677734375
1910.3375244140625
1903.76171875
1897.0653076171875
1891.8199462890625
1884.9713134765625
1876.717041015625
1867.43408203125
1857.2530517578125
1846.1158447265625
1834.08203125
1821.198486328125
