2020.0771484375
2237.1357421875
2565.036865234375
2513.919921875
2390.98046875
2223.70947265625
2066.736083984375
1938.3798828125
1842.944580078125
1771.4403076171875
1715.3778076171875
1674.1217041015625
1641.149169921875
1613.8818359375
1590.6766357421875
1572.8333740234375
1556.00341796875
1542.7828369140625
1535.02294921875
1537.01416015625
1548.3770751953125
1570.6700439453125
1600.443115234375
1634.3818359375
1670.2752685546875
1706.4927978515625
1741.78125
1775.554931640625
1809.958984375
1844.50537109375
1876.55322265625
1906.8721923828125
130.18418884277344
131.9359588623047
132.2020263671875
132.1973876953125
132.17242431640625
131.97576904296875
2323.40185546875
1905.404052734375
1837.8614501953125
1802.3597412109375
1801.083251953125
1799.5887451171875
1795.314453125
1784.5953369140625
1766.413330078125
1820.0516357421875
1959.898681640625
2095.137451171875
2112.086181640625
2090.158447265625
2064.5439453125
2045.6556396484375
2038.5948486328125
2033.945556640625
2034.0748291015625
2041.6204833984375
2054.0390625
2069.205322265625
2085.5390625
2101.64111328125
2116.594970703125
2129.94873046875
2141.531982421875
2151.483154296875
2159.63623046875
2165.9619140625
2170.557861328125
2173.87890625
2175.877197265625
2176.562744140625
2175.82275390625
2174.126220703125
2171.71337890625
2169.88720703125
2166.765869140625
2162.279052734375
2155.87841796875
2148.42578125
2139.960693359375
2130.592041015625
2122.84228515625
2118.434814453125
2110.089599609375
2099.82861328125
2088.400390625
2075.95703125
2067.224609375
2062.7509765625
2048.33056640625
2033.3206787109375
2017.69140625
2001.502197265625
1984.8834228515625
1967.9361572265625
1950.7547607421875
1933.5262451171875
1916.29248046875
1899.1063232421875
1882.0333251953125
1865.2474365234375
1848.5653076171875
