2068.435791015625
2045.9654541015625
2035.6514892578125
2050.41796875
2031.8447265625
2026.6707763671875
2026.453369140625
2036.4591064453125
2029.955322265625
2035.3775634765625
2075.781005859375
2107.478759765625
2140.29736328125
2184.257568359375
2238.5751953125
2292.95361328125
2366.4794921875
2470.8876953125
2595.841064453125
2737.543212890625
2895.0400390625
3068.324951171875
3254.850830078125
3455.29443359375
3669.335693359375
3898.519287109375
4145.67138671875
4409.9052734375
4698.7880859375
5016.64892578125
5342.43896484375
5679.98388671875
6039.63623046875
295.9266662597656
295.1140441894531
294.1167907714844
286.6112365722656
280.0236511230469
275.7027893066406
273.1092224121094
6322.34814453125
6573.01953125
6783.2880859375
7074.5400390625
7415.0712890625
7784.826171875
8167.146484375
8331.6787109375
8563.7802734375
8979.2490234375
9412.455078125
9852.43359375
10290.080078125
10723.623046875
11164.556640625
11581.78125
11965.7666015625
12316.9150390625
12635.2431640625
12918.23046875
13161.55078125
13369.751953125
13544.1513671875
13702.1005859375
13822.689453125
13917.97265625
13989.6962890625
14041.01953125
14070.7216796875
14076.2861328125
13984.9248046875
13450.58203125
12974.0771484375
12528.298828125
12103.4853515625
11696.240234375
11305.228515625
10929.0517578125
10566.2314453125
10216.09765625
9878.16796875
9552.0556640625
9237.8486328125
8935.427734375
8644.357421875
8364.69921875
8096.0400390625
7836.20263671875
7585.068359375
7345.51318359375
7116.671875
6897.56640625
6687.56640625
6486.201171875
6293.0498046875
