2065.947021484375
2037.943115234375
2014.18701171875
2002.9176025390625
2033.89453125
2043.6353759765625
2055.506103515625
2082.04248046875
2100.071044921875
2121.9189453125
2151.539306640625
2178.31103515625
2213.33203125
2250.380859375
2289.892333984375
2326.34375
2364.1533203125
2420.02197265625
2499.0107421875
2612.16259765625
2762.0126953125
2945.335205078125
3155.500732421875
3385.491455078125
3630.1416015625
3893.6220703125
4174.74658203125
4473.17578125
4792.38330078125
5128.58642578125
5476.29150390625
5834.85205078125
6222.24951171875
253.8626251220703
264.02392578125
271.7564697265625
282.96435546875
297.52691650390625
309.9994812011719
321.47711181640625
7209.22998046875
7492.630859375
7680.34716796875
7845.4755859375
7983.6328125
8178.1533203125
8469.4716796875
8857.9130859375
9325.7626953125
9852.07421875
10429.654296875
11041.89453125
11670.6689453125
12317.45703125
12973.8115234375
13638.0615234375
14309.6103515625
14987.9638671875
15667.630859375
16336.6279296875
16995.60546875
17634.53515625
18254.345703125
18859.91796875
19450.404296875
20044.388671875
20601.34375
21156.78125
21662.275390625
22134.24609375
22572.162109375
20800.478515625
20697.0546875
20158.87109375
19622.86328125
19101.1796875
18595.5
18104.599609375
17622.55859375
17147.875
16680.591796875
16218.9716796875
15766.00390625
15321.146484375
14884.1572265625
14454.9755859375
14033.6484375
13621.2177734375
13218.412109375
12825.3232421875
12442.1220703125
12070.12890625
11708.80859375
11358.1904296875
11018.3232421875
10688.3408203125
