2019.4398193359375
2191.045654296875
2555.91748046875
3042.21142578125
3232.792236328125
3235.954345703125
3119.406982421875
2942.01025390625
2755.72021484375
2583.3271484375
2440.86572265625
2334.92724609375
2262.898681640625
2220.3173828125
2197.228759765625
2189.119384765625
2193.5947265625
2202.95849609375
2210.013916015625
2212.53076171875
2217.458984375
2229.761962890625
2246.366943359375
2267.3330078125
2293.043212890625
2324.840576171875
2364.251953125
2409.21435546875
2458.310791015625
2509.682373046875
2562.7783203125
2618.9697265625
107.20973205566406
96.19489288330078
92.48480224609375
91.15167236328125
91.80799865722656
92.60902404785156
1416.3372802734375
1443.009765625
1439.5145263671875
1826.4385986328125
2050.435791015625
2561.24072265625
2976.69189453125
3252.38525390625
3190.2734375
3153.113525390625
3121.950439453125
3078.190673828125
3049.199462890625
3031.45068359375
3021.833251953125
3017.31884765625
3015.825439453125
3015.835693359375
3016.123779296875
3015.824951171875
3014.39599609375
3011.5986328125
3007.15380859375
3000.978515625
2993.169677734375
2983.77978515625
2972.490478515625
2959.177490234375
2944.09375
2928.256591796875
2912.621826171875
2898.0849609375
2884.890625
2872.851806640625
2861.321044921875
2849.84716796875
2838.1044921875
2826.125732421875
2814.107421875
2802.159423828125
2790.444580078125
2779.20751953125
2768.43798828125
2757.840576171875
2746.9697265625
2735.44287109375
2723.218017578125
2710.360595703125
2701.39306640625
2692.159912109375
2681.37060546875
2670.164794921875
2659.61865234375
2649.582763671875
2639.837158203125
2630.171630859375
2620.16064453125
