2044.426025390625
1996.9993896484375
2127.40576171875
2124.916015625
2168.231689453125
2163.848388671875
2141.21875
2131.326416015625
2128.49169921875
2129.084228515625
2134.456298828125
2149.14990234375
2160.6962890625
2172.502197265625
2183.093505859375
2196.842041015625
2211.323974609375
2231.59228515625
2256.64404296875
2283.185791015625
2314.321533203125
2360.431640625
2417.9404296875
2492.03173828125
2575.117919921875
2667.723876953125
2768.550048828125
2889.252685546875
3038.06005859375
3211.366455078125
3403.6533203125
3614.988525390625
131.9590606689453
114.7440414428711
114.65660095214844
114.53845977783203
114.95420837402344
115.35650634765625
115.73768615722656
2487.311279296875
3369.671875
3771.9013671875
4080.979248046875
4394.7470703125
4725.06298828125
5059.60693359375
5417.716796875
5752.6025390625
6099.9423828125
6382.87109375
6646.1494140625
6885.14111328125
6989.48046875
6619.14990234375
6334.74365234375
6086.24462890625
5847.212890625
5611.7880859375
5382.2626953125
5156.51708984375
4929.89453125
4699.025390625
4469.05517578125
4266.5126953125
4067.1748046875
3876.782958984375
3705.86865234375
3542.9140625
3393.364013671875
3253.759765625
3120.8291015625
2991.69189453125
2864.9287109375
2741.356201171875
2617.994384765625
2498.861572265625
2383.68505859375
2281.1953125
2178.102783203125
2075.9765625
1976.7332763671875
1881.2763671875
1790.4373779296875
1717.526611328125
1650.7034912109375
1586.7315673828125
1528.052001953125
1476.87158203125
1428.912109375
1383.7677001953125
1340.17822265625
1295.5970458984375
1246.8319091796875
