2084.77392578125
2058.44384765625
2026.3563232421875
2008.7421875
2036.052734375
2044.239990234375
2032.5587158203125
2025.4017333984375
2029.3115234375
2040.4666748046875
2058.939697265625
2071.198974609375
2083.356689453125
2103.04296875
2127.773681640625
2155.064453125
2178.438720703125
2201.49755859375
2228.833984375
2271.152099609375
2333.147705078125
2413.8486328125
2507.913330078125
2615.5634765625
2734.767333984375
2867.6044921875
3013.60009765625
3168.574951171875
3331.574951171875
3503.24169921875
3684.0966796875
3874.44775390625
157.52638244628906
143.17271423339844
140.49974060058594
140.1580047607422
140.3825225830078
140.4435272216797
3477.380126953125
3689.641845703125
3845.33447265625
4029.350830078125
4246.7802734375
4493.46240234375
4761.40673828125
5043.109375
5340.72021484375
5654.56494140625
5977.455078125
6324.8662109375
6659.07421875
7001.4365234375
7340.5869140625
7654.2177734375
7934.56884765625
8182.1591796875
8398.3818359375
8582.4384765625
8745.0751953125
8889.70703125
9002.48046875
9101.15625
9185.0859375
9259.072265625
9323.7197265625
9376.4130859375
9401.4580078125
9410.7724609375
9420.6181640625
9419.51953125
9411.6787109375
9395.19140625
9335.0498046875
9276.5224609375
9214.5302734375
9174.1650390625
9161.13671875
8858.255859375
8499.70703125
8167.84912109375
7863.8681640625
7579.5078125
7306.033203125
7043.75244140625
6794.5673828125
6560.3681640625
6337.615234375
6125.5205078125
5919.1103515625
5717.32958984375
5522.14501953125
5333.3935546875
5149.41162109375
