2053.47509765625
2019.6033935546875
2023.5067138671875
2053.264404296875
2060.333740234375
2054.2802734375
2054.907470703125
2096.73681640625
2145.426513671875
2186.08642578125
2222.380859375
2276.405517578125
2329.85888671875
2376.445068359375
2422.5576171875
2494.074462890625
2584.44677734375
2693.361572265625
2823.12744140625
2976.414306640625
3153.66162109375
3353.267822265625
3569.074951171875
3802.449951171875
4047.24072265625
4301.18798828125
4565.07568359375
4838.95556640625
5123.8427734375
5425.00537109375
5747.1298828125
6094.67626953125
6450.18994140625
276.0256652832031
270.2818908691406
275.5333251953125
282.5895690917969
290.0146484375
297.4314880371094
6749.09619140625
7234.9462890625
7538.8310546875
7845.416015625
8075.38671875
8332.974609375
8625.044921875
8951.408203125
9303.7900390625
9591.818359375
9475.3388671875
9385.6611328125
9302.484375
9215.0205078125
9120.974609375
9015.236328125
8893.2412109375
8753.060546875
8596.7236328125
8427.4287109375
8248.3984375
8060.17236328125
7863.2060546875
7658.61181640625
7445.18505859375
7226.06103515625
7013.51708984375
6808.46044921875
6608.56396484375
6413.14013671875
6222.24560546875
6036.19775390625
5855.7275390625
5680.58056640625
5510.82568359375
5347.28466796875
5189.5009765625
5037.4873046875
4890.77294921875
4749.1435546875
4612.41162109375
4480.53662109375
4353.37451171875
4230.53857421875
4111.67236328125
3994.104248046875
3880.1845703125
3770.011962890625
3663.329345703125
3559.95458984375
3459.702880859375
3362.677734375
3269.034423828125
3178.614013671875
3091.07275390625
