2022.207275390625
2061.50341796875
2050.0576171875
2028.6700439453125
2030.165283203125
2026.6751708984375
2027.1407470703125
2038.8211669921875
2039.769775390625
2057.432861328125
2091.3798828125
2117.16650390625
2143.23095703125
2188.392333984375
2245.66064453125
2322.208984375
2425.5
2547.5419921875
2683.02099609375
2830.46435546875
2992.950439453125
3170.292236328125
3362.04150390625
3570.627197265625
3798.20263671875
4053.09326171875
4327.20068359375
4621.6845703125
4935.896484375
5267.02880859375
5613.4892578125
5978.412109375
263.04571533203125
264.8658142089844
258.8859558105469
255.1958770751953
258.151123046875
264.82403564453125
274.04010009765625
7325.6015625
7930.4658203125
8385.435546875
8890.595703125
9417.3837890625
9986.9912109375
10582.890625
11205.375
11844.150390625
12501.974609375
13179.8740234375
13594.0361328125
13623.2470703125
13637.97265625
13628.6240234375
13597.41015625
13542.73046875
13466.4306640625
13368.35546875
13248.734375
13109.4150390625
12952.1630859375
12778.2294921875
12587.7265625
12381.71875
12162.88671875
11929.357421875
11685.55078125
11433.5380859375
11174.208984375
10909.869140625
10777.201171875
10642.6689453125
10376.8447265625
10095.748046875
9831.3466796875
9571.76953125
9315.642578125
9066.8974609375
8825.07421875
8590.5537109375
8363.833984375
8143.73583984375
7930.19384765625
7723.8505859375
7525.66162109375
7335.40771484375
7150.96630859375
6971.7998046875
6798.416015625
6630.10693359375
6471.71728515625
6317.45703125
6167.1025390625
6020.88525390625
