2083.71875
2056.381103515625
2043.3985595703125
2047.9622802734375
2053.2431640625
2087.329345703125
2086.879150390625
2074.759765625
2068.044189453125
2064.041259765625
2076.501953125
2033.880615234375
1987.206298828125
1942.859619140625
1905.730712890625
1877.357421875
1850.400146484375
1826.92919921875
1799.826904296875
1775.183349609375
1747.7503662109375
1724.7398681640625
1704.049560546875
1694.249755859375
1684.989501953125
1677.00048828125
1673.43505859375
1672.300537109375
1678.56201171875
1686.1640625
1692.639404296875
1715.9205322265625
119.2093505859375
120.39337921142578
120.85152435302734
121.0638198852539
121.05825805664062
120.95552062988281
120.81388854980469
1467.096923828125
1667.1376953125
1740.739990234375
1813.359130859375
1858.2882080078125
1918.938232421875
1983.840087890625
2047.117431640625
2108.149658203125
2167.723876953125
2223.698974609375
2275.452392578125
2323.264404296875
2367.19384765625
2407.005126953125
2441.579833984375
2469.706298828125
2490.987060546875
2505.688232421875
2514.323974609375
2517.944580078125
2517.448486328125
2512.9755859375
2504.433837890625
2491.7294921875
2475.2353515625
2456.151123046875
2434.7021484375
2411.6044921875
2387.33251953125
2362.560546875
2337.2275390625
2311.86181640625
2287.330078125
2262.03564453125
2235.728271484375
2208.44677734375
2180.18896484375
2150.89990234375
2120.7919921875
2090.04052734375
2058.75732421875
2027.129638671875
1995.19775390625
1963.0224609375
1930.7122802734375
1898.421142578125
1866.1688232421875
1834.0687255859375
1802.2283935546875
1770.6986083984375
1739.5343017578125
1708.8177490234375
1678.570556640625
1648.8013916015625
