2028.4664306640625
1784.9796142578125
1790.9300537109375
1586.0693359375
1488.9871826171875
1449.1746826171875
1420.433837890625
1408.193359375
1400.700439453125
1388.6119384765625
1378.1221923828125
1370.377197265625
1360.664794921875
1350.085693359375
1340.9183349609375
1331.1986083984375
1323.4598388671875
1316.1077880859375
1310.2333984375
1307.6314697265625
1309.1343994140625
1314.141357421875
1323.4388427734375
1339.4332275390625
1362.623046875
1392.19140625
1427.023681640625
1465.9559326171875
1507.6827392578125
1552.15673828125
1600.359619140625
1651.0001220703125
129.53866577148438
132.71365356445312
139.20181274414062
144.8056182861328
149.50259399414062
153.59561157226562
1895.291259765625
1958.942138671875
1933.4261474609375
1938.0599365234375
1962.2420654296875
1991.20458984375
2021.9703369140625
2054.16552734375
2088.39453125
2123.921630859375
2159.143310546875
2193.00244140625
2226.878173828125
2267.130859375
2306.247802734375
2366.9990234375
2419.530029296875
2470.6318359375
2516.447509765625
2567.204345703125
2615.084716796875
2660.24755859375
2700.4404296875
2734.290771484375
2761.064208984375
2780.67431640625
2793.355224609375
2799.384765625
2799.417236328125
2794.20556640625
2783.91455078125
2769.1240234375
2750.55029296875
2728.87744140625
2703.505126953125
2674.62646484375
2642.733642578125
2607.899169921875
2570.4541015625
2529.9013671875
2486.160400390625
2441.043701171875
2394.871337890625
2348.114990234375
2301.070556640625
2254.202880859375
2207.7353515625
2161.86572265625
2116.33740234375
2071.12646484375
2026.184326171875
1981.6326904296875
1937.5340576171875
1893.98974609375
1850.917236328125
