2069.77490234375
2034.40869140625
2007.5150146484375
2061.959716796875
2071.896728515625
2061.0517578125
2046.860107421875
2038.8721923828125
2043.041259765625
2055.1259765625
2068.7216796875
2068.135986328125
2069.011474609375
2077.442138671875
2082.505126953125
2088.256591796875
2094.951416015625
2101.781982421875
2109.822509765625
2119.63916015625
2127.41015625
2133.569580078125
2144.439453125
2167.97119140625
2203.9072265625
2244.466552734375
2286.11572265625
2328.695068359375
2375.5927734375
2430.851806640625
2497.0791015625
2572.61083984375
122.42839050292969
123.63948059082031
123.76829528808594
123.90371704101562
124.04264068603516
124.18030548095703
1868.5582275390625
2298.314697265625
2590.7197265625
2804.729736328125
2978.827880859375
3139.3837890625
3296.96875
3457.4833984375
3625.125732421875
3802.345458984375
3987.883544921875
4179.275390625
4368.20458984375
4563.251953125
4758.16015625
4949.95751953125
5144.005859375
5343.646484375
5427.8876953125
5332.44873046875
5242.61865234375
5156.46923828125
5075.3916015625
5005.34912109375
4929.20263671875
4844.73583984375
4756.23583984375
4663.0673828125
4567.28662109375
4467.357421875
4365.94189453125
4263.68310546875
4170.76611328125
4074.881103515625
3978.4599609375
3883.2392578125
3788.796142578125
3693.3076171875
3594.931396484375
3493.79736328125
3388.02099609375
3281.5048828125
3176.880615234375
3074.79736328125
2973.473876953125
2871.6669921875
2774.2470703125
2682.371826171875
2635.82373046875
2587.93310546875
2489.0634765625
2389.303955078125
2291.916259765625
2198.116455078125
2113.04150390625
