2046.7447509765625
2014.5411376953125
2087.94580078125
2058.217041015625
2042.945068359375
2035.8563232421875
2035.256591796875
2035.9100341796875
2038.323486328125
2035.6328125
2031.2449951171875
2028.73974609375
2029.14794921875
2034.6484375
2035.2052001953125
2035.879638671875
2050.053466796875
2066.2421875
2078.87353515625
2091.378173828125
2103.43310546875
2113.731689453125
2127.397705078125
2148.5732421875
2181.035400390625
2231.48876953125
2288.034423828125
2357.358642578125
2440.98779296875
2533.54541015625
2638.108154296875
2761.390380859375
122.87680053710938
124.23051452636719
124.8414306640625
125.2568359375
125.57667541503906
125.83533477783203
2382.92529296875
2519.818115234375
2691.92529296875
2898.791015625
3130.35107421875
3372.44970703125
3618.413330078125
3863.721435546875
4105.92529296875
4343.95703125
4577.2373046875
4812.18212890625
5055.28759765625
5300.49951171875
5513.12890625
5442.5390625
5368.41748046875
5293.18994140625
5213.009765625
5128.53759765625
5039.92236328125
4948.30126953125
4852.63818359375
4753.47412109375
4652.29296875
4571.57470703125
4489.3662109375
4398.37646484375
4297.85302734375
4195.68994140625
4093.83837890625
3995.09033203125
3894.85107421875
3794.332763671875
3695.560302734375
3597.492919921875
3498.345947265625
3399.978759765625
3296.408203125
3193.899658203125
3098.544677734375
3011.1474609375
2927.853759765625
2843.97607421875
2763.347412109375
2683.595458984375
2604.6005859375
2524.6650390625
2448.752197265625
2363.8544921875
2271.6435546875
2182.170166015625
2097.21728515625
2019.9658203125
