2076.93408203125
2045.469970703125
2010.505126953125
2047.5732421875
2079.76806640625
2071.23046875
2064.81494140625
2062.06103515625
2053.42919921875
2048.025634765625
2060.784423828125
2066.947265625
2070.706787109375
2079.203125
2085.7900390625
2094.955810546875
2099.9697265625
2103.77490234375
2110.257568359375
2119.841796875
2127.935791015625
2135.985595703125
2147.075439453125
2166.8857421875
2187.168701171875
2210.54833984375
2234.377685546875
2258.9130859375
2310.355224609375
2381.6005859375
2458.60791015625
2551.01171875
112.38993835449219
113.27824401855469
114.07554626464844
114.78491973876953
115.3888168334961
115.95830535888672
1725.161376953125
2194.747802734375
2588.469482421875
2923.0341796875
3182.341064453125
3072.178955078125
2977.12451171875
2887.777099609375
2788.828369140625
2675.79833984375
2622.72802734375
2661.225830078125
2678.96923828125
2706.324462890625
2724.308837890625
2740.2080078125
2766.717529296875
2781.736328125
2783.0478515625
2780.888671875
2776.375732421875
2769.285888671875
2765.385498046875
2760.379638671875
2746.046142578125
2726.546142578125
2701.02685546875
2673.052001953125
2637.661376953125
2624.446533203125
2595.7138671875
2553.75927734375
2516.608642578125
2482.303466796875
2448.695556640625
2413.13818359375
2375.472900390625
2337.58154296875
2300.22802734375
2263.078125
2228.02880859375
2196.802001953125
2168.583740234375
2142.640380859375
2118.571533203125
2095.9345703125
2074.083740234375
2052.0654296875
2028.8741455078125
2005.2828369140625
1982.37158203125
1958.958984375
1934.1505126953125
1907.9549560546875
1880.7664794921875
1852.80322265625
1824.4603271484375
