2080.0478515625
2050.651123046875
2018.030029296875
1989.521240234375
2040.187744140625
2046.5087890625
2066.153564453125
2090.047607421875
2117.180419921875
2132.93310546875
2143.25
2161.414794921875
2181.031494140625
2201.3173828125
2222.89208984375
2242.31298828125
2261.33251953125
2279.336669921875
2297.07861328125
2314.0537109375
2331.49951171875
2355.9873046875
2383.7734375
2421.53564453125
2470.529541015625
2527.116943359375
2589.09521484375
2658.803955078125
2738.652587890625
2828.99755859375
2929.069091796875
3035.62109375
120.00064849853516
121.69297790527344
122.99808502197266
123.83355712890625
124.4227294921875
124.86337280273438
2021.8006591796875
2564.5087890625
2859.868408203125
3085.697021484375
3284.9345703125
3482.23876953125
3685.097412109375
3893.2744140625
4107.0859375
4325.337890625
4545.51171875
4763.6513671875
4976.66259765625
5189.65673828125
5297.490234375
5400.017578125
5596.21435546875
5776.44873046875
5961.6630859375
6138.07275390625
6317.1220703125
6486.9169921875
6569.03759765625
6652.8427734375
6805.5390625
6953.7666015625
7110.416015625
7259.294921875
7409.51708984375
7459.04931640625
7554.46240234375
7668.189453125
7770.2255859375
7874.45166015625
7979.29833984375
8077.568359375
8174.27001953125
8269.7490234375
8351.26171875
8421.2509765625
8475.1474609375
8512.818359375
8556.205078125
8611.626953125
8670.625
8730.9609375
8790.3896484375
8843.384765625
8888.0703125
8927.125
8947.197265625
8952.3330078125
8933.6103515625
8885.1162109375
8844.77734375
8541.0283203125
8236.4580078125
