1856.3489990234375
1362.2767333984375
1074.3427734375
931.5361328125
884.620361328125
871.4639892578125
848.2887573242188
823.9669189453125
800.3846435546875
783.0151977539062
770.1693115234375
754.3336181640625
737.3250732421875
719.6415405273438
701.3482666015625
682.7702026367188
663.9354858398438
644.6467895507812
624.9493408203125
605.1026611328125
584.9910278320312
564.6814575195312
544.0758666992188
523.3677368164062
502.805908203125
486.4353332519531
474.1125793457031
463.760009765625
449.4466247558594
436.7033996582031
423.942626953125
411.0821228027344
124.3027114868164
127.04325103759766
127.62686920166016
127.92011260986328
128.16822814941406
128.3712921142578
457.61376953125
373.5265808105469
468.50323486328125
439.1752624511719
392.41424560546875
364.32525634765625
353.40625
350.466064453125
349.2679443359375
347.42120361328125
344.5630798339844
341.46588134765625
338.5365295410156
336.7929992675781
335.0293884277344
331.9020690917969
329.0650939941406
327.721435546875
328.1088562011719
329.29083251953125
331.2836608886719
333.8660888671875
336.1019287109375
339.5690612792969
344.8387145996094
352.57830810546875
362.51617431640625
372.9880065917969
383.9568176269531
397.4933166503906
416.9830322265625
441.34552001953125
467.4271545410156
494.57391357421875
522.1900634765625
548.5614624023438
572.53515625
593.1920776367188
610.4366455078125
625.3262329101562
638.52685546875
651.2091064453125
663.8289794921875
676.509521484375
688.9661254882812
700.7161865234375
711.489013671875
721.0671997070312
729.1693115234375
735.4860229492188
739.8995361328125
742.4459838867188
743.2557373046875
742.4544067382812
