2070.759033203125
2035.37353515625
1997.5228271484375
2063.74072265625
2077.534423828125
2062.667236328125
2047.395751953125
2039.8052978515625
2038.8212890625
2048.203125
2063.5322265625
2069.071533203125
2068.346923828125
2075.828857421875
2083.481689453125
2090.349853515625
2095.894775390625
2105.283935546875
2112.836669921875
2122.457275390625
2129.63232421875
2134.911376953125
2144.86328125
2166.345458984375
2199.949462890625
2239.6826171875
2282.1962890625
2325.331298828125
2371.53662109375
2425.11962890625
2489.72314453125
2564.349365234375
122.41409301757812
123.38799285888672
123.51319122314453
123.64473724365234
123.77771759033203
123.90975189208984
1849.235595703125
2146.28515625
2341.11962890625
2610.294189453125
2809.355712890625
2974.284423828125
3128.423828125
3281.142333984375
3437.35595703125
3600.648193359375
3773.426025390625
3955.412841796875
4145.4248046875
4333.75048828125
4527.38720703125
4723.2802734375
4915.13671875
5107.12353515625
5305.13427734375
5456.33056640625
5358.17138671875
5267.43701171875
5180.26953125
5095.2314453125
5025.658203125
4950.08935546875
4867.46875
4780.06689453125
4688.34814453125
4593.798828125
4495.75390625
4395.1953125
4293.51025390625
4198.169921875
4102.681640625
4005.556884765625
3910.534423828125
3816.360595703125
3722.739990234375
3627.021728515625
3525.802001953125
3420.938232421875
3314.67041015625
3209.85302734375
3107.122314453125
3005.5400390625
2904.68408203125
2808.014892578125
2713.478515625
2617.65966796875
2521.692138671875
2425.804931640625
2330.75537109375
2238.504150390625
2152.45458984375
