0.08885059505701065
0.10127245634794235
0.11771693080663681
0.12843598425388336
0.13397501409053802
0.13751278817653656
0.1392730474472046
0.14015398919582367
0.14070607721805573
0.1411634236574173
0.1415323168039322
0.14180916547775269
0.14211437106132507
0.14254014194011688
0.14306460320949554
0.14356602728366852
0.1440465897321701
0.14450575411319733
0.14496205747127533
0.14543654024600983
0.14592789113521576
0.14650769531726837
0.14705845713615417
0.14765983819961548
0.14836077392101288
0.14945262670516968
0.15092888474464417
0.15257088840007782
0.15449176728725433
0.15670977532863617
0.15910696983337402
0.1616905927658081
0.023663213476538658
0.014659048058092594
0.010321077890694141
0.007952673360705376
0.007448236923664808
0.007501269690692425
0.12836982309818268
0.14105500280857086
0.15059436857700348
0.16106988489627838
0.1697731465101242
0.17698976397514343
0.18325850367546082
0.1890448033809662
0.19464488327503204
0.20021750032901764
0.20588654279708862
0.2117742896080017
0.2178376168012619
0.22420437633991241
0.2309606820344925
0.23854997754096985
0.2486293911933899
0.258808434009552
0.269795298576355
0.2806432843208313
0.29271993041038513
0.30438145995140076
0.3165329396724701
0.3293297588825226
0.33266162872314453
0.32182785868644714
0.3123342990875244
0.30345869064331055
0.29481983184814453
0.28630530834198
0.2779157757759094
0.2696619927883148
0.2617449462413788
0.25414419174194336
0.24663636088371277
0.23930969834327698
0.2336299568414688
0.23142509162425995
0.23237702250480652
0.23591631650924683
0.24155935645103455
0.24661920964717865
0.2521589994430542
0.2586519420146942
0.26641419529914856
0.2755868136882782
1.5048831701278687
3.1001813411712646
3.9113123416900635
4.4004926681518555
4.755105018615723
5.062102317810059
5.337838649749756
5.591547012329102
