0.006599721033126116
0.00718217808753252
0.008073673583567142
0.008927987888455391
0.009577649645507336
0.009838181547820568
0.00991326104849577
0.009962031617760658
0.010007948614656925
0.010067669674754143
0.010123512707650661
0.010175991803407669
0.010229851119220257
0.010279976762831211
0.010336128063499928
0.010402152314782143
0.01046938169747591
0.010541106574237347
0.01061269361525774
0.010697180405259132
0.010799473151564598
0.010939538478851318
0.011122320778667927
0.011345524340867996
0.011602047830820084
0.011885643936693668
0.01219119317829609
0.012514553032815456
0.012851448729634285
0.01313855405896902
0.013450308702886105
0.013779938220977783
0.0008763137739151716
0.0008275212603621185
0.000828740478027612
0.0008339601336047053
0.0008390169823542237
0.0008432214381173253
0.014295797795057297
0.014514666981995106
0.01461410615593195
0.014777719043195248
0.015024350956082344
0.015343817882239819
0.015720974653959274
0.016144216060638428
0.01660604029893875
0.017108825966715813
0.01764737255871296
0.01812031678855419
0.018591610714793205
0.019020264968276024
0.019450947642326355
0.01988881826400757
0.020343512296676636
0.0208137109875679
0.02130802534520626
0.02181958220899105
0.02234594151377678
0.022891569882631302
0.023468444123864174
0.02406567893922329
0.024680396541953087
0.02531704306602478
0.025967391207814217
0.026622751727700233
0.027287682518363
0.02796611748635769
0.02865823730826378
0.029364721849560738
0.03007899411022663
0.03080555610358715
0.03154043108224869
0.03229965269565582
0.03309069573879242
0.033906541764736176
0.03475328907370567
0.03560763597488403
0.03657783567905426
0.037461452186107635
0.038359131664037704
0.03929569944739342
0.04016575962305069
0.041003793478012085
0.04182003438472748
0.04262281581759453
0.043385058641433716
0.04410185664892197
0.04478064179420471
0.04540732130408287
0.045987069606781006
0.04474198818206787
