0.11358051002025604
0.1251353621482849
0.14194442331790924
0.1497955471277237
0.15202105045318604
0.15353983640670776
0.1547793447971344
0.15632346272468567
0.15801763534545898
0.1593039631843567
0.1602994054555893
0.1611093431711197
0.1618337482213974
0.16265594959259033
0.1636183112859726
0.16458933055400848
0.16559366881847382
0.1666213870048523
0.16767534613609314
0.16883651912212372
0.17003826797008514
0.17127260565757751
0.1725640594959259
0.17401327192783356
0.17560388147830963
0.17733816802501678
0.179260715842247
0.18144674599170685
0.18390625715255737
0.18663090467453003
0.18963339924812317
0.19297659397125244
0.011529756709933281
0.009863855317234993
0.008878687396645546
0.00837628822773695
0.008010538294911385
0.007915744557976723
0.158734992146492
0.17118288576602936
0.18130970001220703
0.1902824491262436
0.19881571829319
0.20713010430335999
0.22003182768821716
0.23431308567523956
0.24966998398303986
0.2586452066898346
0.2525581419467926
0.2468191385269165
0.2413835972547531
0.23587049543857574
0.23044243454933167
0.22504273056983948
0.21965032815933228
0.2143235057592392
0.20906303822994232
0.2038673609495163
0.19875092804431915
0.19371625781059265
0.18852975964546204
0.18345634639263153
0.1785295605659485
0.17377954721450806
0.1691451519727707
0.16463854908943176
0.16026243567466736
0.15597224235534668
0.15171536803245544
0.14746670424938202
0.14312398433685303
0.13880395889282227
0.13457293808460236
0.1304285079240799
0.12637479603290558
0.12249819189310074
0.11920789629220963
0.11642862856388092
0.11403052508831024
0.1129005178809166
0.11183357238769531
0.10984199494123459
0.10791859030723572
0.1060849204659462
0.10429084300994873
0.10261541604995728
0.10118672251701355
0.09991206973791122
0.09875766187906265
0.0976865291595459
0.0966702252626419
0.09569545835256577
0.09477406740188599
