0.03792814165353775
0.04067542031407356
0.04552125930786133
0.05061519518494606
0.05217054486274719
0.052620574831962585
0.05278567969799042
0.05298903211951256
0.05320344492793083
0.05337134748697281
0.053581878542900085
0.05375537648797035
0.05391213670372963
0.05410167574882507
0.05434112623333931
0.05455923080444336
0.0547587051987648
0.0549355112016201
0.05511157587170601
0.05528515577316284
0.05544232204556465
0.055636558681726456
0.05588875710964203
0.05618607625365257
0.05654178559780121
0.05697236582636833
0.05743623524904251
0.05795544013381004
0.05852559953927994
0.05913848057389259
0.059804242104291916
0.06051454693078995
0.003655185690149665
0.0033946915064007044
0.0032917982898652554
0.0032396779861301184
0.003210530150681734
0.0031921735499054193
0.05580497160553932
0.05889450013637543
0.06062779948115349
0.0619044192135334
0.06305769085884094
0.06417196989059448
0.06530007719993591
0.06645721197128296
0.06764600425958633
0.06886205822229385
0.07010668516159058
0.07138548046350479
0.07269199192523956
0.07402123510837555
0.07537184655666351
0.07675585150718689
0.07818005979061127
0.07964461296796799
0.08121469616889954
0.0826810970902443
0.08406438678503036
0.08544223755598068
0.08685170859098434
0.08826181292533875
0.08957128971815109
0.09060601145029068
0.09156685322523117
0.09245546907186508
0.093295156955719
0.09407512843608856
0.09479447454214096
0.0954626128077507
0.09610792994499207
0.09674784541130066
0.09740158915519714
0.09806765615940094
0.098884217441082
0.09990459680557251
0.10090181231498718
0.10186658799648285
0.10276512801647186
0.10363833606243134
0.1044432669878006
0.10499422252178192
0.10523725301027298
0.10200151056051254
0.09890352934598923
0.09600650519132614
0.09309900552034378
0.09019369632005692
0.08727815747261047
0.08439306169748306
0.08180492371320724
0.07942197471857071
0.07712609320878983
