0.024904215708374977
0.02750939503312111
0.031275030225515366
0.033567413687705994
0.03407002612948418
0.03466246649622917
0.035072751343250275
0.035391148179769516
0.03573226556181908
0.03608205169439316
0.03646565228700638
0.03683621063828468
0.03718128055334091
0.03750145435333252
0.03779272362589836
0.03807951882481575
0.03833610936999321
0.03856126591563225
0.03877861797809601
0.039036061614751816
0.03933518007397652
0.039673514664173126
0.04004601761698723
0.0404600165784359
0.04092586785554886
0.04144186154007912
0.042014677077531815
0.04264320060610771
0.043327584862709045
0.044065915048122406
0.0448543019592762
0.0456894189119339
0.0025231139734387398
0.0024513239040970802
0.002433991292491555
0.0024204859510064125
0.002408080268651247
0.0023951753973960876
0.04004627838730812
0.04223485291004181
0.04443304240703583
0.04634147509932518
0.04797663912177086
0.04944060742855072
0.05082989111542702
0.05220148339867592
0.053653180599212646
0.05521235242486
0.056641072034835815
0.05786644294857979
0.05907697230577469
0.060316137969493866
0.061534009873867035
0.0627586618065834
0.06389039754867554
0.06501539051532745
0.06614991277456284
0.06729771196842194
0.0684472993016243
0.06961523741483688
0.07079453021287918
0.0704917460680008
0.06801403313875198
0.0657898336648941
0.06371551752090454
0.06173137202858925
0.05980830267071724
0.05793488025665283
0.05608588084578514
0.054245248436927795
0.052389971911907196
0.05054699629545212
0.04873187094926834
0.04695654660463333
0.045227739959955215
0.043589189648628235
0.04223104938864708
0.04106985777616501
0.0400378555059433
0.03954539820551872
0.03907451033592224
0.03818798437714577
0.03733966499567032
0.03652365133166313
0.035733554512262344
0.03496600314974785
0.03421903774142265
0.03349225968122482
0.03278760612010956
0.032107241451740265
0.03144983947277069
0.0308151226490736
0.03020140714943409
