0.021803705021739006
0.02459368109703064
0.029352158308029175
0.030319299548864365
0.03066244162619114
0.03115255944430828
0.03142954781651497
0.03157453238964081
0.031710926443338394
0.031857531517744064
0.031972333788871765
0.03207184001803398
0.032149165868759155
0.03222871571779251
0.03231833130121231
0.032409023493528366
0.032502830028533936
0.03259427100419998
0.03268737345933914
0.032799262553453445
0.0329224057495594
0.033084843307733536
0.03328787535429001
0.033577967435121536
0.03393460065126419
0.0343504436314106
0.03482000529766083
0.03534676134586334
0.03592795133590698
0.036558132618665695
0.037235382944345474
0.03795715793967247
0.0026329876855015755
0.0021870415657758713
0.002018083119764924
0.0019487221725285053
0.0019251429475843906
0.0019256185041740537
0.03536204993724823
0.037773292511701584
0.039277803152799606
0.04039508104324341
0.04132712259888649
0.042188066989183426
0.04304518923163414
0.04392459616065025
0.044833775609731674
0.04578455537557602
0.04676934704184532
0.047811027616262436
0.04877550154924393
0.04972422495484352
0.05067086219787598
0.05163820460438728
0.05253908783197403
0.05347871035337448
0.05445590242743492
0.05549636855721474
0.05631207302212715
0.054936349391937256
0.0536532998085022
0.05241955444216728
0.05120936408638954
0.05000967159867287
0.04881693795323372
0.047643955796957016
0.04648244380950928
0.04533029720187187
0.04417774826288223
0.04302256554365158
0.042461369186639786
0.04191773757338524
0.04085715860128403
0.039828307926654816
0.03882405161857605
0.03784450516104698
0.036887045949697495
0.03595039248466492
0.03504122421145439
0.03417087718844414
0.03332572802901268
0.03250781446695328
0.031711943447589874
0.03093612566590309
0.03016221523284912
0.029399098828434944
0.02864849753677845
0.027923481538891792
0.027246717363595963
0.026587948203086853
0.025857647880911827
0.02511480823159218
0.02436881884932518
