0.03798513486981392
0.04098616912961006
0.04634806886315346
0.04949473589658737
0.05169990286231041
0.052604131400585175
0.053042732179164886
0.05336982011795044
0.05362479016184807
0.05387593060731888
0.054131150245666504
0.05446440353989601
0.05482349172234535
0.05512535944581032
0.05539139732718468
0.055652227252721786
0.055934127420186996
0.05627796798944473
0.056696370244026184
0.05719960480928421
0.05781272053718567
0.05850087106227875
0.059256043285131454
0.060075029730796814
0.060964036732912064
0.061940234154462814
0.06301942467689514
0.06416754424571991
0.06536196172237396
0.06658465415239334
0.06783584505319595
0.06911840289831161
0.07043508440256119
0.004280590917915106
0.004028622061014175
0.003920310642570257
0.0038634485099464655
0.0038288147188723087
0.0038020205684006214
0.0625392273068428
0.06506994366645813
0.06661972403526306
0.06903119385242462
0.07090923190116882
0.07268134504556656
0.07445455342531204
0.07642317563295364
0.07840406894683838
0.07969162613153458
0.0803595781326294
0.08240105956792831
0.08446136862039566
0.08667037636041641
0.08884530514478683
0.09090466797351837
0.09248695522546768
0.09379076957702637
0.09523852914571762
0.09676913172006607
0.09821315109729767
0.09963931143283844
0.10095084458589554
0.10211636871099472
0.10314078629016876
0.10407984256744385
0.10494309663772583
0.10574934631586075
0.10651803016662598
0.10748031735420227
0.1079474613070488
0.1045726090669632
0.10149519890546799
0.09865473955869675
0.09598930180072784
0.09344208985567093
0.09094706922769547
0.08852974325418472
0.08618427813053131
0.08390571177005768
0.08178530633449554
0.07995263487100601
0.07823731005191803
0.07642775028944016
0.0744856745004654
0.07248025387525558
0.07044514268636703
0.06851231306791306
0.06669841706752777
0.06491705775260925
0.06316913664340973
0.06145868077874184
0.0597815066576004
0.05812465772032738
0.05644002929329872
0.0546896867454052
0.05333533138036728
