0.03887772932648659
0.04345771297812462
0.04913165047764778
0.050634339451789856
0.05256560072302818
0.05312618613243103
0.05345940217375755
0.053774211555719376
0.05405532196164131
0.0544544979929924
0.054819345474243164
0.05510484427213669
0.05533702298998833
0.05554511770606041
0.05574257671833038
0.05597848817706108
0.05628174915909767
0.05658268183469772
0.056890930980443954
0.057243093848228455
0.05772840231657028
0.058295369148254395
0.05896906182169914
0.059751611202955246
0.06066353619098663
0.061654504388570786
0.06266014277935028
0.06368958204984665
0.06477710604667664
0.06593716144561768
0.06716712564229965
0.06846622377634048
0.06983921676874161
0.0040379539132118225
0.0038291921373456717
0.003755840240046382
0.0037142380606383085
0.003701448207721114
0.003694257466122508
0.0036865046713501215
0.06504747271537781
0.06859606504440308
0.07063256204128265
0.07226626574993134
0.07393945008516312
0.0757441595196724
0.07770716398954391
0.07986872643232346
0.08230797946453094
0.08497603982686996
0.0873861014842987
0.08934160321950912
0.0908651277422905
0.09232775866985321
0.09373771399259567
0.09500154852867126
0.09618378430604935
0.09731468558311462
0.09878047555685043
0.10024741291999817
0.10172311961650848
0.10316212475299835
0.10462629050016403
0.10595110803842545
0.10379555076360703
0.10004203766584396
0.09663251787424088
0.09345487505197525
0.09046940505504608
0.08769235759973526
0.08508128672838211
0.082600437104702
0.08021748811006546
0.0779128447175026
0.07569300383329391
0.07355761528015137
0.07151389122009277
0.06954982131719589
0.06763369590044022
0.0657714456319809
0.06398802995681763
0.0622771754860878
0.06064269319176674
0.05909450352191925
0.05762375146150589
0.05620688572525978
0.05483454838395119
0.053496021777391434
0.052197884768247604
0.05094999074935913
0.049761105328798294
0.0485919713973999
0.0474209263920784
0.04622746258974075
