0.007745955139398575
0.009814525954425335
0.012558423914015293
0.015449670143425465
0.02410186268389225
0.014912023209035397
0.013351221568882465
0.012865953147411346
0.012694207951426506
0.012529503554105759
0.012326043099164963
0.012067788280546665
0.011770911514759064
0.011463716626167297
0.011166338808834553
0.010891341604292393
0.010638878680765629
0.01041287649422884
0.010191330686211586
0.00998295471072197
0.009791269898414612
0.009615017101168633
0.009452308528125286
0.009301227517426014
0.009168737567961216
0.009054917842149734
0.008950547315180302
0.008855573832988739
0.008769507519900799
0.008692321367561817
0.008623871952295303
0.008563068695366383
0.008513454347848892
0.00847160816192627
0.008436218835413456
0.00840832106769085
0.0005601999582722783
0.0005440335953608155
0.0005300443735904992
0.0005012407200410962
0.0004816350119654089
0.0004747608327306807
0.015862660482525826
0.017198830842971802
0.014686042442917824
0.011841915547847748
0.010432478971779346
0.010042543523013592
0.009756199084222317
0.009405255317687988
0.009202978573739529
0.009070763364434242
0.008974464610219002
0.008900017477571964
0.00886609498411417
0.008849556557834148
0.008836840279400349
0.008823581039905548
0.00880806241184473
0.0087836729362607
0.008751874789595604
0.008715301752090454
0.008675558492541313
0.008634096011519432
0.008591721765697002
0.008549227379262447
0.00850721262395382
0.008466270752251148
0.008426492102444172
0.00838792510330677
0.008336484432220459
0.00827361736446619
0.008219409734010696
0.008167024701833725
0.00811708439141512
0.008069997653365135
0.00802542269229889
0.007982790470123291
0.007941480726003647
0.007899842225015163
0.00785908754914999
0.007820808328688145
0.0077840113081038
0.007748452480882406
0.007713428698480129
0.007678463123738766
0.007643374148756266
0.007608118467032909
0.007572756614536047
0.00753813236951828
0.007503235246986151
0.007467736955732107
0.007431908510625362
0.007396050728857517
0.007360324263572693
0.007324840407818556
0.0072908238507807255
0.007257759105414152
0.007224113680422306
