0.007894271984696388
0.008949054405093193
0.010477867908775806
0.01103577297180891
0.011182448826730251
0.011260849423706532
0.011345923878252506
0.01142614334821701
0.011515825055539608
0.011616766452789307
0.011723962612450123
0.011803348548710346
0.011881820857524872
0.011975687928497791
0.012081187218427658
0.012192978523671627
0.012305720709264278
0.012447429820895195
0.012622150592505932
0.012828894890844822
0.013061756268143654
0.013320902362465858
0.013608185574412346
0.013922198675572872
0.014247664250433445
0.014537196606397629
0.014849487692117691
0.015180228278040886
0.015521205961704254
0.015872225165367126
0.016235312446951866
0.01661134511232376
0.0009104551863856614
0.0008739957120269537
0.0008759652846492827
0.0008845977135933936
0.0008937985403463244
0.000902304716873914
0.016518885269761086
0.01722566969692707
0.017571911215782166
0.017850134521722794
0.018146786838769913
0.018490973860025406
0.0188869871199131
0.019339362159371376
0.019832419231534004
0.02037058211863041
0.02095048688352108
0.021432645618915558
0.021939005702733994
0.022462911903858185
0.02300392836332321
0.023564985021948814
0.02415274642407894
0.024748453870415688
0.02461632527410984
0.024037472903728485
0.023472487926483154
0.02291232906281948
0.02235710807144642
0.021807199344038963
0.02126222476363182
0.02072303369641304
0.020188838243484497
0.019658472388982773
0.019132589921355247
0.018615787848830223
0.018110929057002068
0.017616868019104004
0.017132336273789406
0.016656337305903435
0.016188805922865868
0.015730738639831543
0.015281803905963898
0.014840669929981232
0.014417922124266624
0.014013444073498249
0.013622851110994816
0.013242222368717194
0.012873268686234951
0.012515670619904995
0.012166743166744709
0.01182546652853489
0.011493965052068233
0.011172340251505375
0.01086107362061739
0.010559555143117905
0.010267827659845352
0.00998576171696186
0.009713798761367798
0.009451830759644508
