0.020677687600255013
0.024861518293619156
0.02703753300011158
0.029542433097958565
0.032534386962652206
0.03799479454755783
0.031739361584186554
0.029224632307887077
0.02819308638572693
0.027238817885518074
0.025940367951989174
0.024983540177345276
0.023868801072239876
0.023137468844652176
0.022658010944724083
0.022348828613758087
0.022151075303554535
0.02202819660305977
0.021946638822555542
0.021886028349399567
0.0218358114361763
0.021787885576486588
0.021740397438406944
0.021691761910915375
0.021640945225954056
0.02159149944782257
0.021540077403187752
0.021485690027475357
0.021428778767585754
0.02136966399848461
0.021308068186044693
0.021245580166578293
0.021183663979172707
0.021120574325323105
0.02105684205889702
0.02099061757326126
0.020921828225255013
0.0012974119745194912
0.0012740910751745105
0.0012344872811809182
0.0012178729521110654
0.001209885347634554
0.001205088454298675
0.026916563510894775
0.02776111289858818
0.026513397693634033
0.025391442701220512
0.02413831278681755
0.0236783716827631
0.02327752485871315
0.022558845579624176
0.02197328396141529
0.021495988592505455
0.02112184464931488
0.020830772817134857
0.02060380019247532
0.020424455404281616
0.02027994766831398
0.020161980763077736
0.020064974203705788
0.019984504207968712
0.01991613209247589
0.019857970997691154
0.019806602969765663
0.019759850576519966
0.019716527312994003
0.01967594213783741
0.019637111574411392
0.01959923841059208
0.019561054185032845
0.01952182501554489
0.019481414929032326
0.019439954310655594
0.019398460164666176
0.019356748089194298
0.019314080476760864
0.019269702956080437
0.01922306977212429
0.019174126908183098
0.01912292093038559
0.019069507718086243
0.019014138728380203
0.018957223743200302
0.018898947164416313
0.018839135766029358
0.01877770945429802
0.018714958801865578
0.018651213496923447
0.018586838617920876
0.018522171303629875
0.018457096070051193
0.018391495570540428
0.0183250792324543
0.018258128315210342
0.01819106750190258
0.018124273046851158
0.018057823181152344
0.017991691827774048
0.017925584688782692
0.017859015613794327
