0.04171854257583618
0.049192581325769424
0.04877796769142151
0.04496265575289726
0.04256986826658249
0.03759567439556122
0.03568718954920769
0.032283421605825424
0.03091605007648468
0.02815663442015648
0.025173263624310493
0.022916479036211967
0.0212382972240448
0.020014701411128044
0.01911705918610096
0.018451817333698273
0.017948057502508163
0.017557043582201004
0.017248664051294327
0.017003051936626434
0.01680796779692173
0.016653968021273613
0.016531573608517647
0.016433732584118843
0.01635782979428768
0.016302000731229782
0.01625662110745907
0.016215741634368896
0.016177987679839134
0.016142530366778374
0.016109058633446693
0.016076697036623955
0.016045011579990387
0.016013583168387413
0.01598234474658966
0.015951072797179222
0.0035292524844408035
0.003501155646517873
0.0034932296257466078
0.0034854512196034193
0.0034395293332636356
0.0029894118197262287
0.021114157512784004
0.022554734721779823
0.022038744762539864
0.021314697340130806
0.020394835621118546
0.020097089931368828
0.019718285650014877
0.019103363156318665
0.018585549667477608
0.01813984103500843
0.01777658239006996
0.0174694936722517
0.017196936532855034
0.016952302306890488
0.016734683886170387
0.016543850302696228
0.01637664996087551
0.016229016706347466
0.016098886728286743
0.015985842794179916
0.015888525173068047
0.01580464281141758
0.01573190838098526
0.015667971223592758
0.015609935857355595
0.015555235557258129
0.01550217904150486
0.015449698083102703
0.015397605486214161
0.015345703810453415
0.01529365312308073
0.01524193026125431
0.015191080048680305
0.015141390264034271
0.015092844143509865
0.01504531130194664
0.014998125843703747
0.014950945973396301
0.014903733506798744
0.014856410212814808
0.014808914624154568
0.014761270023882389
0.014713529497385025
0.014665897935628891
0.01461851131170988
0.014571164734661579
0.01452360674738884
0.014475827105343342
0.014427436515688896
0.014378213323652744
0.01432831585407257
0.014277918264269829
0.014226986095309258
0.014175458811223507
0.014123369939625263
0.014070798642933369
0.014017999172210693
