0.026275618001818657
0.03037366084754467
0.03255990147590637
0.033215101808309555
0.03405836224555969
0.034555260092020035
0.03483115881681442
0.03505067154765129
0.0352432057261467
0.03547704219818115
0.03577478229999542
0.03604709729552269
0.036294303834438324
0.03652204945683479
0.03672602400183678
0.03694351762533188
0.03723376616835594
0.03760411590337753
0.03805907815694809
0.03861956670880318
0.03928489238023758
0.04003533348441124
0.040864549577236176
0.041770998388528824
0.04275473579764366
0.04380911961197853
0.04492344334721565
0.04609677195549011
0.047343723475933075
0.04867685213685036
0.050113074481487274
0.05172952637076378
0.053430069237947464
0.0027894952800124884
0.0026633134111762047
0.0026134278159588575
0.0025880003813654184
0.0025841041933745146
0.0025837586726993322
0.0025825549382716417
0.05039951577782631
0.05281788483262062
0.05422057583928108
0.05552550405263901
0.05659828707575798
0.057718951255083084
0.05892602726817131
0.06023547053337097
0.06162960082292557
0.06313503533601761
0.06473267823457718
0.06636511534452438
0.06803896278142929
0.06976503133773804
0.07156022638082504
0.07312918454408646
0.07003054767847061
0.0671461671590805
0.06438429653644562
0.061773478984832764
0.05930707976222038
0.05686111003160477
0.054487694054841995
0.05221470072865486
0.05001012608408928
0.04785986617207527
0.045772381126880646
0.043761081993579865
0.04207345470786095
0.04058688506484032
0.03921571746468544
0.037941303104162216
0.03674193471670151
0.03560373932123184
0.034518588334321976
0.03348125144839287
0.032489243894815445
0.0315418541431427
0.030636267736554146
0.029771143570542336
0.02894812822341919
0.028165919706225395
0.027416804805397987
0.0266959797590971
0.026000989601016045
0.025325851514935493
0.02466515451669693
0.024028515443205833
0.023420266807079315
0.022829806432127953
0.02226017601788044
0.021725472062826157
0.02121303789317608
0.020714081823825836
0.02021697349846363
