0.022562311962246895
0.028802916407585144
0.029956825077533722
0.02986033260822296
0.030243050307035446
0.030449679121375084
0.030503438785672188
0.030602695420384407
0.030825603753328323
0.031100396066904068
0.03137696161866188
0.03169944882392883
0.03199860081076622
0.03226253390312195
0.032514870166778564
0.032749567180871964
0.03301520273089409
0.033404216170310974
0.03393375873565674
0.034101955592632294
0.03378237783908844
0.0334857776761055
0.033192235976457596
0.032890960574150085
0.032575614750385284
0.03224383667111397
0.03189238905906677
0.03151987865567207
0.031125763431191444
0.0307091623544693
0.03027036413550377
0.02980886399745941
0.02932749316096306
0.0023249778896570206
0.0020008611027151346
0.001872163382358849
0.001810444169677794
0.0018367769662290812
0.0019042645581066608
0.001943967305123806
0.001990162068977952
0.002023501554504037
0.032379161566495895
0.03016280196607113
0.028576502576470375
0.02750229276716709
0.02664036676287651
0.025905609130859375
0.02521885745227337
0.02454368583858013
0.023881379514932632
0.023227326571941376
0.022572431713342667
0.021913236007094383
0.021256430074572563
0.020605020225048065
0.01996208354830742
0.01932872273027897
0.018705997616052628
0.018095411360263824
0.017496353015303612
0.016908040270209312
0.016330746933817863
0.015766583383083344
0.015215546824038029
0.014682856388390064
0.014168817549943924
0.013673553243279457
0.013196205720305443
0.012742794118821621
0.012325514107942581
0.011938188225030899
0.011579941026866436
0.011242506094276905
0.010923054069280624
0.010617916472256184
0.010326900519430637
0.010047674179077148
0.009779159910976887
0.009521390311419964
0.009272846393287182
0.009034952148795128
0.008810572326183319
0.008596345782279968
0.008389545604586601
0.008188157342374325
0.007990328595042229
0.007795853074640036
0.007606536149978638
0.007422396447509527
0.007243769709020853
0.0070711774751544
0.006905298680067062
0.006746070459485054
0.006592833437025547
0.006445190869271755
