0.0430699847638607
0.049030184745788574
0.05426782742142677
0.05537036433815956
0.05593768507242203
0.05625061318278313
0.05664515867829323
0.05703175812959671
0.05733173340559006
0.057604920119047165
0.05775352939963341
0.057880647480487823
0.05801317095756531
0.05813469737768173
0.05826214700937271
0.05839943140745163
0.05851912498474121
0.05864669010043144
0.05879049375653267
0.05895370990037918
0.059131912887096405
0.05942114442586899
0.059763353317976
0.06015020236372948
0.060646142810583115
0.06123773753643036
0.061915963888168335
0.06267877668142319
0.06349948048591614
0.06436485797166824
0.06527311354875565
0.06622746586799622
0.0038249308709055185
0.003843977814540267
0.0038372641429305077
0.0037994992453604937
0.003742808010429144
0.003696504281833768
0.060453660786151886
0.06331217288970947
0.06556198000907898
0.06748635321855545
0.06922749429941177
0.07083671540021896
0.07235376536846161
0.07381270825862885
0.07523857802152634
0.07667198777198792
0.0781046599149704
0.07957117259502411
0.08108897507190704
0.08269824087619781
0.08436482399702072
0.08610416948795319
0.08788277953863144
0.0897136926651001
0.09160938113927841
0.0931820198893547
0.09447979182004929
0.09577969461679459
0.09722820669412613
0.09868523478507996
0.10010002553462982
0.10153906792402267
0.10348471999168396
0.10551334172487259
0.10751800239086151
0.10949209332466125
0.1115776002407074
0.1139669418334961
0.11676980555057526
0.11922749876976013
0.12184051424264908
0.12469353526830673
0.12052152305841446
0.1163867712020874
0.1124468445777893
0.10865309089422226
0.10493093729019165
0.10121344029903412
0.09785730391740799
0.09501001983880997
0.09146707504987717
0.08842939883470535
0.08544296771287918
0.08240212500095367
0.0792718455195427
0.07605881243944168
0.07316043227910995
0.07446099072694778
0.08367402851581573
0.16012787818908691
