0.03792882710695267
0.04070661589503288
0.04553387686610222
0.05062423273921013
0.0521387979388237
0.05260877311229706
0.05278685688972473
0.052996791899204254
0.05321262776851654
0.05338536202907562
0.05359808728098869
0.0537683330476284
0.0539342425763607
0.05413783714175224
0.0543895959854126
0.05461845174431801
0.0548248291015625
0.05500725284218788
0.05519924312829971
0.055376678705215454
0.05553927272558212
0.05575789138674736
0.05602976307272911
0.056347522884607315
0.056745149195194244
0.057189855724573135
0.05767260864377022
0.058214250952005386
0.058798760175704956
0.05943794548511505
0.060131270438432693
0.06086696311831474
0.0036690596025437117
0.003417501226067543
0.0033186906948685646
0.003268648637458682
0.003241604892536998
0.0032249796204268932
0.056271497160196304
0.05929470807313919
0.0610206313431263
0.0623110793530941
0.0634809210896492
0.0646093562245369
0.06575634330511093
0.06693510711193085
0.0681472197175026
0.06939159333705902
0.07067335397005081
0.07199418544769287
0.07334520667791367
0.07471810281276703
0.07612685859203339
0.07757168263196945
0.07905741780996323
0.08062548190355301
0.08218938857316971
0.08362403512001038
0.08503275364637375
0.08645731210708618
0.08790253102779388
0.08931389451026917
0.09040367603302002
0.09138206392526627
0.09227697551250458
0.09311820566654205
0.0938917025923729
0.09460809081792831
0.0952862799167633
0.09594956040382385
0.09661043435335159
0.09727253764867783
0.09792955219745636
0.09858185797929764
0.09960685670375824
0.1006438136100769
0.10165327787399292
0.1027776449918747
0.10380057990550995
0.1041843593120575
0.10456577688455582
0.10406847298145294
0.10061471909284592
0.09730491787195206
0.09406483173370361
0.09085234999656677
0.08795738965272903
0.08528704941272736
0.08271168917417526
0.08020716160535812
0.07777933776378632
0.0754130631685257
0.07318439334630966
