3.9776978492736816
4.757551670074463
6.160614013671875
6.631507396697998
6.564205646514893
6.5640997886657715
6.595292568206787
6.754937171936035
7.032059669494629
7.400864601135254
7.805990219116211
7.979711532592773
8.150436401367188
8.248701095581055
8.387533187866211
8.569998741149902
8.788030624389648
9.003862380981445
9.226584434509277
9.448201179504395
9.624147415161133
9.812209129333496
10.003267288208008
10.184219360351562
10.361921310424805
10.563156127929688
10.800532341003418
11.047356605529785
11.320484161376953
11.604923248291016
11.892333984375
12.183780670166016
0.33279600739479065
0.29899361729621887
0.3122287392616272
0.32931017875671387
0.34709349274635315
0.3640742599964142
14.516733169555664
14.44465160369873
14.192865371704102
14.194292068481445
14.323430061340332
14.527504920959473
14.76931381225586
15.034823417663574
15.314271926879883
15.598196029663086
16.07007598876953
16.54607582092285
16.94093132019043
17.318784713745117
17.687862396240234
18.056110382080078
18.42354965209961
18.79542350769043
19.172035217285156
19.549911499023438
19.923412322998047
20.288005828857422
20.644853591918945
20.999805450439453
21.36233139038086
21.728939056396484
22.096450805664062
22.461849212646484
22.82142448425293
23.171184539794922
23.51089096069336
23.842403411865234
24.169363021850586
24.49597930908203
24.823368072509766
25.153663635253906
25.488466262817383
25.8365535736084
26.195213317871094
26.536535263061523
26.85573959350586
27.154159545898438
27.429014205932617
27.680519104003906
27.916385650634766
28.16361427307129
28.395645141601562
28.605247497558594
28.80185317993164
28.99043846130371
29.171512603759766
29.346481323242188
29.518957138061523
29.691709518432617
