0.03790310025215149
0.040472984313964844
0.0454007089138031
0.050333891063928604
0.051744941622018814
0.05242478474974632
0.05270496383309364
0.05296897888183594
0.05319514498114586
0.053389083594083786
0.053553201258182526
0.053730376064777374
0.0539274662733078
0.0541253387928009
0.0543334074318409
0.05457694083452225
0.05479615926742554
0.05500924587249756
0.05521718040108681
0.05544209107756615
0.055683113634586334
0.05596313625574112
0.05630422756075859
0.05670337751507759
0.05718483030796051
0.057732876390218735
0.05832904949784279
0.05896717682480812
0.05964135006070137
0.06035589799284935
0.061113812029361725
0.061914775520563126
0.0038720297161489725
0.0036277449689805508
0.003511990187689662
0.003448678646236658
0.0034118378534913063
0.0033895738888531923
0.05755853280425072
0.06030876189470291
0.0619453601539135
0.06323893368244171
0.06445740163326263
0.06567631661891937
0.06692810356616974
0.06821132451295853
0.06952203065156937
0.07085838168859482
0.07223067432641983
0.07364895939826965
0.0750928670167923
0.07657396048307419
0.07815811783075333
0.07980037480592728
0.08134833723306656
0.08296406269073486
0.08468391001224518
0.0864657312631607
0.08827686309814453
0.09009253233671188
0.09156927466392517
0.09291879832744598
0.09420821815729141
0.09541194140911102
0.09696400165557861
0.09834170341491699
0.09966227412223816
0.10098651796579361
0.10222148150205612
0.10350369662046432
0.10489682108163834
0.10616589337587357
0.10731271654367447
0.10838990658521652
0.10942135006189346
0.11037533730268478
0.11127793043851852
0.11215639859437943
0.11182723939418793
0.10862748324871063
0.10566145181655884
0.10284218937158585
0.10015469789505005
0.09758222848176956
0.09511534124612808
0.09273531287908554
0.09043005853891373
0.08819492906332016
0.08602005243301392
0.08389637619256973
0.08182545006275177
0.07979919761419296
