2085.0830078125
2071.568359375
2043.8294677734375
2023.6729736328125
2009.8223876953125
2014.7147216796875
2033.3651123046875
2041.1138916015625
2052.5185546875
2051.686279296875
2045.153564453125
2043.2823486328125
2047.4310302734375
2052.606201171875
2077.45751953125
2101.116943359375
2116.85009765625
2132.421142578125
2152.30126953125
2173.256103515625
2195.8564453125
2217.495849609375
2246.093017578125
2292.040283203125
2353.49658203125
2434.522216796875
2529.7919921875
2632.899658203125
2743.505126953125
2861.019775390625
2985.779541015625
3117.92822265625
141.73728942871094
135.14088439941406
134.01254272460938
132.92198181152344
131.591796875
130.31005859375
2683.1923828125
2898.1474609375
3049.59033203125
3220.1044921875
3410.796875
3612.68310546875
3817.73681640625
4021.8095703125
4220.2978515625
4411.72509765625
4596.32470703125
4774.64208984375
4947.6328125
5116.279296875
5285.77978515625
5457.646484375
5623.99267578125
5785.45263671875
5946.23095703125
6112.33642578125
6293.42333984375
6459.76708984375
6621.85400390625
6775.228515625
6924.6416015625
7062.32177734375
7184.80908203125
7291.470703125
7385.85400390625
7474.20947265625
7554.43798828125
7620.8857421875
7669.69287109375
7705.44775390625
7727.38818359375
7734.38623046875
7740.96484375
7750.41552734375
7772.91796875
7802.38134765625
7844.275390625
7906.04248046875
7972.66357421875
8042.27685546875
8114.8798828125
8179.84375
8227.6416015625
8241.4267578125
8196.8564453125
8140.8466796875
8076.86474609375
8026.53271484375
7982.9814453125
7914.38232421875
