2066.42529296875
2026.4739990234375
1999.000244140625
2086.495361328125
2068.026611328125
2058.904296875
2049.464111328125
2064.36181640625
2070.29345703125
2091.98486328125
2108.89990234375
2118.78076171875
2124.640869140625
2132.66259765625
2147.847900390625
2169.46435546875
2189.57373046875
2212.7333984375
2241.916748046875
2274.890869140625
2308.382568359375
2344.234619140625
2395.370849609375
2484.817626953125
2574.170166015625
2669.51953125
2780.70751953125
2923.7080078125
2901.399169921875
2856.633544921875
2825.607666015625
2802.266357421875
101.26420593261719
103.0288314819336
104.51458740234375
105.74068450927734
106.79977416992188
107.7022705078125
1786.46142578125
2445.290283203125
2579.187255859375
2547.0810546875
2492.258056640625
2412.458984375
2491.630126953125
2555.256591796875
2594.781494140625
2633.4375
2667.394287109375
2702.0927734375
2731.94482421875
2748.551513671875
2749.794921875
2740.168701171875
2723.8330078125
2702.797607421875
2675.86376953125
2644.4326171875
2608.364990234375
2566.65380859375
2520.535888671875
2472.30224609375
2424.488525390625
2377.340087890625
2330.599365234375
2284.242919921875
2238.25439453125
2192.87158203125
2149.10693359375
2108.817626953125
2071.48681640625
2035.3658447265625
2000.2791748046875
1966.8184814453125
1935.4259033203125
1906.089599609375
1878.4393310546875
1851.71337890625
1825.4188232421875
1799.2178955078125
1773.00146484375
1746.5433349609375
1719.5694580078125
1692.55322265625
1665.2799072265625
1637.54443359375
1609.7017822265625
1581.9141845703125
1554.1666259765625
1526.65576171875
1499.5394287109375
1472.8408203125
