2069.047119140625
2035.0830078125
2048.14697265625
2069.956787109375
2055.02099609375
2045.1934814453125
2038.12939453125
2032.9122314453125
2035.6619873046875
2034.241943359375
2038.8544921875
2046.821533203125
2051.856201171875
2050.350830078125
2054.9384765625
2059.439697265625
2072.43408203125
2082.402587890625
2085.368896484375
2095.190185546875
2104.624267578125
2123.95654296875
2147.5556640625
2172.988525390625
2198.15576171875
2232.727783203125
2275.169677734375
2319.647705078125
2386.685546875
2461.32373046875
2545.353271484375
2662.281494140625
112.51183319091797
114.75428009033203
116.4242172241211
117.81067657470703
119.0094985961914
120.05322265625
1844.0592041015625
2157.779541015625
2646.526611328125
3058.840576171875
3175.684326171875
3128.13134765625
3070.477294921875
2999.909423828125
2916.056640625
2823.828857421875
2840.09326171875
2854.945556640625
2879.203857421875
2911.28271484375
2934.39208984375
2946.06103515625
2950.29931640625
2947.806640625
2937.20166015625
2925.829345703125
2911.921875
2892.017333984375
2857.314208984375
2820.827880859375
2777.779052734375
2728.578857421875
2674.8408203125
2618.670654296875
2560.7197265625
2507.31640625
2459.545166015625
2416.5625
2377.3662109375
2339.32568359375
2300.68603515625
2260.976318359375
2223.24951171875
2186.829345703125
2153.427001953125
2122.1416015625
2092.43212890625
2063.95458984375
2036.4573974609375
2009.1358642578125
1980.89111328125
1950.857666015625
1918.8583984375
1885.2952880859375
1850.4930419921875
1815.054931640625
1779.3548583984375
1743.74560546875
1708.448974609375
1673.880859375
