2083.852294921875
2063.251220703125
2037.2862548828125
2017.086669921875
2004.1990966796875
1993.8128662109375
2014.9404296875
2049.6904296875
2057.353515625
2057.620849609375
2077.195068359375
2086.007568359375
2097.630859375
2113.383056640625
2127.54296875
2141.850341796875
2164.6162109375
2191.784912109375
2223.7470703125
2263.616943359375
2314.685791015625
2385.243896484375
2471.69873046875
2576.138916015625
2701.790771484375
2845.64794921875
3004.417236328125
3174.8544921875
3353.97314453125
3538.87060546875
3725.442138671875
3917.0732421875
166.12466430664062
172.03712463378906
188.1318359375
203.44346618652344
216.63145446777344
227.57083129882812
4681.58984375
4674.69775390625
4597.3603515625
4623.560546875
4735.07568359375
4903.33154296875
5113.37939453125
5355.4326171875
5625.1630859375
5919.01953125
6234.85400390625
6588.72802734375
6983.2919921875
7421.79296875
7854.5146484375
8291.7294921875
8761.6630859375
9216.8662109375
9675.06640625
10103.2041015625
10516.0693359375
10918.5810546875
11314.853515625
11701.3779296875
12079.470703125
12440.673828125
12786.8779296875
13126.794921875
13453.9267578125
13759.9462890625
14044.3828125
14310.654296875
14561.8427734375
14799.4306640625
15023.701171875
15236.5048828125
15438.056640625
15622.546875
15789.7275390625
15942.2890625
16078.4892578125
16201.091796875
16301.7021484375
16384.126953125
16443.427734375
16482.6953125
16501.30859375
16501.40625
16482.310546875
16443.123046875
16381.5546875
16297.5087890625
16189.390625
16057.716796875
