2084.214599609375
2064.17041015625
2038.581298828125
2018.56298828125
2005.7642822265625
1995.5789794921875
2007.285888671875
2047.27490234375
2058.374267578125
2055.150634765625
2070.210205078125
2082.906005859375
2091.521484375
2104.936767578125
2120.79248046875
2133.5712890625
2151.07080078125
2173.991455078125
2201.384521484375
2235.615234375
2275.716064453125
2331.232177734375
2403.840087890625
2491.140625
2595.188720703125
2718.301513671875
2857.6513671875
3010.3583984375
3173.318603515625
3343.88818359375
3519.76708984375
3697.631591796875
155.5477752685547
155.00732421875
168.52658081054688
182.46685791015625
194.68544006347656
205.1310272216797
4321.1015625
4335.60205078125
4275.46142578125
4305.4501953125
4412.49560546875
4568.220703125
4758.51318359375
4974.9521484375
5215.82373046875
5476.76708984375
5755.27880859375
6050.01123046875
6362.98046875
6718.08837890625
7107.98779296875
7531.6552734375
7935.19140625
8346.287109375
8789.412109375
9219.5244140625
9647.80859375
10059.2001953125
10454.6083984375
10838.849609375
11211.36328125
11573.1220703125
11923.580078125
12264.783203125
12593.982421875
12910.6953125
13212.8427734375
13494.4755859375
13754.5654296875
13996.73828125
14223.40234375
14437.0234375
14638.4326171875
14827.3447265625
15005.505859375
15168.115234375
15315.609375
15449.974609375
15571.1875
15683.7802734375
15777.0927734375
15855.9736328125
15915.138671875
15956.6708984375
15984.0927734375
15996.404296875
15992.5654296875
15971.345703125
15930.1474609375
15865.955078125
