2064.48974609375
2032.60888671875
2012.182373046875
2038.2188720703125
2052.016845703125
2047.08203125
2052.344482421875
2049.272705078125
2073.4755859375
2103.05419921875
2133.499755859375
2150.416748046875
2170.893310546875
2203.37646484375
2241.124267578125
2279.951171875
2328.520263671875
2398.934326171875
2498.375
2619.086181640625
2759.371826171875
2917.8203125
3092.7158203125
3280.365966796875
3477.62353515625
3685.096923828125
3902.71484375
4125.94873046875
4354.96337890625
4590.08447265625
4831.2373046875
5077.84228515625
216.10980224609375
213.9849090576172
222.73004150390625
232.17236328125
240.64927673339844
247.9419708251953
5407.22021484375
5572.24462890625
5613.9228515625
5685.591796875
5818.1787109375
6008.740234375
6253.63232421875
6563.43359375
6911.93896484375
7297.96240234375
7725.109375
8158.92333984375
8598.1064453125
9028.162109375
9448.0634765625
9858.2138671875
10262.224609375
10245.4921875
10142.5517578125
10038.427734375
9929.640625
9813.283203125
9685.025390625
9543.947265625
9391.6259765625
9227.6162109375
9053.7421875
8874.0498046875
8688.75
8498.369140625
8304.072265625
8105.36767578125
7903.79541015625
7700.3740234375
7492.41943359375
7282.43359375
7070.31787109375
6862.12109375
6660.65185546875
6464.81103515625
6274.37158203125
6089.00830078125
5907.455078125
5729.7421875
5557.759765625
5390.7333984375
5228.28125
5070.2353515625
4916.91162109375
4768.30126953125
4624.3759765625
4485.2236328125
4350.6123046875
4220.3642578125
