2084.999755859375
2061.236083984375
2029.50927734375
2051.574951171875
2048.852783203125
2063.486083984375
2079.234375
2077.218994140625
2077.566162109375
2080.153564453125
2072.84765625
2067.43212890625
2077.563720703125
2051.975341796875
2010.8587646484375
1970.3046875
1930.01220703125
1897.6590576171875
1872.4349365234375
1848.6251220703125
1828.2265625
1802.857421875
1779.9332275390625
1756.0694580078125
1734.7677001953125
1714.2413330078125
1701.0062255859375
1693.666748046875
1686.4517822265625
1680.72802734375
1676.7723388671875
1677.952392578125
118.32250213623047
119.54104614257812
120.42110443115234
121.13060760498047
121.73999786376953
122.26714324951172
1582.0135498046875
1627.561279296875
1718.597412109375
1744.3968505859375
1777.7314453125
1802.1795654296875
1830.2786865234375
1881.0999755859375
1959.7281494140625
2036.3770751953125
2107.266357421875
2171.666259765625
2231.31787109375
2287.541015625
2339.635986328125
2387.323486328125
2431.419189453125
2472.710693359375
2510.522705078125
2543.907958984375
2572.421630859375
2596.495361328125
2616.204833984375
2631.701904296875
2643.29638671875
2651.136474609375
2654.9794921875
2654.9013671875
2651.4033203125
2645.039306640625
2635.986083984375
2624.762939453125
2611.822021484375
2597.8134765625
2582.091552734375
2564.505615234375
2545.23974609375
2524.796142578125
2504.144287109375
2482.13525390625
2458.445556640625
2433.11474609375
2406.251220703125
2377.991455078125
2348.571044921875
2318.16455078125
2286.802490234375
2254.624267578125
2221.862548828125
2188.69384765625
2155.282470703125
2121.7861328125
2088.4189453125
2055.255126953125
