2046.8997802734375
1939.0885009765625
1417.96826171875
1334.2454833984375
1289.00048828125
1244.71435546875
1211.36279296875
1183.1619873046875
1158.8734130859375
1140.82763671875
1119.34716796875
1095.6513671875
1071.2911376953125
1047.4677734375
1024.326416015625
1006.136474609375
989.982666015625
971.7562866210938
952.739990234375
933.5980224609375
914.4174194335938
895.7288818359375
883.3555297851562
871.6494750976562
861.3411254882812
853.465087890625
844.9588623046875
835.050537109375
825.6459350585938
817.622314453125
809.6033325195312
801.008544921875
118.80384063720703
119.18738555908203
119.55783081054688
119.93840789794922
120.1933364868164
120.45103454589844
912.3150634765625
759.6424560546875
792.0467529296875
795.8366088867188
782.1278076171875
764.2015380859375
747.9693603515625
732.3106079101562
731.6035766601562
736.533935546875
743.0670166015625
751.6401977539062
760.6912841796875
770.5496215820312
784.0498046875
802.3327026367188
823.610107421875
846.8868408203125
874.3851928710938
903.752197265625
934.50927734375
966.4216918945312
999.712646484375
1033.871826171875
1067.6484375
1099.4013671875
1128.260498046875
1153.9005126953125
1177.1602783203125
1198.4910888671875
1217.742431640625
1234.5107421875
1248.1654052734375
1258.2392578125
1264.6441650390625
1267.7303466796875
1268.3580322265625
1267.705322265625
1267.098388671875
1266.0621337890625
1264.430419921875
1262.052734375
1258.7794189453125
1254.45458984375
1248.87548828125
1241.9583740234375
1233.6597900390625
1223.9798583984375
1212.98291015625
1201.1121826171875
1188.302978515625
1174.5968017578125
1160.1290283203125
1145.0543212890625
