0.024666719138622284
0.027261532843112946
0.031391441822052
0.03328520059585571
0.03359032794833183
0.03380975499749184
0.033999964594841
0.03423553332686424
0.034452829509973526
0.03457548841834068
0.03469034284353256
0.0348120778799057
0.03498215600848198
0.035148244351148605
0.03532181307673454
0.03551440313458443
0.035736165940761566
0.03593374788761139
0.03610580414533615
0.03628307953476906
0.03646819666028023
0.03667367622256279
0.0369294174015522
0.037246912717819214
0.037625912576913834
0.038052063435316086
0.038518570363521576
0.03901787847280502
0.039547670632600784
0.04010913521051407
0.040717076510190964
0.041371844708919525
0.002372386632487178
0.0023413558956235647
0.0023350247647613287
0.0023252214305102825
0.0023127475287765265
0.0023009234573692083
0.0382368229329586
0.040075529366731644
0.041437678039073944
0.04252447560429573
0.04347994923591614
0.04440094530582428
0.04531916603446007
0.046250540763139725
0.0472072958946228
0.04819530248641968
0.049217961728572845
0.050270553678274155
0.05136818811297417
0.05253510922193527
0.05376826971769333
0.05507070571184158
0.05621457099914551
0.05719783157110214
0.058159857988357544
0.059095703065395355
0.060013383626937866
0.06091434881091118
0.061808593571186066
0.06265643984079361
0.06344834715127945
0.06419401615858078
0.06489364802837372
0.0655556321144104
0.06619231402873993
0.06681355834007263
0.06742653995752335
0.06802944839000702
0.06861064583063126
0.06917402893304825
0.06975147128105164
0.07031726837158203
0.0708581954240799
0.06946408748626709
0.068455770611763
0.06749476492404938
0.0656631663441658
0.06387520581483841
0.06211397796869278
0.06037849560379982
0.05867116153240204
0.056986093521118164
0.05534221976995468
0.05372503027319908
0.05212724208831787
0.05053751543164253
0.04895388334989548
0.04738972336053848
0.04586406052112579
0.044387929141521454
0.04297510161995888
