19.119251251220703
18.5032958984375
16.46765899658203
14.153210639953613
12.499147415161133
11.416571617126465
10.695297241210938
10.194716453552246
9.842472076416016
9.59386157989502
9.398274421691895
9.27064037322998
9.207494735717773
9.206485748291016
9.263446807861328
9.376233100891113
9.548358917236328
9.778947830200195
10.06583023071289
10.408333778381348
10.81097412109375
11.266823768615723
11.773585319519043
12.329292297363281
12.948662757873535
13.657490730285645
14.485746383666992
15.391180038452148
16.36277961730957
17.388500213623047
18.453174591064453
19.53929328918457
4.034395694732666
3.247953176498413
3.0616037845611572
3.117731809616089
3.2448196411132812
3.4025371074676514
28.2686710357666
28.658220291137695
28.54106330871582
29.372215270996094
30.27315902709961
31.180240631103516
32.09939956665039
33.05394744873047
34.055572509765625
35.1013069152832
36.18855285644531
37.33806228637695
38.518707275390625
39.733306884765625
40.974281311035156
42.228782653808594
43.46834945678711
44.70132064819336
45.91819381713867
47.106571197509766
48.3021354675293
49.46925735473633
50.54578399658203
51.53643035888672
52.43831253051758
53.25209426879883
53.977294921875
54.61131286621094
55.127777099609375
55.50276565551758
55.7337760925293
55.845550537109375
55.87257766723633
55.84356689453125
55.78838348388672
55.72522735595703
55.65151596069336
55.548038482666016
55.401390075683594
55.214107513427734
54.98971939086914
54.73064422607422
54.44245147705078
54.134944915771484
53.815879821777344
53.491668701171875
53.1480827331543
52.79298400878906
52.439239501953125
52.0952033996582
51.766075134277344
51.45518493652344
51.16199493408203
50.90935516357422
