0.04263026639819145
0.04770304635167122
0.054166652262210846
0.05550511181354523
0.056017909198999405
0.05628947541117668
0.05652394890785217
0.056814391165971756
0.057062096893787384
0.057254984974861145
0.05743732303380966
0.057542089372873306
0.0576339028775692
0.05774671584367752
0.05785813555121422
0.0579698421061039
0.058112844824790955
0.0582827664911747
0.058427844196558
0.05856432393193245
0.05869874730706215
0.05883675813674927
0.05900193378329277
0.05918169766664505
0.05944506451487541
0.05977564677596092
0.06016269698739052
0.06059281900525093
0.061081524938344955
0.06164965033531189
0.062254469841718674
0.06290693581104279
0.0029937229119241238
0.002809932455420494
0.0027966974303126335
0.0027775801718235016
0.0027691021095961332
0.0027647705283015966
0.0577121376991272
0.06097802519798279
0.06313394755125046
0.06477530300617218
0.06612572818994522
0.06731012463569641
0.06839984655380249
0.06944263726472855
0.07046741992235184
0.07149039953947067
0.07251577079296112
0.07354751229286194
0.07460808753967285
0.07569814473390579
0.07683143019676208
0.07802829891443253
0.07932686060667038
0.08064904808998108
0.08197002857923508
0.08334130793809891
0.08476197719573975
0.08623968064785004
0.08776552975177765
0.08930376172065735
0.09087542444467545
0.09246911108493805
0.09393349289894104
0.09500274062156677
0.09591358155012131
0.09674734622240067
0.09752442687749863
0.09826943278312683
0.09899735450744629
0.09977304190397263
0.10056232661008835
0.10135436803102493
0.10224470496177673
0.10319259017705917
0.10431433469057083
0.10587961971759796
0.10749797523021698
0.10925106704235077
0.11124269664287567
0.11354203522205353
0.11126077175140381
0.10771169513463974
0.10451439023017883
0.10158440470695496
0.09884621948003769
0.09625359624624252
0.09362644702196121
0.09079734981060028
0.08777698129415512
0.08430217206478119
