0.024635210633277893
0.027054578065872192
0.03087933361530304
0.033112309873104095
0.03367675095796585
0.033961109817028046
0.03418387845158577
0.034366149455308914
0.03455172851681709
0.03467936813831329
0.03480411693453789
0.03492807596921921
0.035047728568315506
0.03517675772309303
0.03532629460096359
0.03548381105065346
0.035671789199113846
0.03586072102189064
0.03604213520884514
0.03622141480445862
0.036399707198143005
0.036590855568647385
0.03683292120695114
0.037130359560251236
0.03747984766960144
0.03787528723478317
0.03831274434924126
0.03878573328256607
0.03928716108202934
0.039814405143260956
0.040392518043518066
0.04101024568080902
0.0020781599450856447
0.0019417033763602376
0.0018873061053454876
0.0018579981988295913
0.0018396697705611587
0.0018273208988830447
0.03766591474413872
0.04034503549337387
0.041621387004852295
0.042489342391490936
0.04325386509299278
0.04403148964047432
0.04485473409295082
0.04573102667927742
0.04666072502732277
0.04764242097735405
0.04868026077747345
0.049785494804382324
0.0509878471493721
0.052302923053503036
0.05363249406218529
0.05495433509349823
0.05602755397558212
0.05698701739311218
0.057952333241701126
0.05888188257813454
0.059793878346681595
0.060703862458467484
0.06160055845975876
0.0624634213745594
0.06330564618110657
0.0641402155160904
0.0649302676320076
0.0656629279255867
0.06636388599872589
0.06704530864953995
0.06771600246429443
0.06837406009435654
0.06901618093252182
0.06965416669845581
0.07028844207525253
0.07088740915060043
0.06983546912670135
0.0678531676530838
0.06597030907869339
0.0641326829791069
0.062318529933691025
0.06051378697156906
0.058736443519592285
0.05699579790234566
0.055290788412094116
0.05359518900513649
0.051895786076784134
0.050186384469270706
0.048459507524967194
0.04672861844301224
0.04502327740192413
0.043460603803396225
0.04217075929045677
0.04101112112402916
