0.0065635330975055695
0.00706878025084734
0.007821541279554367
0.00850969273597002
0.009096191264688969
0.009609577246010303
0.009819450788199902
0.009900147095322609
0.009947140701115131
0.009996647015213966
0.010038715787231922
0.010094385594129562
0.010152670554816723
0.010206884704530239
0.01026448979973793
0.010313832201063633
0.010371441952884197
0.010439237579703331
0.010514982044696808
0.010594511404633522
0.010681330226361752
0.010781054385006428
0.010907982476055622
0.011060318909585476
0.011234789155423641
0.011430632323026657
0.011645742692053318
0.01187631394714117
0.012118590995669365
0.012370855547487736
0.012635418213903904
0.012899699620902538
0.0008365274989046156
0.0007364155608229339
0.0007326995837502182
0.0007422989001497626
0.0007526627159677446
0.000761744100600481
0.01302061416208744
0.013297248631715775
0.013451086357235909
0.013619862496852875
0.013822750188410282
0.014060420915484428
0.01432729046791792
0.014620731584727764
0.01493615098297596
0.015266252681612968
0.01560854073613882
0.015962673351168633
0.016327990218997
0.016708945855498314
0.01712157391011715
0.017552640289068222
0.017963683232665062
0.01834646798670292
0.018732883036136627
0.019128715619444847
0.019481319934129715
0.01983395777642727
0.020191455259919167
0.020552443340420723
0.020916415378451347
0.021285898983478546
0.021661922335624695
0.022040847688913345
0.022422540932893753
0.022807186469435692
0.023192739114165306
0.023571381345391273
0.02394496276974678
0.024315187707543373
0.024687720462679863
0.0250556543469429
0.02541864849627018
0.025776416063308716
0.026128878816962242
0.026472294703125954
0.026807459071278572
0.027139998972415924
0.027464643120765686
0.02777877077460289
0.028096787631511688
0.028404803946614265
0.028717081993818283
0.0290139801800251
0.029300294816493988
0.029580462723970413
0.02984919585287571
0.030107205733656883
0.030351968482136726
0.030581651255488396
