3.9981863498687744
4.727055072784424
6.0065717697143555
7.11006498336792
6.688920974731445
6.52825403213501
6.537482261657715
6.687771797180176
6.9599690437316895
7.332174301147461
7.706470489501953
8.111849784851074
8.595483779907227
8.704387664794922
8.563233375549316
8.537217140197754
8.610329627990723
8.745899200439453
8.8984956741333
9.077102661132812
9.2794771194458
9.488433837890625
9.712236404418945
9.90421199798584
10.081421852111816
10.24654769897461
10.413300514221191
10.591144561767578
10.792139053344727
11.01738452911377
11.269481658935547
11.54730224609375
0.21885251998901367
0.1832888275384903
0.19265301525592804
0.20112641155719757
0.21017815172672272
0.21934695541858673
12.244405746459961
13.479968070983887
13.68028736114502
13.860589981079102
14.07277774810791
14.346604347229004
14.680161476135254
15.088929176330566
15.548828125
16.038339614868164
16.55358123779297
17.1452579498291
17.87580680847168
18.615982055664062
19.34346580505371
20.093647003173828
20.890321731567383
21.736230850219727
22.629722595214844
23.559816360473633
24.522844314575195
25.524505615234375
26.574581146240234
27.654903411865234
28.7560977935791
29.874454498291016
31.01395606994629
32.164424896240234
33.306602478027344
34.43635177612305
35.55082702636719
36.72252655029297
37.885658264160156
39.05327606201172
40.24250411987305
41.45726776123047
42.65591049194336
43.81328201293945
44.90778732299805
45.92502212524414
46.86439514160156
47.72502899169922
48.52488708496094
49.28091812133789
49.97132110595703
50.58084487915039
51.11503982543945
51.58343505859375
51.99610137939453
52.36365509033203
52.69447708129883
52.99685287475586
53.27358627319336
53.5337028503418
