0.037072669714689255
0.03857775405049324
0.04219053313136101
0.04570350423455238
0.048728011548519135
0.050767332315444946
0.05117929354310036
0.05131834000349045
0.051433127373456955
0.05154638737440109
0.051662251353263855
0.05180457979440689
0.05201103910803795
0.05224190652370453
0.05244786664843559
0.05263077840209007
0.05280841141939163
0.0529882051050663
0.05318398401141167
0.0533965565264225
0.05361185967922211
0.053817108273506165
0.05403619259595871
0.054283928126096725
0.05457421764731407
0.05494966730475426
0.05540598928928375
0.05591991916298866
0.05648203566670418
0.05708514526486397
0.05773010477423668
0.05842169374227524
0.0034264472778886557
0.0031611311715096235
0.003100623143836856
0.0030665965750813484
0.0030420655384659767
0.00302188191562891
0.05504778400063515
0.05733434855937958
0.05844343081116676
0.05944989621639252
0.0605042390525341
0.061616912484169006
0.06279625743627548
0.06401287764310837
0.06527919322252274
0.06657758355140686
0.0678962990641594
0.06921694427728653
0.0705302357673645
0.07184778898954391
0.07317455857992172
0.07452837377786636
0.07596993446350098
0.07747487723827362
0.07904797792434692
0.08045467734336853
0.08168774098157883
0.08288726210594177
0.0841115266084671
0.08541537821292877
0.08675892651081085
0.08807069808244705
0.08925347775220871
0.09024925529956818
0.09117812663316727
0.09203188121318817
0.09284385293722153
0.09362978488206863
0.0944054052233696
0.09515310823917389
0.09586183726787567
0.09653278440237045
0.09717985987663269
0.09777868539094925
0.09850573539733887
0.09918106347322464
0.09989709407091141
0.10073541849851608
0.10168823599815369
0.10266796499490738
0.10360516607761383
0.10472665727138519
0.10604757815599442
0.107526995241642
0.10905124247074127
0.11038676649332047
0.11145104467868805
0.11235874891281128
0.11348289996385574
0.11464749276638031
