0.02466808818280697
0.027256181463599205
0.03138913959264755
0.03328533470630646
0.033590588718652725
0.03380958363413811
0.03399908170104027
0.034232575446367264
0.03444954380393028
0.03457465395331383
0.03468938544392586
0.034804247319698334
0.0349700041115284
0.035132963210344315
0.03530637174844742
0.03549453616142273
0.03571014478802681
0.035905737429857254
0.03607511892914772
0.036244843155145645
0.0364241823554039
0.03662066534161568
0.036867789924144745
0.037172023206949234
0.03754182159900665
0.03795897588133812
0.03841834515333176
0.03891276940703392
0.03943774849176407
0.039994318038225174
0.0405917726457119
0.041241731494665146
0.002363669453188777
0.00233416142873466
0.0023290126118808985
0.0023200332652777433
0.0023082199040800333
0.002296973252668977
0.0381397008895874
0.039963457733392715
0.04131748154759407
0.04240316152572632
0.04336017742753029
0.04428208991885185
0.045204244554042816
0.046139195561409
0.047097668051719666
0.04808754846453667
0.04911346361041069
0.05017051100730896
0.05126716196537018
0.052435461431741714
0.05367022752761841
0.05497496575117111
0.05614520236849785
0.0571298711001873
0.058100227266550064
0.05904644355177879
0.05996716395020485
0.06086660176515579
0.06175587326288223
0.0626041442155838
0.06341181695461273
0.06418576836585999
0.06491129845380783
0.06559820473194122
0.06625799834728241
0.06689433753490448
0.06751622259616852
0.06812428683042526
0.0687117874622345
0.06927808374166489
0.06985045969486237
0.07044941931962967
0.07101698964834213
0.07018652558326721
0.06822476536035538
0.06637740880250931
0.0645957887172699
0.06284499913454056
0.06110497564077377
0.059388913214206696
0.05770337954163551
0.05604642257094383
0.054428763687610626
0.0528411865234375
0.05127107352018356
0.04971010237932205
0.04815458878874779
0.04661080241203308
0.045100536197423935
0.04364950954914093
