0.1698783040046692
0.17808568477630615
0.17832529544830322
0.19330613315105438
0.2088388353586197
0.22494946420192719
0.23422817885875702
0.237803116440773
0.2411976158618927
0.24347761273384094
0.24494701623916626
0.24643199145793915
0.24780569970607758
0.2489965707063675
0.2499859631061554
0.25093477964401245
0.2519145905971527
0.25292742252349854
0.2538708448410034
0.25476565957069397
0.25555482506752014
0.2564726769924164
0.2577460706233978
0.25890395045280457
0.2599696218967438
0.2609655559062958
0.2620091140270233
0.26297834515571594
0.26391682028770447
0.26475104689598083
0.26547640562057495
0.2661270499229431
0.022392069920897484
0.021954448893666267
0.02177293784916401
0.02166636846959591
0.021591786295175552
0.021533358842134476
0.22072765231132507
0.24181398749351501
0.25127530097961426
0.25681111216545105
0.2610026001930237
0.2646065652370453
0.26780688762664795
0.2709217369556427
0.27407562732696533
0.27862539887428284
0.2861040532588959
0.293412983417511
0.300193190574646
0.30686935782432556
0.3140222132205963
0.32197752594947815
0.3305516839027405
0.33932262659072876
0.34800857305526733
0.35643789172172546
0.36479809880256653
0.369069367647171
0.37332388758659363
0.38258272409439087
0.3928211033344269
0.4038699269294739
0.41530877351760864
0.4268796145915985
0.43860945105552673
0.45070093870162964
0.46359983086586
0.47765591740608215
0.49447327852249146
0.512090802192688
0.5426059365272522
0.6589880585670471
0.8779635429382324
1.2560060024261475
5.562511444091797
29.10112190246582
40.48550033569336
48.96692657470703
56.78749084472656
65.05414581298828
73.24586486816406
81.31102752685547
89.06048583984375
96.91213989257812
106.29202270507812
115.74627685546875
125.641357421875
135.4182586669922
145.1077880859375
154.5242156982422
158.88796997070312
163.65814208984375
