0.11160122603178024
0.1213996484875679
0.13761581480503082
0.1474459320306778
0.1494688242673874
0.15008531510829926
0.15071873366832733
0.15134026110172272
0.15190176665782928
0.1524685025215149
0.15314333140850067
0.15381427109241486
0.15444262325763702
0.15493550896644592
0.15537817776203156
0.1558811217546463
0.15638123452663422
0.15689176321029663
0.15741604566574097
0.15788620710372925
0.15832193195819855
0.15886050462722778
0.1594504863023758
0.1601058393716812
0.1608685702085495
0.16179528832435608
0.1628842055797577
0.16410581767559052
0.16544482111930847
0.16694675385951996
0.1686047911643982
0.17037928104400635
0.010484140366315842
0.008691840805113316
0.008068416267633438
0.007930584251880646
0.007847617380321026
0.007789126597344875
0.15219183266162872
0.16291607916355133
0.16912633180618286
0.17406532168388367
0.1783582866191864
0.18237099051475525
0.18626989424228668
0.1901216059923172
0.1940428763628006
0.19809839129447937
0.20225870609283447
0.20708058774471283
0.21371716260910034
0.2204202264547348
0.2274121195077896
0.23468804359436035
0.2421281337738037
0.2497871220111847
0.25772491097450256
0.2663591802120209
0.26193225383758545
0.2572612166404724
0.2526705265045166
0.24814647436141968
0.24347709119319916
0.23878344893455505
0.2340731918811798
0.22932863235473633
0.2245217114686966
0.21980980038642883
0.2151375710964203
0.21044205129146576
0.20557625591754913
0.20077356696128845
0.19595366716384888
0.191011443734169
0.18594364821910858
0.18084411323070526
0.17593799531459808
0.17104332149028778
0.16627927124500275
0.25120213627815247
0.33297160267829895
0.4020366966724396
0.46241337060928345
0.5227079391479492
0.5734568238258362
0.6181166172027588
0.6600812077522278
0.7008056044578552
0.7402653694152832
0.785206139087677
0.8280069828033447
0.8728175759315491
