0.0406675711274147
0.0509178563952446
0.058686546981334686
0.060293953865766525
0.060468874871730804
0.060906145721673965
0.06124990060925484
0.06140102818608284
0.06152438372373581
0.06167842820286751
0.061899397522211075
0.06219187378883362
0.06241714954376221
0.06254270672798157
0.06266860663890839
0.06283053755760193
0.06302645057439804
0.06324755400419235
0.06347649544477463
0.0636998862028122
0.06391756236553192
0.06413302570581436
0.0643453598022461
0.06455183029174805
0.0647810623049736
0.06501993536949158
0.06499011814594269
0.06448127329349518
0.06407041102647781
0.06370511651039124
0.06340854614973068
0.06314324587583542
0.003090796759352088
0.0027410564944148064
0.0026561738923192024
0.002616588259115815
0.002600901760160923
0.002591114491224289
0.04411236196756363
0.05582321435213089
0.06140131130814552
0.06355194747447968
0.06621521711349487
0.06480219960212708
0.06358455866575241
0.06264787912368774
0.06186281144618988
0.061191387474536896
0.06060382351279259
0.06006736680865288
0.05955543741583824
0.059050753712654114
0.05854344367980957
0.05803056061267853
0.05751090496778488
0.05698389932513237
0.056443121284246445
0.05588661879301071
0.05519276112318039
0.05483054369688034
0.05445518344640732
0.053712476044893265
0.052995771169662476
0.052240222692489624
0.05146195739507675
0.050674110651016235
0.049872986972332
0.04905730113387108
0.048235632479190826
0.04740142822265625
0.04650648683309555
0.04558240994811058
0.04465286061167717
0.04371936619281769
0.04277287796139717
0.041828054934740067
0.04093208909034729
0.040121451020240784
0.03934014216065407
0.03856562077999115
0.03780113533139229
0.037050481885671616
0.03631160035729408
0.03558811917901039
0.03486885875463486
0.034161049872636795
0.03347194939851761
0.03279966861009598
0.03214124217629433
0.031492460519075394
0.030852261930704117
0.030229046940803528
0.029933560639619827
0.02958565391600132
