0.5011894702911377
0.6957553625106812
0.9815706014633179
0.982772946357727
0.9800170660018921
0.9802829623222351
0.9860264658927917
0.9920750856399536
0.9995826482772827
1.0097006559371948
1.0217868089675903
1.03181791305542
1.0440171957015991
1.0578832626342773
1.0743557214736938
1.090735912322998
1.107875108718872
1.1270945072174072
1.1498498916625977
1.177123785018921
1.2078547477722168
1.2425254583358765
1.2858197689056396
1.340194582939148
1.4108797311782837
1.4951560497283936
1.6058287620544434
1.7533376216888428
1.9396121501922607
2.0818400382995605
2.0992214679718018
2.1179192066192627
0.03910457715392113
0.03956282138824463
0.040010761469602585
0.040027450770139694
0.04005265608429909
0.04015835374593735
0.04030918702483177
2.1716856956481934
2.3332021236419678
2.3388419151306152
2.7278523445129395
4.061192512512207
6.319217681884766
9.371979713439941
12.105365753173828
14.536250114440918
17.90103530883789
20.76712417602539
23.661428451538086
26.86318588256836
30.442962646484375
34.3583984375
38.77359390258789
44.19835662841797
50.00361633300781
56.14796829223633
62.512447357177734
68.94712829589844
75.09852600097656
80.75312042236328
85.90780639648438
90.63616180419922
93.0012435913086
95.04641723632812
98.96481323242188
102.08248138427734
104.59844207763672
106.77820587158203
108.70524597167969
110.41958618164062
111.93195343017578
113.31786346435547
114.57978057861328
115.66666412353516
116.54432678222656
117.20700073242188
117.76590728759766
118.21626281738281
118.5199203491211
118.74554443359375
118.92549896240234
119.13917541503906
119.29766082763672
119.3876953125
119.42456817626953
119.41154479980469
119.36042022705078
119.27178955078125
119.08540344238281
118.58895111083984
118.08638763427734
117.6060562133789
117.14924621582031
