0.0254182368516922
0.02884088084101677
0.033012621104717255
0.03349907323718071
0.03379974514245987
0.03403826057910919
0.034343473613262177
0.03451811149716377
0.03467629849910736
0.034851111471652985
0.035049743950366974
0.035256579518318176
0.03550160676240921
0.035771455615758896
0.03599938005208969
0.03621762990951538
0.036451537162065506
0.036752864718437195
0.037138681858778
0.0376296229660511
0.03819185495376587
0.03881266713142395
0.039484381675720215
0.040207553654909134
0.04101056978106499
0.0418725311756134
0.042778220027685165
0.04372486099600792
0.04472397640347481
0.04576655477285385
0.0468466617166996
0.04796585068106651
0.00276911910623312
0.002733422676101327
0.002712968969717622
0.002661003964021802
0.0026073860935866833
0.0025598714128136635
0.0025217640213668346
0.044820673763751984
0.04629760980606079
0.04729701578617096
0.04873223602771759
0.05005033314228058
0.05137258768081665
0.05280181020498276
0.05437469109892845
0.0560155063867569
0.05731632560491562
0.05865825340151787
0.060001861304044724
0.06135839596390724
0.06260647624731064
0.06386313587427139
0.06507690995931625
0.06622307747602463
0.06728994846343994
0.06828934699296951
0.06923144310712814
0.0701131597161293
0.07099148631095886
0.07183854281902313
0.06983374059200287
0.06734545528888702
0.06606873124837875
0.06498472392559052
0.06275510042905807
0.06057104840874672
0.058423981070518494
0.05633113533258438
0.05428473278880119
0.05229082331061363
0.050340261310338974
0.048401642590761185
0.04646078869700432
0.044532060623168945
0.04271950200200081
0.04125932231545448
0.03998187556862831
0.0387975350022316
0.037668369710445404
0.036583300679922104
0.03553961217403412
0.03453470394015312
0.033586032688617706
0.03268255293369293
0.03160084784030914
0.030547933652997017
0.029463760554790497
0.028374208137392998
0.027315547689795494
0.026537515223026276
0.026919981464743614
0.030688559636473656
0.04795611649751663
