4.262749671936035
5.197288990020752
6.780147552490234
6.744215965270996
6.875027656555176
7.167905807495117
7.4919867515563965
7.845684051513672
8.066337585449219
7.9944939613342285
7.957805633544922
8.062850952148438
8.244366645812988
8.458576202392578
8.688779830932617
8.864259719848633
9.06059741973877
9.190256118774414
9.315014839172363
9.451839447021484
9.619054794311523
9.81974983215332
10.053442001342773
10.272202491760254
10.501895904541016
10.756458282470703
11.027088165283203
11.308454513549805
11.582066535949707
11.8558988571167
12.13027286529541
12.395652770996094
12.673650741577148
0.4649867117404938
0.41922879219055176
0.44363266229629517
0.4650837779045105
0.4848467707633972
0.5047582387924194
14.976675987243652
15.044416427612305
15.115254402160645
15.408364295959473
15.798688888549805
16.141010284423828
16.4965877532959
16.853437423706055
17.219768524169922
17.607593536376953
18.015438079833984
18.437761306762695
18.872020721435547
19.31633949279785
19.768335342407227
20.230424880981445
20.704912185668945
21.19599151611328
21.694961547851562
22.214611053466797
22.763553619384766
23.337831497192383
23.923391342163086
24.505155563354492
25.083148956298828
25.650169372558594
26.220190048217773
26.79132843017578
27.369184494018555
27.962085723876953
28.543487548828125
29.147340774536133
29.735769271850586
30.274173736572266
30.791650772094727
31.04770278930664
31.296770095825195
31.773496627807617
32.223087310791016
32.643951416015625
33.04009246826172
33.41535949707031
33.789466857910156
34.166465759277344
34.53361892700195
34.88657760620117
35.22255325317383
35.5490837097168
35.86904525756836
36.187904357910156
36.50189971923828
36.819618225097656
37.14333724975586
37.45586013793945
37.75813674926758
