0.04428281635046005
0.049559712409973145
0.05400370433926582
0.054733067750930786
0.05569680780172348
0.056258708238601685
0.05692420154809952
0.05744417384266853
0.05785561352968216
0.05807711184024811
0.058220528066158295
0.05832841247320175
0.0584198497235775
0.05850817263126373
0.0586322546005249
0.05876752734184265
0.058876004070043564
0.05900336429476738
0.05916620045900345
0.059350673109292984
0.0596248023211956
0.06001882255077362
0.06051940098404884
0.06116889789700508
0.06193612888455391
0.06280271708965302
0.06371989846229553
0.06466743350028992
0.06565546989440918
0.06667900830507278
0.06774355471134186
0.06884429603815079
0.0699569508433342
0.004040072672069073
0.004045526962727308
0.00404267106205225
0.004014406353235245
0.003979669418185949
0.003945088014006615
0.003906864672899246
0.06482774019241333
0.06689160317182541
0.06893030554056168
0.07086652517318726
0.07266973704099655
0.07436683028936386
0.07604549080133438
0.07773815840482712
0.0795028805732727
0.08135723322629929
0.08314469456672668
0.08494154363870621
0.08673171699047089
0.08841025829315186
0.0899348258972168
0.09141482412815094
0.09278418868780136
0.09386799484491348
0.09492700546979904
0.09609496593475342
0.09733783453702927
0.09863822162151337
0.10008027404546738
0.10161402076482773
0.1032584086060524
0.10595785081386566
0.10886628180742264
0.11212388426065445
0.11587871611118317
0.11436436325311661
0.10995398461818695
0.10594037175178528
0.10233069211244583
0.0991840809583664
0.09598506987094879
0.0925087034702301
0.08849377185106277
0.08415017277002335
0.07959973067045212
0.07894963026046753
0.12727107107639313
0.30626755952835083
0.5668875575065613
0.9247913956642151
1.2651320695877075
11.08613395690918
24.47066307067871
24.99518585205078
26.67190170288086
28.49964714050293
30.122652053833008
32.079261779785156
36.55593490600586
40.944358825683594
