10.130745887756348
12.717279434204102
10.942464828491211
9.430533409118652
7.742810249328613
7.082437992095947
6.89707612991333
6.839966773986816
6.776003360748291
6.723931312561035
6.682190895080566
6.588438510894775
6.497734546661377
6.425978660583496
6.382258415222168
6.367319583892822
6.373918533325195
6.374371528625488
6.370898246765137
6.379128932952881
6.403356552124023
6.445405006408691
6.505299091339111
6.584443092346191
6.68604850769043
6.814273357391357
6.9741716384887695
7.172773361206055
7.411285877227783
7.691147804260254
8.016733169555664
8.386476516723633
8.799163818359375
0.8502588272094727
0.74455326795578
0.7441062927246094
0.8173519372940063
0.8915170431137085
0.9613034725189209
1.0213570594787598
14.852128028869629
13.964943885803223
13.403731346130371
13.501269340515137
13.891995429992676
14.448001861572266
15.096412658691406
15.807745933532715
16.560638427734375
17.34076690673828
18.138633728027344
18.945077896118164
19.738727569580078
20.502859115600586
21.25535011291504
22.028196334838867
22.69918441772461
23.277267456054688
23.772275924682617
24.194137573242188
24.54080581665039
24.825042724609375
25.052719116210938
25.2293643951416
25.359445571899414
25.44989013671875
25.5043888092041
25.527544021606445
25.523508071899414
25.495925903320312
25.448301315307617
25.38573455810547
25.31441879272461
25.236583709716797
25.154903411865234
25.072025299072266
24.989013671875
24.9058895111084
24.82377052307129
24.741422653198242
24.6600284576416
24.583728790283203
24.51045799255371
24.439294815063477
24.37040138244629
24.30436134338379
24.24126434326172
24.18108558654785
24.124204635620117
24.070728302001953
24.019882202148438
23.972070693969727
23.92668342590332
23.883129119873047
