0.05988456308841705
0.06960039585828781
0.07781986147165298
0.08430637419223785
0.09326394647359848
0.1012510433793068
0.10974425822496414
0.11287559568881989
0.1130872592329979
0.11215779930353165
0.11096640676259995
0.10976555943489075
0.10874756425619125
0.1079816073179245
0.10752669721841812
0.10738752037286758
0.10749058425426483
0.10781440138816833
0.10830571502447128
0.10890529304742813
0.10959916561841965
0.11042047291994095
0.11139573156833649
0.1125853881239891
0.11404005438089371
0.11580417305231094
0.11793398857116699
0.12048783898353577
0.12351077049970627
0.12700743973255157
0.1308908313512802
0.13504795730113983
0.13944996893405914
0.14515750110149384
0.005626448895782232
0.004961537662893534
0.004657605197280645
0.00433298759162426
0.004038550425320864
0.003945469856262207
0.003924545831978321
0.08766020834445953
0.098900705575943
0.10348416119813919
0.1117851734161377
0.1315256953239441
0.1587066501379013
0.17970745265483856
0.16008372604846954
0.15452325344085693
0.151231586933136
0.14646445214748383
0.14238500595092773
0.13863644003868103
0.13501319289207458
0.13165420293807983
0.12840241193771362
0.12482138723134995
0.12107797712087631
0.11726273596286774
0.11360786855220795
0.11018108576536179
0.10687524825334549
0.10357819497585297
0.10029680281877518
0.0969548150897026
0.0936315655708313
0.09037938714027405
0.08723874390125275
0.08417525887489319
0.08125190436840057
0.07832232862710953
0.07533814013004303
0.07246547937393188
0.069685198366642
0.06691266596317291
0.06421805173158646
0.06186728551983833
0.0597403384745121
0.05781522020697594
0.0560438334941864
0.05442824959754944
0.0529366098344326
0.051540836691856384
0.05016976594924927
0.04879709705710411
0.047441139817237854
0.04613814130425453
0.044904209673404694
0.043714165687561035
0.04255025461316109
0.041405174881219864
0.04027663171291351
0.0391656793653965
0.03807467222213745
0.037018418312072754
0.036077797412872314
