0.008356725797057152
0.009523045271635056
0.011169479228556156
0.01129591092467308
0.011377232149243355
0.011443061754107475
0.01156343799084425
0.011668865568935871
0.011764051392674446
0.011829364113509655
0.01189439371228218
0.01200203225016594
0.012113219127058983
0.012213613837957382
0.012323781847953796
0.012449228204786777
0.012581775896251202
0.012725653126835823
0.012915894389152527
0.013146945275366306
0.013405350968241692
0.013687721453607082
0.01399209164083004
0.014316588640213013
0.014655066654086113
0.014974557794630527
0.015296880155801773
0.015642667189240456
0.016017714515328407
0.016422992572188377
0.01686040312051773
0.017321566119790077
0.017796393483877182
0.018284589052200317
0.0010456335730850697
0.001032155123539269
0.0010242232820019126
0.0010107754496857524
0.0010012323036789894
0.0009949755622074008
0.0009907283820211887
0.01817590557038784
0.018465645611286163
0.01858849823474884
0.018897099420428276
0.01931162178516388
0.01982339285314083
0.02040364034473896
0.021035386249423027
0.021368805319070816
0.02167624793946743
0.0221593976020813
0.022663936018943787
0.02318584732711315
0.023720208555459976
0.024255843833088875
0.02478555217385292
0.025308769196271896
0.0257990974932909
0.02626490220427513
0.0267008189111948
0.02711089327931404
0.02749754674732685
0.02786109410226345
0.02819937840104103
0.02850968949496746
0.028792740777134895
0.029051119461655617
0.029287278652191162
0.02952302061021328
0.02975415252149105
0.02995818667113781
0.030148029327392578
0.030328204855322838
0.030503971502184868
0.03067449852824211
0.030842378735542297
0.031005343422293663
0.031164096668362617
0.03131905570626259
0.031450849026441574
0.030579905956983566
0.02977437898516655
0.02900765649974346
0.02827013097703457
0.027558661997318268
0.02687142789363861
0.026208439841866493
0.025569196790456772
0.024953432381153107
0.024359645321965218
0.0237861480563879
0.02323189564049244
0.02269478142261505
0.02217414230108261
0.021669035777449608
0.02117922715842724
