0.021146995946764946
0.02467944659292698
0.02732648141682148
0.028189273551106453
0.030343707650899887
0.03188517317175865
0.03290577605366707
0.033459704369306564
0.0337081179022789
0.03368004038929939
0.03353551775217056
0.033379584550857544
0.033247821033000946
0.03315512463450432
0.03309372812509537
0.03307175263762474
0.033099859952926636
0.0331730954349041
0.03327522054314613
0.03339817747473717
0.03356299176812172
0.03382940590381622
0.034206822514534
0.03468579798936844
0.03526183217763901
0.0359392985701561
0.036714907735586166
0.03757578507065773
0.03851199150085449
0.039414066821336746
0.038800545036792755
0.03831666707992554
0.03792183846235275
0.002651605289429426
0.002472921274602413
0.002402967307716608
0.002192425075918436
0.0019057877361774445
0.0017946857260540128
0.0017421660013496876
0.034437146037817
0.03555379435420036
0.03672883287072182
0.04032889008522034
0.04010675847530365
0.03810936585068703
0.03673050180077553
0.0357510931789875
0.0349896103143692
0.03430402651429176
0.0336889810860157
0.03310427814722061
0.03252845257520676
0.03195010870695114
0.031372860074043274
0.030779138207435608
0.030180752277374268
0.02958688884973526
0.028989434242248535
0.028380654752254486
0.02776646427810192
0.02715137228369713
0.02653944119811058
0.025939540937542915
0.02535346709191799
0.024786753579974174
0.024235164746642113
0.02369488589465618
0.023165427148342133
0.022646982222795486
0.022138085216283798
0.021639861166477203
0.02115301974117756
0.020679296925663948
0.020217563956975937
0.0197673998773098
0.019326020032167435
0.01889609359204769
0.01846884936094284
0.01803920790553093
0.017608579248189926
0.017180772498250008
0.016764100641012192
0.01636924408376217
0.015997618436813354
0.01564347930252552
0.015304398722946644
0.014977619051933289
0.014660287648439407
0.014351830817759037
0.014040622860193253
0.013723726384341717
0.013403834775090218
0.013083336874842644
0.012764736078679562
