15.363472938537598
14.630651473999023
13.143823623657227
11.881101608276367
10.442381858825684
9.25266170501709
7.716354846954346
6.8152570724487305
6.299665451049805
6.010108947753906
5.8589768409729
5.791532039642334
5.7891058921813965
5.829452037811279
5.885511875152588
5.932437896728516
5.979262351989746
6.02701997756958
6.078949451446533
6.13784646987915
6.2042670249938965
6.277249336242676
6.357412338256836
6.444691181182861
6.535891532897949
6.631685256958008
6.7325239181518555
6.838341236114502
6.941186904907227
7.029206275939941
7.113409042358398
7.202622413635254
7.301235675811768
7.412446975708008
1.4138672351837158
1.2412474155426025
1.172789454460144
1.1484509706497192
1.192212462425232
1.2672886848449707
1.3474838733673096
10.846243858337402
10.500226020812988
10.093636512756348
9.998934745788574
10.121272087097168
10.425281524658203
10.859110832214355
11.094435691833496
11.35634994506836
11.926346778869629
12.505821228027344
13.072283744812012
13.61212158203125
14.115181922912598
14.633476257324219
15.102023124694824
15.52489948272705
15.909724235534668
16.26192855834961
16.587343215942383
16.887638092041016
17.156965255737305
17.39557647705078
17.604923248291016
17.78573226928711
17.939376831054688
18.016637802124023
18.079450607299805
18.184078216552734
18.279844284057617
18.364957809448242
18.435577392578125
18.494741439819336
18.544736862182617
18.58803939819336
18.627578735351562
18.66537094116211
18.7025146484375
18.74212074279785
18.78582191467285
18.835451126098633
18.88905906677246
18.945953369140625
19.004941940307617
19.064706802368164
19.122928619384766
19.1805477142334
19.244020462036133
19.309118270874023
19.374393463134766
19.43900489807129
19.50312042236328
19.593074798583984
19.672204971313477
19.742050170898438
19.804534912109375
