0.008389991708099842
0.008589052595198154
0.008025171235203743
0.007711880840361118
0.007548554800450802
0.0074494462460279465
0.00737040163949132
0.007299561053514481
0.0072327773086726665
0.00716839823871851
0.007108310703188181
0.007053292356431484
0.007000514306128025
0.00694973673671484
0.006904054433107376
0.0068595269694924355
0.0068159862421453
0.0067759291268885136
0.006739913020282984
0.0067053851671516895
0.006670544855296612
0.006634381599724293
0.006596599705517292
0.00655653839930892
0.00651189312338829
0.006465584505349398
0.006418527103960514
0.006370476447045803
0.006320299115031958
0.0062674651853740215
0.006211552303284407
0.006152506452053785
0.0008746286039240658
0.0008289352408610284
0.0008443196420557797
0.0008737627067603171
0.0009024382452480495
0.0009229020797647536
0.006219849456101656
0.0061459592543542385
0.0060377116315066814
0.005941343959420919
0.005868279375135899
0.005792370066046715
0.005714142229408026
0.005632834043353796
0.0055445414036512375
0.005452914163470268
0.005358016584068537
0.005258945748209953
0.005156778264790773
0.005052709020674229
0.004945493768900633
0.004836452659219503
0.004726117476820946
0.004614500794559717
0.004503045696765184
0.004393000155687332
0.0042844126001000404
0.004176692105829716
0.004069571848958731
0.003963117953389883
0.003857563016936183
0.0037531452253460884
0.0036498208064585924
0.003548004664480686
0.003447943367063999
0.0033497759141027927
0.0032538222149014473
0.0031609756406396627
0.0030717547051608562
0.002986143808811903
0.0029038763605058193
0.0028247847221791744
0.0027489536441862583
0.0026767549570649862
0.0026075236964970827
0.0025408603250980377
0.002476487308740616
0.002414069836959243
0.0023536882363259792
0.0022953322622925043
0.002238929271697998
0.0021843884605914354
0.0021316136699169874
0.002080458216369152
0.0020309423562139273
0.001983162248507142
0.0019370528170838952
0.0018925315234810114
0.0018494758987799287
0.0018077988643199205
0.0017674457048997283
