0.15868261456489563
0.16076350212097168
0.1787136197090149
0.20106734335422516
0.21941253542900085
0.22444383800029755
0.22768859565258026
0.22979314625263214
0.23170854151248932
0.23337426781654358
0.23483866453170776
0.2360120564699173
0.23706798255443573
0.23787538707256317
0.2385651171207428
0.23938754200935364
0.24005401134490967
0.24054396152496338
0.24089188873767853
0.24118871986865997
0.24226398766040802
0.2434518188238144
0.24461641907691956
0.245703786611557
0.24704989790916443
0.24849548935890198
0.25010448694229126
0.2525196373462677
0.25836625695228577
0.26527532935142517
0.2728460431098938
0.2809056341648102
0.02488119713962078
0.02468995749950409
0.02463831938803196
0.02347581461071968
0.02258327789604664
0.022167734801769257
0.23674896359443665
0.2663305103778839
0.2877129912376404
0.30631062388420105
0.3228602409362793
0.33795323967933655
0.35205963253974915
0.3654368221759796
0.3782392144203186
0.391023725271225
0.4048684239387512
0.4324938654899597
0.4873533546924591
0.5762614607810974
0.7157739996910095
0.933005690574646
1.2182811498641968
7.1201934814453125
28.43113136291504
39.822235107421875
50.46752166748047
61.405059814453125
71.99918365478516
82.16657257080078
91.8592529296875
101.69767761230469
110.95708465576172
119.65060424804688
128.30813598632812
136.62359619140625
139.55169677734375
141.08157348632812
142.4922332763672
145.02915954589844
147.0753936767578
148.77870178222656
149.9872283935547
150.86727905273438
151.57672119140625
152.14614868164062
152.6338348388672
153.0860595703125
153.46969604492188
153.85739135742188
154.33258056640625
154.59205627441406
154.06259155273438
153.4842987060547
153.0021514892578
152.6451416015625
152.4774932861328
152.4451904296875
152.47340393066406
152.52627563476562
152.63987731933594
