0.03704368695616722
0.039546746760606766
0.04514838382601738
0.048702552914619446
0.05059654638171196
0.05117934197187424
0.051409218460321426
0.0516519732773304
0.051823247224092484
0.05193405598402023
0.05203977972269058
0.05226663872599602
0.05253253132104874
0.05275746434926987
0.05298749729990959
0.05322485417127609
0.05349086597561836
0.05374600738286972
0.05404849722981453
0.05449295789003372
0.055095307528972626
0.0558423213660717
0.0566728375852108
0.057575251907110214
0.058540090918540955
0.059564340859651566
0.060637690126895905
0.06175285950303078
0.06290404498577118
0.06410382688045502
0.06532696634531021
0.06657710671424866
0.004126728978008032
0.003912361338734627
0.0038532307371497154
0.003824356012046337
0.003806853434070945
0.0037895552814006805
0.003770349780097604
0.06300618499517441
0.06397981196641922
0.06427064538002014
0.0654134750366211
0.06693695485591888
0.06871544569730759
0.0706634521484375
0.07269687205553055
0.07481953501701355
0.07706591486930847
0.07932846248149872
0.08163248747587204
0.08376197516918182
0.08572056889533997
0.08744214475154877
0.0888984277844429
0.09030234813690186
0.09159191697835922
0.09273292124271393
0.09380227327346802
0.094796322286129
0.09582991898059845
0.0969635546207428
0.09791836142539978
0.0986933559179306
0.09936924278736115
0.10002551972866058
0.10086741298437119
0.1018085852265358
0.10287731885910034
0.1041121631860733
0.10558050125837326
0.10736461728811264
0.10915667563676834
0.11101336032152176
0.11275074630975723
0.1138259544968605
0.11478584259748459
0.11572782695293427
0.11678040772676468
0.11347846686840057
0.1107778325676918
0.1087593287229538
0.10716886073350906
0.10601742565631866
0.10500697791576385
0.10392647236585617
0.10368535667657852
0.10341335833072662
0.10295668989419937
0.10282718390226364
0.10296151787042618
0.10548915714025497
0.5951963067054749
1.0293869972229004
