0.03711388632655144
0.03986256197094917
0.04464368894696236
0.049237288534641266
0.05093037709593773
0.05130738765001297
0.05147572234272957
0.051643550395965576
0.0518798790872097
0.052092406898736954
0.052381452172994614
0.05260011553764343
0.052810877561569214
0.05305939167737961
0.05333130806684494
0.05359824374318123
0.05382968857884407
0.05405072122812271
0.05427573621273041
0.0545688234269619
0.054987870156764984
0.05551586672663689
0.05613628774881363
0.05682988837361336
0.05759849771857262
0.058444783091545105
0.059353820979595184
0.06031639501452446
0.061345722526311874
0.062465038150548935
0.06365808099508286
0.0649036094546318
0.0037981292698532343
0.0036209626123309135
0.0035997636150568724
0.00359326577745378
0.0035888301208615303
0.0035851188004016876
0.06207481026649475
0.06311172246932983
0.06363995373249054
0.06479107588529587
0.0661952793598175
0.06781835854053497
0.06959953159093857
0.0715143084526062
0.0735396072268486
0.07567555457353592
0.07789988070726395
0.08016224950551987
0.0821550115942955
0.08409086614847183
0.08592734485864639
0.08772014826536179
0.08937627822160721
0.09071575105190277
0.09192126244306564
0.0930401012301445
0.09409843385219574
0.09512296319007874
0.09607797861099243
0.09699040651321411
0.09791433066129684
0.09895755350589752
0.09955272078514099
0.10014224797487259
0.10116974264383316
0.1021101176738739
0.10313665121793747
0.1042008176445961
0.10524856299161911
0.10622409731149673
0.10740655660629272
0.10880042612552643
0.11044935882091522
0.11250147223472595
0.1148785799741745
0.11705814301967621
0.11806347221136093
0.11427336931228638
0.11092927306890488
0.10781460255384445
0.10481778532266617
0.10188458859920502
0.09902267903089523
0.09623520076274872
0.09353102743625641
0.09091091901063919
0.08841603994369507
0.0860200747847557
0.08366172015666962
0.0813312828540802
0.07904394716024399
0.07680680602788925
