0.047060124576091766
0.0539407804608345
0.05591220036149025
0.05703909695148468
0.0580252930521965
0.05859848111867905
0.05884114280343056
0.05896671488881111
0.059061918407678604
0.05916753038764
0.05934044346213341
0.059582680463790894
0.05980495363473892
0.06005416810512543
0.06032336503267288
0.06058024242520332
0.06082703545689583
0.06107477843761444
0.06133393198251724
0.06165533885359764
0.06208035722374916
0.06263574957847595
0.06327736377716064
0.06403452157974243
0.06489452719688416
0.06584008038043976
0.06685910373926163
0.06795603781938553
0.06915566325187683
0.07043720781803131
0.07177697867155075
0.0731758326292038
0.003645451972261071
0.00379532715305686
0.003703455673530698
0.0036505768075585365
0.003630273975431919
0.003618317423388362
0.0638478621840477
0.06834105402231216
0.07151313871145248
0.07520394772291183
0.07770069688558578
0.07974504679441452
0.08170809596776962
0.08371621370315552
0.085837222635746
0.08811018615961075
0.0904323160648346
0.09293095767498016
0.0947224572300911
0.09652521461248398
0.0984160527586937
0.10038776695728302
0.1024390235543251
0.10529453307390213
0.10801831632852554
0.11065632849931717
0.11328481137752533
0.11140094697475433
0.10769309848546982
0.10430533438920975
0.10108231008052826
0.09794459491968155
0.09639672189950943
0.09483988583087921
0.09175296127796173
0.08869722485542297
0.08572494983673096
0.0828479677438736
0.08004460483789444
0.07734006643295288
0.07482495903968811
0.07240740954875946
0.07004297524690628
0.06756789237260818
0.06504617631435394
0.06266097724437714
0.06037009507417679
0.05841517075896263
0.05657918378710747
0.054853688925504684
0.053240854293107986
0.0517255961894989
0.05026918277144432
0.04873194172978401
0.04729137197136879
0.04592793807387352
0.04460459202528
0.04331148788332939
0.041958268731832504
0.04054352641105652
0.03919418901205063
0.03790950030088425
