10.174736022949219
12.719204902648926
10.939163208007812
9.441904067993164
7.770206928253174
7.126822471618652
6.938699722290039
6.8730058670043945
6.8087544441223145
6.757916450500488
6.701478958129883
6.597887992858887
6.503312587738037
6.4318413734436035
6.389774799346924
6.35774040222168
6.32043981552124
6.306242942810059
6.31377649307251
6.3410420417785645
6.385520935058594
6.446414470672607
6.523507595062256
6.620312690734863
6.741016864776611
6.890995502471924
7.07665491104126
7.30564022064209
7.573690891265869
7.888065814971924
8.250292778015137
8.662994384765625
9.12432861328125
0.9305000305175781
0.807712733745575
0.8881718516349792
0.9715913534164429
1.0517481565475464
1.1196726560592651
15.711539268493652
14.672104835510254
14.045337677001953
14.201316833496094
14.66805362701416
15.27426528930664
15.972565650939941
16.469438552856445
16.725191116333008
17.500150680541992
18.309186935424805
19.125892639160156
19.92683982849121
20.694259643554688
21.473899841308594
22.224817276000977
22.8692684173584
23.42116355895996
23.889909744262695
24.28440284729004
24.60918426513672
24.870532989501953
25.074100494384766
25.227746963500977
25.340105056762695
25.41163444519043
25.446287155151367
25.44888687133789
25.424360275268555
25.376800537109375
25.311708450317383
25.236295700073242
25.15398597717285
25.068727493286133
24.983613967895508
24.8995418548584
24.816471099853516
24.735515594482422
24.657033920288086
24.580482482910156
24.509403228759766
24.440732955932617
24.372970581054688
24.306692123413086
24.242521286010742
24.180707931518555
24.121139526367188
24.064664840698242
24.011472702026367
23.96121597290039
23.91417694091797
23.869524002075195
23.82707977294922
23.787689208984375
23.752151489257812
