9.599916458129883
13.568790435791016
10.779080390930176
8.805061340332031
7.9085798263549805
7.454106330871582
7.2466206550598145
7.121252536773682
7.022911071777344
6.942540168762207
6.88091516494751
6.835836410522461
6.786722183227539
6.709374904632568
6.649837970733643
6.616230010986328
6.613441467285156
6.613279342651367
6.639267444610596
6.704254627227783
6.8073506355285645
6.945579528808594
7.122025012969971
7.333341598510742
7.579705238342285
7.870790004730225
8.21434211730957
8.615106582641602
9.077676773071289
9.591612815856934
10.164347648620605
10.791955947875977
0.8390668630599976
0.8124030232429504
0.8389658331871033
0.8671495914459229
0.9083660840988159
0.9507579207420349
17.001699447631836
17.258609771728516
16.936918258666992
17.340303421020508
18.302295684814453
19.410961151123047
20.5788631439209
21.81049919128418
23.119722366333008
24.46328353881836
25.962923049926758
27.382389068603516
28.744003295898438
30.050962448120117
31.29722785949707
32.49455642700195
33.65790557861328
34.762550354003906
35.801124572753906
36.775177001953125
37.69588851928711
38.558799743652344
39.344970703125
40.0489616394043
40.681488037109375
41.2601318359375
41.54143524169922
41.858642578125
42.476966857910156
43.073001861572266
43.63922882080078
44.16414260864258
44.639827728271484
45.057003021240234
45.418941497802734
45.74064636230469
46.0349235534668
46.3027229309082
46.5399284362793
46.73813247680664
46.84076690673828
46.88096237182617
46.901641845703125
46.916072845458984
46.93156433105469
46.95613479614258
46.9934196472168
47.04130172729492
47.20089340209961
47.32538986206055
47.432228088378906
47.52962875366211
47.62187957763672
47.7105712890625
47.795684814453125
47.88573455810547
