0.0258189644664526
0.029267029836773872
0.03159131482243538
0.0319318026304245
0.03246143460273743
0.032962702214717865
0.033292852342128754
0.03349079191684723
0.03378075733780861
0.03405563160777092
0.03434550389647484
0.03463498130440712
0.03490717336535454
0.03511057049036026
0.035282667726278305
0.03546327352523804
0.03566369414329529
0.03588547930121422
0.03617212921380997
0.03655344247817993
0.03701024875044823
0.03754180669784546
0.038143984973430634
0.03881146013736725
0.03953852877020836
0.04031972587108612
0.04115046560764313
0.04202849417924881
0.04295359179377556
0.043926678597927094
0.04494991898536682
0.04602447897195816
0.04716257378458977
0.002502479823306203
0.002457453403621912
0.0024198947940021753
0.0023783333599567413
0.0023486255668103695
0.0023296938743442297
0.042414408177137375
0.04519470036029816
0.04632133990526199
0.04757072776556015
0.048521626740694046
0.04982016608119011
0.05093015357851982
0.05213039368391037
0.053461991250514984
0.0549854077398777
0.056133437901735306
0.05737559124827385
0.05867725610733032
0.060014382004737854
0.0613701194524765
0.06272511929273605
0.06402171403169632
0.06523991376161575
0.06466727703809738
0.06260303407907486
0.0607212632894516
0.05895271152257919
0.05725402012467384
0.05560489743947983
0.05400156229734421
0.052444715052843094
0.0509328693151474
0.04946880787611008
0.04804398491978645
0.04665291681885719
0.04529302567243576
0.043962642550468445
0.04266665503382683
0.04140293225646019
0.0401621013879776
0.03893997520208359
0.037729743868112564
0.03653591871261597
0.035359032452106476
0.034201327711343765
0.03306662291288376
0.0320587158203125
0.031163716688752174
0.030330386012792587
0.029538840055465698
0.028786277398467064
0.028067518025636673
0.027376947924494743
0.026712004095315933
0.02607397735118866
0.02546238712966442
0.024873703718185425
0.02430197410285473
0.02374160848557949
0.023191478103399277
0.022651949897408485
