0.11230120062828064
0.12250697612762451
0.13866838812828064
0.1482134312391281
0.14995425939559937
0.15063908696174622
0.15105955302715302
0.15145854651927948
0.1519748866558075
0.15249790251255035
0.15315766632556915
0.15384969115257263
0.15447139739990234
0.154930979013443
0.15542808175086975
0.15591660141944885
0.15640485286712646
0.1569201499223709
0.15741825103759766
0.15792524814605713
0.15846480429172516
0.15898464620113373
0.1594766527414322
0.15999488532543182
0.16067801415920258
0.16157935559749603
0.1626146137714386
0.1637396663427353
0.16492927074432373
0.1662062108516693
0.16762813925743103
0.16923584043979645
0.009296346455812454
0.008021118119359016
0.007825381122529507
0.007767056114971638
0.007750059012323618
0.00774023262783885
0.15216702222824097
0.1633302867412567
0.16962310671806335
0.17428678274154663
0.17812708020210266
0.1815764605998993
0.18495890498161316
0.18840637803077698
0.19197013974189758
0.1956855058670044
0.1995561122894287
0.20353147387504578
0.20867304503917694
0.2149694263935089
0.22142153978347778
0.22870585322380066
0.23629604279994965
0.24416695535182953
0.25243183970451355
0.26110273599624634
0.26629677414894104
0.2618892192840576
0.2574440836906433
0.2530413568019867
0.24854320287704468
0.2437969148159027
0.23894144594669342
0.2340332567691803
0.22909945249557495
0.22420282661914825
0.2193259447813034
0.21444052457809448
0.20948967337608337
0.2043735384941101
0.1992691457271576
0.19411137700080872
0.18890267610549927
0.18388497829437256
0.18099477887153625
0.18029674887657166
0.18064728379249573
0.1814996898174286
0.18257702887058258
0.1837410032749176
0.18493309617042542
0.18610894680023193
0.1873149871826172
0.18856549263000488
0.18974043428897858
0.19065041840076447
0.19146664440631866
0.19221507012844086
0.19287307560443878
0.1934441179037094
