0.021277321502566338
0.023061450570821762
0.026013227179646492
0.028814829885959625
0.030146583914756775
0.03053620271384716
0.030841367319226265
0.03113432601094246
0.03134986758232117
0.031496312469244
0.031596679240465164
0.03168293833732605
0.0317981094121933
0.03193420544266701
0.03208027780056
0.03222880885004997
0.032359689474105835
0.032460011541843414
0.03253765031695366
0.032604798674583435
0.03267078474164009
0.03274431824684143
0.032829850912094116
0.03292505815625191
0.03302815556526184
0.03313610330224037
0.03326283022761345
0.03339692950248718
0.03354869782924652
0.03373681753873825
0.03399199619889259
0.03430549055337906
0.002393745817244053
0.0019689835608005524
0.0017920456593856215
0.0017054335912689567
0.0016507735708728433
0.0016150198644027114
0.028033355250954628
0.031937167048454285
0.03375353664159775
0.034904900938272476
0.03575405478477478
0.036445386707782745
0.03704914450645447
0.03761293366551399
0.03816352039575577
0.038719601929187775
0.03930119052529335
0.03990902379155159
0.04054698348045349
0.04121159017086029
0.04190085455775261
0.04261872172355652
0.043372318148612976
0.044154781848192215
0.04496214911341667
0.04579472169280052
0.04622006416320801
0.04665086418390274
0.04754658788442612
0.04844154417514801
0.04926411062479019
0.05004407837986946
0.05082009732723236
0.05160423368215561
0.05239643156528473
0.053196296095848083
0.05401863157749176
0.05488019064068794
0.05575714260339737
0.056628480553627014
0.057296741753816605
0.056071147322654724
0.05497238412499428
0.05393676087260246
0.05292834714055061
0.05193880945444107
0.05096304789185524
0.05000140890479088
0.04906254634261131
0.048144951462745667
0.04769328609108925
0.047242142260074615
0.046349573880434036
0.04547087475657463
0.04460234194993973
0.043743621557950974
0.042896367609500885
0.042060185223817825
0.0412336029112339
0.040414709597826004
0.039606593549251556
0.03880994766950607
