0.007799974177032709
0.008755108341574669
0.01007801853120327
0.010898587293922901
0.011107618920505047
0.01119154877960682
0.01125975139439106
0.011338104493916035
0.011413470841944218
0.011487030424177647
0.011574206873774529
0.011667388491332531
0.01174992322921753
0.01181422546505928
0.011880544945597649
0.011955891735851765
0.012044021859765053
0.012140010483562946
0.012235989794135094
0.012346683070063591
0.01248275488615036
0.012648836709558964
0.012839569710195065
0.01305223349481821
0.013285979628562927
0.013540302403271198
0.013814322650432587
0.014100434258580208
0.014369595795869827
0.014626631513237953
0.014901632443070412
0.015190417878329754
0.0008285603253170848
0.0007917056209407747
0.0007903189980424941
0.0007958430214785039
0.0008025092538446188
0.0008089372422546148
0.014818315394222736
0.015365276485681534
0.015628114342689514
0.015837661921977997
0.016073128208518028
0.01635499857366085
0.016680564731359482
0.01704568974673748
0.01744195818901062
0.01786460541188717
0.018314024433493614
0.01879294030368328
0.019293218851089478
0.019806060940027237
0.020338989794254303
0.02086293138563633
0.02129746787250042
0.021737288683652878
0.02218097634613514
0.02262219227850437
0.023064851760864258
0.023511052131652832
0.023960569873452187
0.024414030835032463
0.024863330647349358
0.024620695039629936
0.024112002924084663
0.02361481264233589
0.023123305290937424
0.022638555616140366
0.022160794585943222
0.021689262241125107
0.02122291922569275
0.020762057974934578
0.020306117832660675
0.0198544692248106
0.019407968968153
0.01896626502275467
0.018529709428548813
0.018100138753652573
0.017679845914244652
0.017268605530261993
0.016865668818354607
0.016470814123749733
0.016083937138319016
0.015705257654190063
0.015333646908402443
0.014967895112931728
0.014607987366616726
0.014253697358071804
0.013909472152590752
0.013577627949416637
0.01325519010424614
0.012939914129674435
