1500.0
1500.0
1499.999755859375
1500.0
1500.0
1500.0001220703125
1500.0
1500.0
1500.0
1500.0
1500.0
1500.0
1500.0
1500.0
1500.0
1500.0
1500.0
1500.0
1500.0
1500.0
1500.0
1500.0
1500.0
1500.0
1500.0
1500.0
1500.0
1500.0
1500.0
1500.0
1500.0
1500.0
99.99999237060547
100.0
100.0
100.0
100.0
100.0
1499.9998779296875
1500.0
1500.0
1500.0
1500.0
1500.0
1500.0
1500.0
1500.0
1500.0
1500.0
1500.0
1500.0
1500.0
1500.0
1500.0
1500.0
1500.0
1500.0
1500.0
1500.0
1500.0
1500.0
1454.9263916015625
1396.079345703125
1341.8153076171875
1287.5023193359375
1232.1220703125
1175.9749755859375
1119.0194091796875
1061.948974609375
1005.1625366210938
958.9737548828125
914.7131958007812
871.4120483398438
829.7623291015625
787.6536865234375
745.561767578125
705.9775390625
673.9158325195312
644.9169921875
616.14306640625
586.4834594726562
557.7896728515625
535.0507202148438
513.9991455078125
493.46844482421875
472.8761291503906
452.04351806640625
431.8730163574219
412.406005859375
393.21240234375
375.081787109375
357.1272888183594
