1499.9986572265625
1500.0
1500.0
1500.0
1500.0
1500.0
1500.0
1500.0
1500.0
1500.0
1500.0
1500.0
1500.0
1500.0
1500.0
1500.0
1500.0
1500.0
1500.0
1500.0
1500.0
1500.0
1500.0
1500.0
1500.0
1500.0
1500.0
1500.0
1500.0
1500.0
1500.0
1500.0
99.99991607666016
100.0
100.0
100.0
100.0
100.0
1500.0
1499.9998779296875
1500.0
1500.0
1500.0
1500.0
1500.0
1500.0
1500.0
1500.0
1500.0
1500.0
1500.0
1500.0
1500.0
1500.0
1500.0
1500.0
1500.0
1500.0
1500.0
1500.0
1500.0
1500.0
1500.0
1500.0
1500.0
1500.0
1500.0
1484.47265625
1431.528564453125
1382.9945068359375
1359.6419677734375
1336.9874267578125
1293.5086669921875
1251.1385498046875
1209.401123046875
1169.2965087890625
1130.6170654296875
1092.6376953125
1054.64794921875
1017.11083984375
980.0689086914062
943.9132690429688
909.7706298828125
877.39306640625
845.6268310546875
818.2305908203125
793.8668212890625
771.3450317382812
750.1278686523438
730.03466796875
711.4166870117188
694.9589233398438
680.0291748046875
