1500.0
1499.9998779296875
1500.0054931640625
1500.0
1500.0
1500.0
1500.0
1500.0
1500.0
1500.0
1500.0
1500.0
1500.0
1500.0
1500.0
1500.0
1500.0
1500.0
1500.0
1500.0
1500.0
1500.0
1500.0
1500.0
1500.0
1500.0
1500.0
1500.0
1500.0
1500.0
1500.0
1500.0
100.0
100.0
100.0
100.0
100.0
100.0
1499.9931640625
1499.995361328125
1468.0426025390625
1293.8551025390625
1153.2789306640625
1056.3446044921875
979.4579467773438
930.1076049804688
892.4231567382812
856.4215087890625
824.022216796875
794.9100952148438
771.3125610351562
747.4649658203125
723.583251953125
700.9054565429688
679.487060546875
657.96240234375
636.4353637695312
614.9636840820312
593.6773071289062
572.7786865234375
552.4134521484375
533.357421875
515.5390625
498.470703125
482.0262145996094
466.141357421875
450.6280822753906
435.2668151855469
420.08880615234375
405.3660888671875
391.6053161621094
378.58642578125
366.15478515625
354.23114013671875
342.80145263671875
331.78692626953125
321.11614990234375
310.8084411621094
300.9332580566406
291.3526306152344
285.5938720703125
282.0453796386719
273.1868591308594
264.7962646484375
256.8374328613281
249.3290252685547
242.2334442138672
235.5318603515625
229.21054077148438
223.19334411621094
217.5118865966797
212.14146423339844
207.1192169189453
