1500.0
1500.0
1500.0
1500.0
1500.0
1500.0
1500.0
1500.0
1500.0
1500.0
1499.9996337890625
1499.9998779296875
1500.0
1499.9849853515625
1500.0
1500.0
1499.9998779296875
1499.9996337890625
1499.99951171875
1499.999755859375
1499.999267578125
1499.9993896484375
1499.9998779296875
1499.9991455078125
1499.999267578125
1499.9990234375
1499.9993896484375
1499.997314453125
1499.9986572265625
1499.9993896484375
1500.0
1500.0
99.85102081298828
100.0
100.0
100.0
100.0
100.0
1499.999755859375
1500.0
1499.999267578125
1500.0
1500.0
1500.0
1500.0
1500.0
1500.0
1500.0
1500.0
1500.0
1500.0
1500.0
1500.0
1485.275634765625
1444.8590087890625
1407.08056640625
1371.1119384765625
1336.2930908203125
1301.425048828125
1266.6414794921875
1232.0213623046875
1197.68212890625
1163.150390625
1128.673095703125
1094.7769775390625
1062.1956787109375
1030.570068359375
999.8687133789062
969.9088134765625
940.8701782226562
912.9127197265625
885.671630859375
859.208984375
833.4021606445312
808.4268798828125
784.398681640625
761.3364868164062
739.23291015625
718.0835571289062
697.9209594726562
678.78369140625
660.4929809570312
642.9061279296875
626.1813354492188
610.128173828125
594.6190795898438
579.7035522460938
565.31298828125
551.3840942382812
537.9343872070312
525.027099609375
512.6041259765625
