1500.0
1500.0
1500.0
1500.0
1500.0
1500.0
1499.9998779296875
1500.0
1500.0
1500.0
1500.0
1500.0
1499.9998779296875
1500.0
1500.0
1500.0
1500.0
1500.0
1500.0
1500.0
1500.0
1500.0
1500.0
1500.0
1500.0
1500.0
1500.0
1500.0
1500.0
1500.0
1500.0
1500.0
100.0
100.0
100.0
100.0
100.0
100.0
1500.0
1500.0
1500.0
1500.0
1500.0
1500.0
1500.0
1500.0
1500.0
1500.0
1500.0
1500.0
1500.0
1500.0
1500.0
1500.0
1500.0
1500.0
1448.138671875
1362.460205078125
1271.076416015625
1192.8289794921875
1126.3768310546875
1058.8248291015625
987.4425659179688
912.5571899414062
834.5039672851562
755.2544555664062
676.0106201171875
593.5313110351562
511.9998779296875
484.34027099609375
455.2982482910156
430.1573791503906
408.1562194824219
388.26251220703125
369.8124694824219
351.95928955078125
334.46551513671875
316.80804443359375
303.09222412109375
290.51904296875
278.0899353027344
265.7088623046875
253.46856689453125
241.56637573242188
230.737060546875
220.82904052734375
211.73849487304688
203.3802490234375
195.6560516357422
188.31590270996094
181.26861572265625
174.73397827148438
