1352.1834716796875
1016.9990234375
787.6768188476562
654.8511352539062
597.4671020507812
569.5693359375
548.2182006835938
528.765625
510.6465759277344
495.0474548339844
488.74755859375
483.371826171875
477.5092468261719
471.250732421875
463.9696960449219
455.6946716308594
448.2337341308594
441.3274841308594
434.3172302246094
426.9503173828125
419.4021301269531
411.58294677734375
403.2478332519531
394.41748046875
385.1849670410156
375.67645263671875
365.8456726074219
355.7044677734375
345.69921875
337.0148620605469
328.0090637207031
319.38153076171875
100.0
100.0
99.99996185302734
100.0
100.0
100.0
434.8400573730469
315.72247314453125
281.984130859375
265.8875732421875
258.2489013671875
253.51731872558594
249.95106506347656
246.60365295410156
243.37815856933594
240.1981658935547
236.75735473632812
232.9840850830078
229.09805297851562
225.53306579589844
221.80470275878906
217.95701599121094
214.1768341064453
210.27536010742188
206.18255615234375
201.82044982910156
197.44403076171875
193.0801544189453
188.47653198242188
183.8164825439453
179.0648193359375
174.24012756347656
169.39700317382812
164.6053924560547
159.8909454345703
155.27005004882812
150.7450408935547
146.34121704101562
142.1124267578125
138.0308380126953
134.07423400878906
130.24940490722656
126.56914520263672
123.00238037109375
119.55460357666016
116.33898162841797
113.23196411132812
110.22602081298828
107.33094787597656
104.55514526367188
101.89158630371094
99.3355484008789
96.89803314208984
94.56829071044922
92.32967376708984
90.17920684814453
88.12059020996094
86.16412353515625
84.29839324951172
82.51280975341797
