1340.86376953125
993.8532104492188
790.7349853515625
685.5479125976562
640.6729125976562
617.6182861328125
598.5172119140625
580.3508911132812
562.3624267578125
546.448974609375
531.7247924804688
516.8551025390625
501.8357238769531
486.954833984375
471.5320739746094
455.5959167480469
439.3005065917969
423.19158935546875
406.75299072265625
390.07086181640625
373.3163757324219
356.7725830078125
343.9994201660156
331.57733154296875
319.41357421875
308.3219299316406
298.0510559082031
288.08685302734375
278.49859619140625
272.44091796875
267.698486328125
263.4381408691406
100.0
100.0
100.0
100.0
100.0
100.0
330.2540283203125
260.33758544921875
242.32888793945312
238.37374877929688
236.69351196289062
234.98130798339844
232.65093994140625
229.84933471679688
226.78285217285156
223.65057373046875
220.39447021484375
216.9878692626953
213.36912536621094
209.71871948242188
206.06048583984375
202.44744873046875
198.79481506347656
195.1084442138672
191.31707763671875
187.4326629638672
183.63931274414062
179.9022216796875
176.18482971191406
172.4500732421875
168.6411590576172
164.62998962402344
160.45626831054688
156.2260284423828
151.98341369628906
147.79367065429688
143.71221923828125
139.93389892578125
136.3382568359375
132.8359375
129.39195251464844
126.00055694580078
122.6543197631836
119.35708618164062
116.11730194091797
112.95545196533203
109.89490509033203
106.93470001220703
104.09710693359375
101.38609313964844
98.80108642578125
96.33385467529297
93.98245239257812
91.74212646484375
89.60910034179688
87.57582092285156
85.66422271728516
83.84345245361328
82.095947265625
80.42273712158203
