1500.0
1500.0
1500.0
1500.0
1500.01953125
1500.0
1500.0
1500.0
1500.0
1500.0
1499.9998779296875
1500.0
1500.0
1500.0
1500.0
1500.0
1499.9998779296875
1499.9996337890625
1499.9998779296875
1499.999755859375
1499.9996337890625
1499.999267578125
1499.999755859375
1499.9986572265625
1499.9993896484375
1499.9993896484375
1499.9993896484375
1499.9981689453125
1499.9974365234375
1499.9998779296875
1499.998779296875
1499.99951171875
99.99996948242188
99.99993896484375
100.0
100.0
100.0
100.0
1500.0
1499.973388671875
1499.999755859375
1500.0
1500.0
1500.0
1500.0
1500.0
1500.0
1500.0
1499.999755859375
1500.0
1500.0
1499.9998779296875
1500.0
1486.3499755859375
1445.6927490234375
1407.9404296875
1372.0972900390625
1337.3896484375
1302.6114501953125
1267.8997802734375
1233.3548583984375
1199.0836181640625
1164.687255859375
1130.60595703125
1097.1243896484375
1064.7786865234375
1033.3731689453125
1002.777587890625
972.8453979492188
943.7954711914062
915.994384765625
889.0187377929688
862.9027099609375
837.4227905273438
812.7196655273438
788.9412841796875
766.125732421875
744.2691040039062
723.3394775390625
703.3192749023438
684.3179931640625
666.17236328125
648.73974609375
632.0311279296875
616.0171508789062
600.5593872070312
585.6904296875
571.3973388671875
557.6793823242188
544.399169921875
531.5794677734375
519.2207641601562
