1499.9998779296875
1500.0
1500.0
1500.0
1500.0
1500.0
1500.0
1500.0
1500.0
1500.0
1500.0
1500.0
1500.0
1500.0
1500.0
1500.0
1500.0
1500.0
1500.0
1500.0
1500.0
1500.0
1500.0
1500.0
1500.0
1500.0
1500.0
1500.0
1500.0
1500.0
1500.0
1500.0
100.00004577636719
100.0
100.0
100.0
100.0
100.0
1500.0
1500.0
1500.0
1500.0
1500.0
1500.0
1500.0
1500.0
1500.0
1500.0
1500.0
1500.0
1500.0
1500.0
1500.0
1500.0
1500.0
1500.0
1500.0
1500.0
1470.208740234375
1403.3106689453125
1340.3125
1279.83154296875
1221.65087890625
1165.7073974609375
1111.966796875
1060.44384765625
1011.0222778320312
963.7278442382812
918.5538330078125
875.2477416992188
833.97216796875
794.7692260742188
757.556396484375
721.9994506835938
687.7811279296875
655.7455444335938
625.0554809570312
594.9926147460938
567.52099609375
541.4060668945312
516.6183471679688
493.1045227050781
470.70587158203125
449.5513000488281
429.4202575683594
410.3442687988281
392.2466735839844
374.9161376953125
358.77484130859375
343.64703369140625
329.29229736328125
315.6059265136719
