1499.9998779296875
1500.0
1500.0
1500.0
1500.0
1500.0
1500.0
1500.0
1500.0
1500.0
1500.0
1500.0
1500.0
1500.0
1500.0
1500.0
1500.0
1500.0
1500.0
1500.0
1500.0
1500.0
1500.0
1500.0
1500.0
1500.0
1500.0
1500.0
1500.0
1500.0
1500.0
1500.0
78.67477416992188
100.0
100.0
100.0
100.0
100.0
1500.0
1500.0
1500.0
1500.0
1500.0
1500.0
1500.0
1500.0
1500.0
1470.3721923828125
1421.34765625
1373.6761474609375
1326.100830078125
1278.337890625
1230.583251953125
1183.0797119140625
1135.9718017578125
1089.400634765625
1043.536376953125
998.5702514648438
955.0117797851562
913.0463256835938
873.0030517578125
835.1779174804688
799.2853393554688
765.1690673828125
732.5892944335938
701.4033813476562
671.5027465820312
642.8223876953125
615.3370971679688
589.010986328125
563.7354736328125
539.6492919921875
516.722900390625
494.626220703125
473.16064453125
453.0509948730469
433.6919250488281
415.22833251953125
397.56195068359375
380.6405944824219
364.465087890625
348.9670104980469
334.1698303222656
320.06866455078125
306.5469055175781
293.2732238769531
281.192626953125
269.4915466308594
258.3179626464844
247.74664306640625
237.65773010253906
228.021240234375
