1500.0
1500.0
1484.45556640625
1500.0
1500.0
1500.0
1500.0
1500.0
1500.0
1500.0
1500.0
1500.0
1500.0
1500.0
1500.0
1500.0
1500.0
1500.0
1500.0
1500.0
1500.0
1500.0
1500.0
1500.0
1500.0
1500.0
1500.0
1500.0
1434.55322265625
1324.5750732421875
1214.3643798828125
1109.99853515625
1012.5751953125
100.0
99.99828338623047
100.00106811523438
100.0
99.99943542480469
99.98330688476562
100.0
1153.517822265625
1113.4700927734375
1040.1209716796875
923.0555419921875
855.1676635742188
802.1362915039062
752.4530639648438
708.534912109375
674.67041015625
645.7167358398438
619.16845703125
594.9673461914062
573.23486328125
551.4570922851562
530.4281616210938
509.9920959472656
490.64111328125
472.14520263671875
454.62982177734375
437.8686828613281
421.66619873046875
406.13055419921875
391.4427490234375
377.8555603027344
365.0264892578125
353.1434326171875
341.8310241699219
330.9853820800781
320.63726806640625
310.75830078125
301.26617431640625
292.1554260253906
283.5231018066406
275.36370849609375
267.65106201171875
260.31903076171875
253.35836791992188
246.73883056640625
240.48753356933594
234.59877014160156
228.98922729492188
223.68299865722656
218.61599731445312
213.78854370117188
209.17552185058594
204.7399139404297
200.47650146484375
196.33590698242188
192.30538940429688
188.39601135253906
184.64674377441406
181.04148864746094
177.53952026367188
174.16929626464844
170.88462829589844
