1500.0
1500.037841796875
1500.0
1500.0
1500.0
1500.0
1500.0
1500.0
1500.0
1500.0
1500.0
1500.0
1500.0
1500.0
1500.0
1500.0
1500.0
1500.0
1500.0
1500.0
1500.0
1500.0
1500.0
1500.0
1500.0
1500.0
1500.0
1500.0
1500.0
1500.0
1500.0
1500.0
1500.0
99.99999237060547
100.0
99.99996948242188
100.0
99.99988555908203
99.99993896484375
100.0
1499.9998779296875
1500.0
1500.0
1500.0
1500.0
1500.0
1500.0
1500.0
1500.0
1500.0
1500.0
1500.0
1499.9998779296875
1500.0
1500.0
1500.0
1500.0
1500.0
1500.0
1500.0
1500.0
1500.0
1500.0
1500.0
1453.9124755859375
1375.8619384765625
1308.8365478515625
1258.14453125
1209.833984375
1164.537841796875
1112.1439208984375
1053.551025390625
987.58642578125
923.3541870117188
857.066162109375
810.7794799804688
753.7655639648438
667.2813720703125
565.9124145507812
528.1786499023438
502.7776794433594
482.0201110839844
462.5487976074219
441.47882080078125
419.867431640625
398.142822265625
376.1414794921875
359.2254333496094
343.0710754394531
328.98370361328125
316.3233947753906
304.80584716796875
295.39581298828125
287.12677001953125
279.9254455566406
