1500.0
1229.1385498046875
910.0762939453125
813.0172729492188
769.2841186523438
742.728271484375
712.0189819335938
681.5833129882812
657.892822265625
637.0103149414062
618.1760864257812
600.7267456054688
581.86474609375
562.1659545898438
542.8816528320312
523.69287109375
510.7967529296875
501.4623718261719
492.8994445800781
483.94549560546875
475.02783203125
465.686767578125
455.6846008300781
444.865966796875
433.39776611328125
421.6567687988281
409.79083251953125
397.34075927734375
384.55804443359375
371.6705017089844
358.5559997558594
344.868408203125
330.8671569824219
100.0
100.0
99.99999237060547
100.0
100.0
100.0
100.0
484.7814025878906
397.1690979003906
362.21966552734375
316.7244567871094
300.3462219238281
287.302978515625
276.6770935058594
267.3300476074219
258.79376220703125
250.82847595214844
243.24191284179688
235.97488403320312
229.10507202148438
222.5497283935547
216.2163848876953
210.0746307373047
204.104736328125
198.2675323486328
192.53465270996094
186.91680908203125
181.4295654296875
176.1138153076172
170.96583557128906
165.97010803222656
161.11109924316406
156.37632751464844
151.78749084472656
147.5106658935547
143.34649658203125
139.30018615722656
135.38043212890625
131.59097290039062
127.95865631103516
124.46568298339844
121.11721801757812
117.9130630493164
114.83854675292969
111.89024353027344
109.07279205322266
106.37687683105469
103.79669952392578
101.32709503173828
98.9617691040039
96.69568634033203
94.52765655517578
92.4508056640625
90.45905303955078
88.54754638671875
86.71524810791016
84.99473571777344
83.34416961669922
81.74679565429688
80.201904296875
78.7074203491211
77.26297760009766
