1499.9940185546875
1500.0
1500.0
1500.0010986328125
1500.0
1500.0
1500.0
1500.0
1500.0
1500.0
1500.0
1500.0
1500.0
1500.0
1500.0
1500.0
1500.0
1500.0
1500.0
1500.0
1500.0
1500.0
1500.0
1500.0
1500.0
1500.0
1500.0
1500.0
1500.0
1500.0
1500.0
1500.0
100.02533721923828
100.0
100.0
100.0
100.0
100.0
1500.0
1500.0
1500.0
1500.0
1500.0
1500.0
1500.0
1500.0
1500.0
1500.0
1500.0
1500.0
1500.0
1500.0
1500.0
1500.0
1500.0
1500.0
1500.0
1500.0
1500.0
1500.0
1500.0
1500.0
1500.0
1500.0
1500.0
1500.0
1500.0
1500.0
1500.0
1500.0
1500.0
1500.0
1500.0
1500.0
1499.9996337890625
1500.0
1499.999755859375
1499.9998779296875
1499.998779296875
1494.1981201171875
1455.77197265625
1420.31787109375
1385.3143310546875
1349.872314453125
1313.7152099609375
1277.5325927734375
1241.8887939453125
1207.02099609375
1173.725830078125
1142.8466796875
1113.9232177734375
1089.20556640625
1066.706787109375
