1500.023681640625
1500.0426025390625
1500.0
1500.0
1500.0108642578125
1499.997314453125
1500.0
1499.99951171875
723.278564453125
863.1771240234375
874.1015014648438
849.807373046875
825.8023071289062
810.583740234375
798.256591796875
795.300048828125
796.7369995117188
800.4772338867188
804.97265625
809.45556640625
813.447509765625
816.3800048828125
818.2734375
818.8594360351562
818.697509765625
818.0560913085938
817.1414184570312
816.05322265625
814.8318481445312
813.5153198242188
812.1033935546875
810.614013671875
809.0604248046875
807.4446411132812
805.7865600585938
804.09228515625
802.4667358398438
100.0
99.99998474121094
99.99758911132812
99.99948120117188
100.0
99.99999237060547
1500.00048828125
1500.0
1405.6708984375
1234.6043701171875
1073.9874267578125
1050.5096435546875
1008.3660888671875
962.0579833984375
902.6752319335938
866.8988037109375
842.708984375
825.7578125
814.29443359375
806.024658203125
799.392333984375
793.5300903320312
788.078125
782.8355712890625
777.6534423828125
772.5446166992188
767.59814453125
762.943359375
758.5367431640625
754.1849975585938
749.7954711914062
745.4065551757812
741.1350708007812
737.0116577148438
733.0472412109375
729.2518310546875
725.6165161132812
722.086669921875
718.6220703125
715.2034912109375
711.8121948242188
708.446044921875
705.1041870117188
701.7973022460938
698.5137939453125
695.244873046875
691.97412109375
688.6805419921875
685.4144897460938
682.2073364257812
679.0481567382812
675.8248901367188
672.4730224609375
668.9091796875
665.0280151367188
660.7670288085938
656.2473754882812
651.2827758789062
645.95849609375
640.4244384765625
634.5816650390625
628.5022583007812
622.5073852539062
616.8723754882812
