1500.0
1500.0
1500.0
1500.0
1500.0003662109375
1499.9993896484375
1500.0
1500.0
1500.0
1500.0
1500.0
1500.0
1500.0
1500.0
1500.0
1500.0
1500.0
1500.0
1500.0
1500.0
1500.0
1500.0
1500.0
1500.0
1500.0
1500.0
1500.0
1500.0
1500.0
1500.0
1500.0
1500.0
1500.0
1500.0
100.0
99.82223510742188
99.99983978271484
100.0
100.0
100.0
100.0
1500.0
1500.0
1500.0020751953125
1500.0
1500.0
1500.0
1500.0
1500.0
1500.0
1500.0
1500.0
1500.0
1500.0
1500.0
1500.0
1500.0
1500.0
1500.0
1500.0
1500.0
1500.0
1500.0
1461.0784912109375
1402.3834228515625
1350.0234375
1302.714111328125
1259.8431396484375
1220.1435546875
1182.67431640625
1147.2755126953125
1113.3011474609375
1079.469970703125
1049.5047607421875
1023.2173461914062
997.4696044921875
972.6024169921875
948.9795532226562
926.1697998046875
903.4686279296875
880.5555419921875
857.3550415039062
834.5481567382812
813.8732299804688
794.7637939453125
778.7137451171875
764.3377685546875
750.396240234375
735.0469970703125
718.011474609375
700.7529907226562
683.2493286132812
665.4642944335938
647.3736572265625
628.8566284179688
611.22021484375
