66.40744018554688
64.01616668701172
59.197086334228516
55.41472625732422
53.3099365234375
51.21200942993164
49.57630157470703
47.90867614746094
46.56094741821289
45.871070861816406
44.42940139770508
42.734554290771484
41.2367057800293
39.85472869873047
38.6658821105957
37.675270080566406
36.86762237548828
36.2183723449707
35.695560455322266
35.271080017089844
34.937801361083984
34.62899398803711
34.34144973754883
34.06804275512695
33.79133605957031
33.49527359008789
33.177085876464844
32.840965270996094
32.495601654052734
32.155208587646484
31.826406478881836
31.51021385192871
31.2032470703125
30.902429580688477
30.605934143066406
30.318510055541992
30.034526824951172
29.753021240234375
29.47711944580078
29.21391487121582
28.972612380981445
28.761032104492188
28.585491180419922
28.439342498779297
28.416728973388672
28.376808166503906
28.310266494750977
28.196786880493164
28.177696228027344
28.138957977294922
28.087200164794922
27.969547271728516
27.838050842285156
27.68753433227539
27.51588249206543
27.322494506835938
27.108610153198242
26.8762264251709
26.627979278564453
26.366840362548828
26.095827102661133
25.817790985107422
25.537050247192383
25.255373001098633
24.97376251220703
24.693016052246094
24.413698196411133
24.136205673217773
23.860816955566406
23.587703704833984
23.31696891784668
23.048545837402344
22.78240203857422
22.520793914794922
22.31488037109375
22.121273040771484
21.925264358520508
21.723703384399414
21.520536422729492
21.31622886657715
21.111234664916992
20.90590476989746
20.70036506652832
20.493005752563477
20.28478240966797
20.07639503479004
19.86830711364746
19.660860061645508
19.454280853271484
19.248733520507812
19.04446029663086
18.84246253967285
18.642601013183594
18.444454193115234
18.247676849365234
18.052021026611328
17.857576370239258
17.664737701416016
17.472660064697266
17.273900985717773
17.07558250427246
