1499.9403076171875
1499.9473876953125
1500.0
1468.5098876953125
1428.141357421875
1396.9656982421875
1361.2672119140625
1338.735595703125
1322.4564208984375
1307.7421875
1293.3321533203125
1278.62158203125
1262.196044921875
1245.8795166015625
1231.0933837890625
1217.65185546875
1205.0556640625
1193.09033203125
1181.6610107421875
1170.6676025390625
1159.8837890625
1149.0369873046875
1138.26708984375
1127.552001953125
1116.9376220703125
1106.4290771484375
1096.07177734375
1085.5699462890625
1074.6256103515625
1063.0509033203125
1057.251220703125
1051.15771484375
1038.2965087890625
1025.188232421875
100.0
99.99984741210938
100.0
99.99998474121094
100.0
100.0
1252.0697021484375
1222.30322265625
1180.6346435546875
1097.2857666015625
1033.9405517578125
987.4290161132812
952.4324340820312
924.8988037109375
902.3057861328125
882.9899291992188
865.8582153320312
850.1934204101562
835.640869140625
822.057861328125
809.2814331054688
797.095947265625
785.4578857421875
774.2421264648438
763.198486328125
752.064208984375
740.7344970703125
729.2008666992188
717.6277465820312
706.2925415039062
695.415771484375
684.5054321289062
672.695068359375
659.2339477539062
644.8965454101562
630.55078125
616.9356689453125
604.3959350585938
593.0263671875
582.53857421875
572.5210571289062
562.6058959960938
552.5155639648438
541.69287109375
529.9691162109375
519.191162109375
508.9669189453125
498.9229736328125
488.7799072265625
478.1376037597656
467.58441162109375
457.5098571777344
447.95770263671875
439.0259094238281
430.711669921875
422.44793701171875
413.70001220703125
404.1661376953125
394.3466491699219
384.6024169921875
374.4853515625
