1499.6766357421875
1499.6968994140625
1158.3497314453125
930.3692016601562
864.7672119140625
825.454345703125
798.2393798828125
791.7723388671875
792.06884765625
793.0750732421875
792.5099487304688
790.1349487304688
786.1425170898438
780.9149780273438
775.1376953125
768.957275390625
762.5435791015625
755.9017944335938
749.0804443359375
742.0872802734375
735.1004638671875
727.7847290039062
720.1009521484375
712.286376953125
704.5780639648438
697.043212890625
689.6239624023438
682.175537109375
674.4737548828125
666.3685913085938
662.3848266601562
658.1005249023438
648.7020874023438
638.995361328125
99.99999237060547
99.99885559082031
99.9958267211914
99.99993133544922
99.99999237060547
100.0
912.4674072265625
853.0499877929688
785.4506225585938
693.1861572265625
637.31689453125
602.7522583007812
580.4217529296875
564.6812744140625
552.3131713867188
541.5595092773438
531.4798583984375
521.6900634765625
512.4844360351562
503.6700744628906
495.07476806640625
486.5908508300781
478.1498107910156
469.7679748535156
461.5084228515625
453.40411376953125
445.3673095703125
437.4771423339844
429.83514404296875
422.4613952636719
415.4361572265625
408.6885681152344
402.2044677734375
395.9466247558594
389.83892822265625
383.83209228515625
377.89251708984375
372.0037841796875
366.14764404296875
360.45404052734375
354.96771240234375
349.62335205078125
344.3868408203125
339.248291015625
334.20599365234375
328.9861755371094
323.9908142089844
319.1600646972656
314.43951416015625
309.8789367675781
305.4769592285156
301.25140380859375
297.1075744628906
293.010009765625
288.99957275390625
285.13104248046875
281.4928894042969
278.1918640136719
275.2282409667969
272.4488220214844
269.7154235839844
