140.4963836669922
135.93582153320312
121.4682388305664
107.61827087402344
99.14215850830078
93.37781524658203
89.05843353271484
85.4167709350586
81.30009460449219
77.89755249023438
75.05818939208984
72.50421142578125
70.16803741455078
68.0124740600586
65.96434783935547
63.99724578857422
62.0962028503418
60.24363327026367
58.424957275390625
56.64592361450195
54.9190788269043
53.248416900634766
51.66050338745117
50.31694412231445
49.280067443847656
48.45840072631836
47.78230667114258
47.192562103271484
46.642208099365234
46.09416961669922
45.54096221923828
44.985069274902344
44.7468376159668
44.58251190185547
44.66619873046875
45.098854064941406
45.75922775268555
46.53312301635742
47.319461822509766
47.59153366088867
47.35274124145508
47.12663650512695
46.799537658691406
45.81064224243164
44.578575134277344
43.17511749267578
41.69179153442383
40.18404006958008
38.673526763916016
37.18463897705078
35.71370315551758
34.24982833862305
32.78889465332031
31.331647872924805
29.88599967956543
28.480010986328125
27.12529182434082
26.021757125854492
25.26757049560547
24.54835319519043
23.863605499267578
23.211400985717773
22.59575080871582
22.01947784423828
21.484132766723633
20.987613677978516
20.52618980407715
20.095495223999023
19.691696166992188
19.312089920043945
18.954668045043945
18.61702537536621
18.296653747558594
17.99083137512207
17.68893051147461
17.379947662353516
17.059242248535156
16.726606369018555
16.38437843322754
16.036911010742188
15.688691139221191
15.343633651733398
15.004826545715332
14.674943923950195
14.356124877929688
14.049825668334961
13.756477355957031
13.476611137390137
13.211226463317871
12.958722114562988
12.717927932739258
12.488371849060059
12.26609992980957
12.051145553588867
