1499.86669921875
1499.979736328125
1500.0
1500.0001220703125
1500.0
1500.0
1500.0
1500.0
1500.0
1500.0
1500.0
1500.0
1500.0
1500.0
1500.0
1500.0
1500.0
1500.0
1500.0
1500.0
1500.0
1500.0
1500.0
1500.0
1500.0
1500.0
1500.0
1500.0
1500.0
1500.0
1500.0
1500.0
1500.0
100.0
100.0
99.99982452392578
100.0
100.0
99.99978637695312
100.0
1500.0380859375
1500.0
1499.999755859375
1500.0
1500.0
1500.0
1500.0
1500.0
1440.97119140625
1341.9991455078125
1258.0533447265625
1183.2840576171875
1117.6092529296875
1053.30810546875
990.4197998046875
930.3389892578125
870.8543090820312
811.7922973632812
761.584228515625
712.6357421875
651.6575317382812
606.4535522460938
567.8128051757812
527.26123046875
484.0533752441406
442.1256408691406
406.091796875
370.62548828125
340.62176513671875
324.1552734375
309.4405212402344
297.2206726074219
286.8478088378906
275.29534912109375
261.4998779296875
246.05743408203125
231.0085906982422
231.30213928222656
225.0164031982422
216.74330139160156
207.41275024414062
195.11404418945312
185.0701141357422
176.7972412109375
170.08135986328125
164.4652862548828
159.47488403320312
154.78558349609375
150.2814178466797
145.957763671875
141.82659912109375
137.91563415527344
134.23248291015625
130.8541259765625
