1499.774169921875
1500.0003662109375
1500.0
1500.0
1500.0
1500.0
1499.99755859375
1500.0
1500.0
1500.0
1499.998291015625
1500.0
1500.0
1500.0
1499.9998779296875
1500.0
1500.0
1500.0
1499.991943359375
1500.0
1500.0
1499.9979248046875
1499.9993896484375
1499.9993896484375
1500.0
1500.0
1499.9893798828125
1499.99951171875
1500.0
1499.99853515625
1499.9998779296875
1499.999755859375
1489.0926513671875
1469.96435546875
99.99931335449219
100.00072479248047
99.99996948242188
99.99999237060547
99.99998474121094
100.0
99.99999237060547
1500.0
1500.0
1499.8856201171875
1500.0045166015625
1499.8487548828125
1499.9830322265625
1451.827880859375
1398.46240234375
1365.5369873046875
1341.3775634765625
1320.5999755859375
1301.192138671875
1282.3424072265625
1263.794677734375
1245.6170654296875
1228.0093994140625
1211.0811767578125
1194.800048828125
1179.0626220703125
1163.873291015625
1149.291015625
1135.1331787109375
1121.0595703125
1106.931884765625
1092.77978515625
1078.8326416015625
1065.168701171875
1051.755615234375
1038.480712890625
1025.370849609375
1012.451171875
999.6270751953125
986.7430419921875
973.7646484375
960.70556640625
947.6492919921875
934.8358764648438
922.3760375976562
910.390625
898.8006591796875
887.5302734375
876.5322875976562
865.71923828125
854.9249267578125
844.0214233398438
833.0538330078125
822.0872802734375
811.1281127929688
800.33203125
790.1744995117188
780.7962646484375
771.73583984375
762.237060546875
752.0974731445312
741.2396850585938
730.9102783203125
721.0457153320312
