1500.0
1500.0
1500.0
1500.0
1500.0
1500.0078125
1500.0
1500.0
1500.0
1499.9998779296875
1499.99951171875
1500.0
1492.8402099609375
1468.550537109375
1441.884521484375
1413.718994140625
1383.0447998046875
1351.2344970703125
1320.6290283203125
1291.8592529296875
1267.463134765625
1244.49462890625
1222.869384765625
1200.82666015625
1177.2391357421875
1148.4945068359375
1117.50927734375
1086.960205078125
1054.3123779296875
1020.4735107421875
983.2466430664062
943.2764892578125
100.0
100.0
100.0
100.0
100.0
100.0
1194.7344970703125
1003.6912231445312
926.9490966796875
835.125244140625
790.1314697265625
753.2437744140625
717.2854614257812
692.7449340820312
672.589599609375
654.6804809570312
637.1882934570312
619.7233276367188
602.314208984375
585.1073608398438
568.2565307617188
551.707275390625
535.3135375976562
519.0244750976562
502.9540100097656
487.20849609375
471.814208984375
456.765625
442.1174621582031
427.87261962890625
414.06060791015625
400.71319580078125
387.8424987792969
375.4236755371094
363.4727478027344
351.9466857910156
340.8043212890625
330.076171875
319.662353515625
309.5578918457031
299.7864990234375
290.3436279296875
281.4227600097656
272.9162292480469
264.7080993652344
256.7962951660156
249.18116760253906
241.86863708496094
234.8683319091797
228.162841796875
221.7603302001953
215.6515350341797
209.84893798828125
204.33168029785156
199.09754943847656
194.13111877441406
189.41824340820312
184.9382781982422
180.68069458007812
176.6344451904297
172.7861785888672
