1341.0948486328125
994.7737426757812
792.6080932617188
687.9166870117188
642.9940185546875
620.1165771484375
601.5191650390625
583.8687133789062
566.3312377929688
550.9160766601562
536.8728637695312
522.975830078125
508.6817321777344
494.4964294433594
480.1673278808594
465.2125244140625
449.7950439453125
434.4354553222656
418.85894775390625
402.929443359375
386.75274658203125
370.7122802734375
354.81756591796875
343.0554504394531
331.11505126953125
319.6692810058594
308.77899169921875
298.7619323730469
288.974609375
279.43499755859375
272.636474609375
268.0028076171875
100.0
100.0
99.99982452392578
100.0
100.0
100.0
338.5598449707031
263.79461669921875
251.21119689941406
245.45741271972656
242.73854064941406
241.8379364013672
240.11265563964844
237.640380859375
234.79745483398438
231.78868103027344
228.69664001464844
225.65159606933594
222.54759216308594
219.31759643554688
215.91439819335938
212.33755493164062
208.7626953125
205.23985290527344
201.6858673095703
198.10350036621094
194.5109100341797
190.8170623779297
187.0515899658203
183.36070251464844
179.69790649414062
176.0503692626953
172.3829803466797
168.6355438232422
164.70657348632812
160.6265411376953
156.49249267578125
152.3486785888672
148.2511749267578
144.26515197753906
140.53683471679688
137.0181884765625
133.60389709472656
130.25411987304688
126.96012115478516
123.70687866210938
120.49977111816406
117.33895111083984
114.24231719970703
111.24136352539062
108.3340835571289
105.53364562988281
102.8530502319336
100.30113220214844
97.8642578125
95.53778839111328
93.31828308105469
91.20001983642578
89.18018341064453
87.24990844726562
85.43484497070312
