1500.0
1500.0
1500.0
1500.0
1500.0
1499.99951171875
1500.0
1500.0
1500.0
1500.0
1500.0
1500.0
1500.0
1500.0
1500.0
1500.0
1500.0
1500.0
1500.0
1499.9560546875
1500.0
1500.0
1500.0
1500.0
1500.0
1500.0
1500.0
1500.0
1500.0
1500.0
1500.0
1500.0
100.0
100.0
100.0
100.0
100.0
100.0
1500.0
1500.0
1500.0
1500.0
1500.0
1500.0
1500.0
1500.0
1500.0
1500.0
1500.0
1500.0
1500.0
1500.0
1500.0
1500.0
1500.0
1500.0
1500.0
1500.0
1500.0
1500.0
1500.0
1500.0
1500.0
1463.6192626953125
1409.1134033203125
1356.3699951171875
1305.048828125
1255.0533447265625
1206.5389404296875
1159.7603759765625
1114.68115234375
1071.2994384765625
1029.529296875
989.3203125
950.6318359375
913.4044799804688
877.2804565429688
842.6441650390625
809.3436889648438
777.3590698242188
746.673095703125
717.16162109375
689.0409545898438
661.9169311523438
635.947509765625
611.0462036132812
587.0089111328125
563.9288940429688
540.7173461914062
519.2584838867188
499.19476318359375
479.8684387207031
