1499.9998779296875
1499.88330078125
1500.0
1500.0
1500.0
1500.0
1500.0
1500.0
1500.0
1500.0
1500.0
1500.0
1500.0
1500.0
1500.0
1500.0
1500.0
1500.0
1500.0
1500.0
1500.0
1500.0
1500.0
1492.4669189453125
1481.487060546875
1471.617919921875
1461.6961669921875
1450.684326171875
1438.0728759765625
1423.5810546875
1407.546630859375
1390.483154296875
100.0
100.0
100.0
100.0
100.0
100.0
1500.0
1500.0
1500.0
1482.2921142578125
1400.1932373046875
1339.1343994140625
1289.7591552734375
1248.5977783203125
1212.89013671875
1180.508056640625
1150.220458984375
1121.389404296875
1093.6309814453125
1066.7911376953125
1040.55908203125
1014.271728515625
988.4127807617188
976.1973876953125
963.89794921875
939.38818359375
914.7999877929688
890.022705078125
865.4129638671875
841.0448608398438
816.8753051757812
792.88427734375
768.7198486328125
744.559814453125
720.2525024414062
696.4144897460938
672.92724609375
658.8958740234375
650.2791748046875
626.5914306640625
604.9745483398438
584.9957275390625
566.4442749023438
548.592041015625
531.7061157226562
515.9052734375
500.664306640625
485.99615478515625
471.8287658691406
458.2356872558594
445.1542053222656
432.40667724609375
419.9187927246094
407.6629638671875
395.4951171875
383.3865661621094
371.4913330078125
359.9734802246094
349.068115234375
338.80450439453125
329.51318359375
320.7611999511719
