0.11194561421871185
0.12256435304880142
0.14077240228652954
0.1478274166584015
0.1495877057313919
0.15019723773002625
0.1509641408920288
0.15157338976860046
0.15218397974967957
0.15283291041851044
0.15364815294742584
0.15430516004562378
0.1548536866903305
0.15535379946231842
0.15588587522506714
0.15642192959785461
0.15697209537029266
0.15753862261772156
0.15806150436401367
0.15858346223831177
0.1592051386833191
0.15989360213279724
0.1606522649526596
0.1616474837064743
0.16283191740512848
0.1641760766506195
0.1656476855278015
0.16730336844921112
0.16912885010242462
0.17108939588069916
0.17321009933948517
0.17551064491271973
0.011668653227388859
0.009753569029271603
0.008930379524827003
0.008667796850204468
0.00852888822555542
0.008444015868008137
0.15706254541873932
0.16813109815120697
0.17493373155593872
0.18029972910881042
0.18519774079322815
0.18997909128665924
0.19480617344379425
0.19975602626800537
0.2047966718673706
0.21249155700206757
0.22042346000671387
0.22851422429084778
0.23692269623279572
0.2454071193933487
0.2541314959526062
0.2630641758441925
0.2646079659461975
0.2595907747745514
0.25452959537506104
0.24953460693359375
0.24440614879131317
0.23926636576652527
0.23411543667316437
0.22893884778022766
0.2237847000360489
0.2187187373638153
0.21370023488998413
0.20860576629638672
0.20340843498706818
0.19826598465442657
0.19303736090660095
0.18767262995243073
0.1822308748960495
0.1769280880689621
0.1717994213104248
0.16656573116779327
0.1613912433385849
0.21285052597522736
0.300933837890625
0.375773549079895
0.439532071352005
0.5043716430664062
0.5600529909133911
0.6101410388946533
0.6606476902961731
0.7179436683654785
0.7777718901634216
0.840003252029419
0.8972987532615662
0.9517380595207214
2.5864405632019043
7.589991092681885
10.195172309875488
11.79824161529541
