0.007733951788395643
0.00878541637212038
0.008394213393330574
0.00808755774050951
0.007911385968327522
0.007798029109835625
0.007712740916758776
0.00764017878100276
0.007577463518828154
0.007524432614445686
0.007474987301975489
0.00742777343839407
0.0073833223432302475
0.0073402984999120235
0.007297598756849766
0.0072560058906674385
0.0072152758948504925
0.007175896782428026
0.007138492539525032
0.0071029760874807835
0.007068296428769827
0.007035607472062111
0.007004734128713608
0.006974972318857908
0.006946222390979528
0.006918599829077721
0.0068932706490159035
0.006869913544505835
0.006847830023616552
0.0068262843415141106
0.006804590579122305
0.006782365031540394
0.0006575080333277583
0.000556920887902379
0.0005286824307404459
0.0005229029920883477
0.0005213835975155234
0.0005207516369409859
0.007133006118237972
0.007027645595371723
0.006866137497127056
0.006760979071259499
0.00669008819386363
0.006638065446168184
0.006595801096409559
0.006558354943990707
0.006523096933960915
0.00648851552978158
0.006453571375459433
0.0064176591113209724
0.0063804504461586475
0.006341719999909401
0.00630134018138051
0.006259263958781958
0.006215525325387716
0.006170302163809538
0.006123874802142382
0.00607721321284771
0.006054275669157505
0.006030058488249779
0.005975622218102217
0.005917598493397236
0.005851989146322012
0.005786367226392031
0.005719772540032864
0.0056533487513661385
0.005586317274719477
0.005517269484698772
0.005446350667625666
0.005374088883399963
0.0053006792441010475
0.005226219072937965
0.005150625016540289
0.005073941312730312
0.00499650277197361
0.004918519873172045
0.004840579815208912
0.004762719850987196
0.004685156047344208
0.00460817152634263
0.004532169550657272
0.004457393195480108
0.004383254796266556
0.004346443340182304
0.004309552256017923
0.0042361062951385975
0.004163399338722229
0.004091090057045221
0.004019275773316622
0.0039480021223425865
0.0038773345295339823
0.003807286499068141
0.0037378640845417976
0.0036693275906145573
