6.967715740203857
7.8317718505859375
9.87295150756836
12.591466903686523
13.461455345153809
11.908652305603027
11.502237319946289
11.697335243225098
12.174470901489258
12.561845779418945
12.900086402893066
13.205808639526367
13.531722068786621
13.9540376663208
14.509125709533691
15.237783432006836
15.93774700164795
16.462324142456055
17.089326858520508
17.907575607299805
18.88543128967285
20.059234619140625
21.478879928588867
23.1028995513916
24.8594970703125
26.960535049438477
29.646602630615234
33.056739807128906
37.379207611083984
42.97706604003906
49.93461608886719
57.79774856567383
1.7633562088012695
1.43062424659729
1.182098150253296
1.1557921171188354
1.1569032669067383
1.1687026023864746
36.704345703125
76.43771362304688
100.07960510253906
122.40711212158203
143.21075439453125
164.5989227294922
186.32725524902344
208.99148559570312
233.1059112548828
257.57763671875
282.0162048339844
306.76092529296875
332.1848449707031
357.4625244140625
382.9654235839844
409.6098327636719
436.84100341796875
452.6441345214844
466.49078369140625
480.09814453125
491.70269775390625
500.343017578125
507.796875
514.7635498046875
521.1046752929688
526.5907592773438
531.0723876953125
534.6173095703125
537.4287109375
539.7491455078125
541.54248046875
542.8721923828125
543.5620727539062
543.6415405273438
543.1337280273438
542.116943359375
540.7782592773438
539.136962890625
537.2847290039062
535.3430786132812
533.2279052734375
531.0386352539062
528.8400268554688
526.5313720703125
524.04345703125
521.5877075195312
519.1603393554688
516.8032836914062
514.4679565429688
512.1265869140625
509.4636535644531
506.40869140625
503.5947570800781
500.8433837890625
