0.008047180250287056
0.008931570686399937
0.010148389264941216
0.011359605938196182
0.01151388231664896
0.011603918857872486
0.011686999350786209
0.01178321149200201
0.011844217777252197
0.011908982880413532
0.011989637278020382
0.012083177454769611
0.012167931534349918
0.012239882722496986
0.012318557128310204
0.012405547313392162
0.012496326118707657
0.012596644461154938
0.012717449106276035
0.012868193909525871
0.01304707583039999
0.01325117889791727
0.013474076986312866
0.013713994063436985
0.013971066102385521
0.014246288686990738
0.014537595212459564
0.014827529899775982
0.015088067390024662
0.015365788713097572
0.015653004869818687
0.015950147062540054
0.0008944068104028702
0.0008801206713542342
0.0008820072980597615
0.0008863138500601053
0.0008904105634428561
0.0008942230488173664
0.015917524695396423
0.01652025617659092
0.016804758459329605
0.01700521446764469
0.017218703404068947
0.017476696521043777
0.01778487116098404
0.018137911334633827
0.018531782552599907
0.018961122259497643
0.01942255161702633
0.019926724955439568
0.02047755941748619
0.021051201969385147
0.021592142060399055
0.02205251157283783
0.02252323180437088
0.023006655275821686
0.023501770570874214
0.024006320163607597
0.02451818250119686
0.025040609762072563
0.02555597759783268
0.02606869861483574
0.026569964364171028
0.02706206403672695
0.027547108009457588
0.028024405241012573
0.028493575751781464
0.028955791145563126
0.0294138602912426
0.029870564118027687
0.030325856059789658
0.0307809766381979
0.031232884153723717
0.03170086443424225
0.032169610261917114
0.032634321600198746
0.03286733850836754
0.03309909626841545
0.03355807065963745
0.03401864320039749
0.034506432712078094
0.03497615456581116
0.03544454649090767
0.03507157415151596
0.034081678837537766
0.03315822407603264
0.032268572598695755
0.031403206288814545
0.03055952861905098
0.029737327247858047
0.028936197981238365
0.02815588191151619
0.027397003024816513
