8.367526054382324
11.843857765197754
12.085552215576172
9.854432106018066
8.681076049804688
8.086785316467285
7.808387756347656
7.702094554901123
7.6809186935424805
7.707542419433594
7.724036693572998
7.6944780349731445
7.650618076324463
7.603302955627441
7.559010028839111
7.52133846282959
7.49117374420166
7.470940589904785
7.461451530456543
7.429683685302734
7.392030239105225
7.360659599304199
7.340420246124268
7.335002899169922
7.342728137969971
7.362721920013428
7.393607139587402
7.434533596038818
7.481234073638916
7.515543460845947
7.549398422241211
7.583040237426758
0.49013057351112366
0.39772841334342957
0.3794056177139282
0.37131398916244507
0.3621477782726288
0.3579527735710144
8.385921478271484
8.502262115478516
8.514041900634766
8.52623176574707
8.55777645111084
8.592975616455078
8.641437530517578
8.709510803222656
8.79854965209961
8.907618522644043
9.03222370147705
9.175745964050293
9.34223747253418
9.534506797790527
9.74992847442627
9.987715721130371
10.287280082702637
10.65443229675293
11.074443817138672
11.531993865966797
11.995757102966309
12.44914722442627
12.889674186706543
13.315890312194824
13.73985767364502
14.16529369354248
14.59203052520752
15.02004337310791
15.447242736816406
15.871848106384277
16.293916702270508
16.712278366088867
17.126317977905273
17.535079956054688
17.938596725463867
18.33829689025879
18.73410415649414
19.126955032348633
19.516571044921875
19.899110794067383
20.282421112060547
20.661325454711914
21.033769607543945
21.40048599243164
21.767850875854492
22.18402099609375
22.572263717651367
22.939531326293945
23.28373908996582
23.60426902770996
23.900850296020508
24.175498962402344
24.430355072021484
24.66761016845703
