0.006572735495865345
0.007105187978595495
0.007894758135080338
0.008645364083349705
0.009298456832766533
0.00973210297524929
0.009862937033176422
0.009917225688695908
0.009965218603610992
0.01000615768134594
0.01005158293992281
0.010110354982316494
0.010170072317123413
0.010227637365460396
0.010281543247401714
0.01033446379005909
0.010401489213109016
0.01047596987336874
0.01055524218827486
0.010642820037901402
0.01074148714542389
0.01086353324353695
0.011014283634722233
0.011190683580935001
0.011390797793865204
0.01161224115639925
0.011851046234369278
0.01210276409983635
0.012365943752229214
0.012641563080251217
0.012914981693029404
0.013161412440240383
0.0008529455517418683
0.0007583786500617862
0.0007560630328953266
0.0007660122355446219
0.0007767103961668909
0.0007862429483793676
0.013369419611990452
0.013598388060927391
0.013657334260642529
0.013801432214677334
0.01396884024143219
0.014178148470818996
0.014428759925067425
0.014712663367390633
0.015027739107608795
0.015363583341240883
0.0157180055975914
0.01608833111822605
0.01647336222231388
0.016887055709958076
0.017329076305031776
0.017787206918001175
0.018193159252405167
0.018598977476358414
0.01901596039533615
0.01940229721367359
0.019774990156292915
0.020153645426034927
0.02053619548678398
0.0209216121584177
0.021312251687049866
0.02170971967279911
0.02211289294064045
0.022521696984767914
0.022934703156352043
0.023348676040768623
0.023754160851240158
0.024156924337148666
0.02455863170325756
0.024957425892353058
0.025355251505970955
0.025753391906619072
0.026144078001379967
0.02652466669678688
0.026896698400378227
0.027266867458820343
0.027627840638160706
0.02797699347138405
0.028328783810138702
0.028673972934484482
0.029021600261330605
0.029352005571126938
0.029670922085642815
0.02998293563723564
0.030283529311418533
0.03057328797876835
0.030851418152451515
0.031115258112549782
0.03136203810572624
0.031590189784765244
0.03179996833205223
