0.007859889417886734
0.008905966766178608
0.010439353063702583
0.01090082898736
0.011098391376435757
0.011193620041012764
0.01126806065440178
0.011357448063790798
0.011430079117417336
0.011514424346387386
0.011600879952311516
0.011694143526256084
0.011788243427872658
0.011873707175254822
0.01196456328034401
0.012061400339007378
0.012168757617473602
0.01227477379143238
0.012388688512146473
0.012529604136943817
0.012705548666417599
0.012908543460071087
0.013131887651979923
0.01337274070829153
0.013628380373120308
0.013896581716835499
0.014173430390655994
0.014414429664611816
0.014656024985015392
0.014913310296833515
0.015175550244748592
0.015444734133780003
0.0008905052673071623
0.0008345487294718623
0.0008237458532676101
0.0008214190020225942
0.0008218522416427732
0.0008232601103372872
0.014764035120606422
0.015217993408441544
0.015373419970273972
0.015685584396123886
0.015983514487743378
0.016298862174153328
0.016632268205285072
0.01698085479438305
0.017343299463391304
0.01772003062069416
0.018109982833266258
0.01851596310734749
0.018945226445794106
0.019402239471673965
0.019867118448019028
0.020336464047431946
0.02081797830760479
0.021254679188132286
0.021648775786161423
0.022058503702282906
0.022485898807644844
0.022918928414583206
0.023350022733211517
0.02376577816903591
0.023790543898940086
0.023234451189637184
0.022700995206832886
0.02218436449766159
0.021678492426872253
0.02118045464158058
0.020690180361270905
0.020207371562719345
0.019731175154447556
0.019262339919805527
0.018800802528858185
0.01834690384566784
0.017903253436088562
0.017470896244049072
0.017049411311745644
0.016637923195958138
0.01623629406094551
0.01584472507238388
0.015463169664144516
0.015089551918208599
0.01472332701086998
0.01436400692909956
0.01401154138147831
0.0136657003313303
0.013325981795787811
0.012991911731660366
0.012662993744015694
0.012344435788691044
0.01203740481287241
0.011741399765014648
0.011455372907221317
