0.037897441536188126
0.04007049277424812
0.0446152500808239
0.04979386925697327
0.05113435536623001
0.05209479480981827
0.05246658995747566
0.05270400643348694
0.05291620269417763
0.05310773104429245
0.05330387130379677
0.053466275334358215
0.053633857518434525
0.053824011236429214
0.05396478250622749
0.05416028946638107
0.05437816306948662
0.0545850545167923
0.05477942153811455
0.0549728125333786
0.055161818861961365
0.05536557361483574
0.0555715449154377
0.055832020938396454
0.05613459646701813
0.05650452896952629
0.05696689710021019
0.05748680233955383
0.05804978311061859
0.05864479020237923
0.05926287919282913
0.05990660935640335
0.0038033744785934687
0.0035537532530725002
0.0034277101512998343
0.003356199013069272
0.003313536522909999
0.003286421764642
0.05576273426413536
0.05796627327799797
0.058762095868587494
0.060202814638614655
0.06129768490791321
0.0622839480638504
0.06327211111783981
0.06430040299892426
0.06536149233579636
0.06645065546035767
0.06754341721534729
0.06863035261631012
0.06972085684537888
0.07082322984933853
0.07195853441953659
0.07313903421163559
0.07435734570026398
0.07562382519245148
0.07696261256933212
0.07845094799995422
0.07984060049057007
0.08119860291481018
0.08258526027202606
0.0839986652135849
0.08545122295618057
0.08691193163394928
0.08837104588747025
0.08983355760574341
0.09123938530683517
0.09232708066701889
0.09318947792053223
0.09393800795078278
0.09477362036705017
0.09572231769561768
0.09660255908966064
0.09745565056800842
0.09830765426158905
0.0991644486784935
0.10000069439411163
0.10080713778734207
0.1015823557972908
0.10232963413000107
0.10295785963535309
0.10356173664331436
0.10415815562009811
0.1047237291932106
0.10527724027633667
0.10581623762845993
0.10621149837970734
0.10659819841384888
0.10423870384693146
0.1016571894288063
0.09918069839477539
0.09676531702280045
0.09440451115369797
