0.0053198556415736675
0.0050921193324029446
0.004813050385564566
0.004657926503568888
0.0045558372512459755
0.004503156524151564
0.0044194660149514675
0.004279379732906818
0.004220549017190933
0.004196894355118275
0.004180063493549824
0.004127640277147293
0.004083756823092699
0.004000963177531958
0.003927714191377163
0.003864578902721405
0.0038076082710176706
0.0037549335975199938
0.00370694394223392
0.0036631515249609947
0.003624824807047844
0.003590886015444994
0.0035606815945357084
0.003533222945407033
0.0035080774687230587
0.0034851310774683952
0.003464394947513938
0.0034453338012099266
0.003427681280300021
0.0034113996662199497
0.0033963429741561413
0.0033823547419160604
0.0033694037701934576
0.003357498673722148
0.0033464941661804914
0.0033360302913933992
0.0033259375486522913
0.0033161689061671495
0.0005132374353706837
0.00045725161908194423
0.00045295452582649887
0.0004504168755374849
0.0004482554504647851
0.00044633136712946
0.003641712013632059
0.0037278353702276945
0.003654360305517912
0.0035718290600925684
0.003542094025760889
0.0035028711427003145
0.003483337815850973
0.0034656894858926535
0.003432829864323139
0.0034039870370179415
0.0033781302627176046
0.0033551810774952173
0.0033348032739013433
0.003316820366308093
0.0033009022008627653
0.0032867512200027704
0.0032741182949393988
0.0032627866603434086
0.0032525488641113043
0.0032432645093649626
0.0032347829546779394
0.003226972185075283
0.003219711361452937
0.0032128077000379562
0.0032054404728114605
0.003197986399754882
0.0031905912328511477
0.0031832873355597258
0.0031760011333972216
0.0031686865258961916
0.0031613940373063087
0.0031545863021165133
0.0031478817109018564
0.003141127061098814
0.003134362865239382
0.0031277339439839125
0.003121151588857174
0.0031145899556577206
0.003107970580458641
0.003101273672655225
0.0030944952741265297
0.0030876360833644867
0.0030806984286755323
0.003073684172704816
0.0030665940139442682
0.0030594272539019585
0.003052194369956851
0.0030448988545686007
0.0030375320930033922
0.003030102699995041
0.0030226537492126226
0.0030151635874062777
0.003007614053785801
0.0029999949038028717
0.0029922996181994677
0.0029845256358385086
0.0029766757506877184
0.0029687616042792797
