0.040712177753448486
0.0484064519405365
0.05197148770093918
0.046089280396699905
0.04193822294473648
0.03884560987353325
0.036585889756679535
0.034955382347106934
0.033797550946474075
0.03299441188573837
0.032439686357975006
0.03205518424510956
0.03178161010146141
0.03157705441117287
0.03141085058450699
0.031261369585990906
0.031114935874938965
0.030964486300945282
0.0308073777705431
0.03064272552728653
0.030470559373497963
0.030291905626654625
0.030108124017715454
0.029925720766186714
0.029747910797595978
0.029576215893030167
0.029419057071208954
0.029284093528985977
0.02917391061782837
0.02908211760222912
0.02900158241391182
0.02892555482685566
0.003428035182878375
0.003103281371295452
0.0029392042197287083
0.00283329957164824
0.002666851971298456
0.002567921532317996
0.036396969109773636
0.036709047853946686
0.03566920757293701
0.0347810760140419
0.034031257033348083
0.03293320909142494
0.03196077048778534
0.03104390762746334
0.030263086780905724
0.029618294909596443
0.02908080443739891
0.028625741600990295
0.028234470635652542
0.027893172577023506
0.02759028971195221
0.02731604315340519
0.02706407569348812
0.026826292276382446
0.026598818600177765
0.026378992944955826
0.026164455339312553
0.0259530209004879
0.025743765756487846
0.025535961613059044
0.025327417999505997
0.025117233395576477
0.02490641176700592
0.024694295600056648
0.024487514048814774
0.024284781888127327
0.024080893024802208
0.02387496642768383
0.023667464032769203
0.023457633331418037
0.023246653378009796
0.023027094081044197
0.02280164696276188
0.02257094532251358
0.022335423156619072
0.02209746651351452
0.021898822858929634
0.02173224277794361
0.021804049611091614
0.022149428725242615
0.02257782220840454
0.023086614906787872
0.023670047521591187
0.0243056807667017
0.024979358538985252
0.025699209421873093
0.026464173570275307
0.0272563174366951
0.02874154783785343
0.031062768772244453
0.033960115164518356
0.03712426871061325
0.04017336294054985
