0.041000254452228546
0.04824792593717575
0.05134626477956772
0.05313292145729065
0.055262379348278046
0.05651378259062767
0.05865407735109329
0.06059201434254646
0.061363209038972855
0.061219628900289536
0.06054267659783363
0.05971880257129669
0.05895062908530235
0.05833794176578522
0.05793679505586624
0.0577450655400753
0.057722851634025574
0.057849857956171036
0.058030884712934494
0.05820901319384575
0.05840462073683739
0.05860404297709465
0.05877462029457092
0.05887336656451225
0.058968838304281235
0.05913282558321953
0.059360675513744354
0.05964493378996849
0.059977930039167404
0.06038212403655052
0.06085493788123131
0.06138065457344055
0.06194257736206055
0.06252691894769669
0.06313574314117432
0.00343717192299664
0.0028790205251425505
0.002599789761006832
0.002506205579265952
0.002497871872037649
0.002497684210538864
0.04957425221800804
0.05372438579797745
0.05463600531220436
0.05533583089709282
0.056141432374715805
0.0579785518348217
0.06242745742201805
0.06604791432619095
0.06832534819841385
0.06625974178314209
0.06542830169200897
0.06478288024663925
0.06390760838985443
0.06326665729284286
0.0627514198422432
0.062296055257320404
0.06186330318450928
0.06143486872315407
0.06100328266620636
0.060565706342458725
0.06012129411101341
0.05966947600245476
0.059210825711488724
0.05874627083539963
0.0582774356007576
0.05780771002173424
0.05734194442629814
0.056884247809648514
0.05643654987215996
0.0559985376894474
0.055570218712091446
0.05514627695083618
0.05472421273589134
0.054304271936416626
0.05388760194182396
0.053476836532354355
0.053071312606334686
0.05267013609409332
0.05227074772119522
0.05187096446752548
0.05146906152367592
0.051063720136880875
0.0506550669670105
0.05045664682984352
0.05025005340576172
0.04983014985918999
0.04941526800394058
0.04900306090712547
0.04859422892332077
0.04816059395670891
0.047703299671411514
0.04725046828389168
0.046800851821899414
0.04635584354400635
0.04591581970453262
0.04547840356826782
0.04504506289958954
0.04462478682398796
0.04422362521290779
