13.649909019470215
31.111328125
41.725006103515625
41.568756103515625
35.4515495300293
29.265682220458984
23.223716735839844
17.90874671936035
15.009483337402344
13.23636245727539
12.01772689819336
11.08399772644043
10.373751640319824
9.84996509552002
9.39204216003418
8.999732971191406
8.67187213897705
8.402657508850098
8.18261432647705
8.005057334899902
7.865328788757324
7.759429931640625
7.684404373168945
7.637549877166748
7.615874767303467
7.617961883544922
7.640637397766113
7.682655334472656
7.744691371917725
7.828814506530762
7.937489032745361
8.073929786682129
8.241519927978516
8.440019607543945
8.67391300201416
0.6314389109611511
0.5356374979019165
0.2334834188222885
0.3080444931983948
0.29211199283599854
0.2640325725078583
17.236480712890625
16.221799850463867
15.344822883605957
13.99565601348877
13.321100234985352
12.893641471862793
13.327020645141602
13.988134384155273
14.66320514678955
15.421727180480957
15.82564926147461
16.27615737915039
17.33954620361328
18.496061325073242
19.716026306152344
20.967666625976562
22.24490737915039
23.532258987426758
24.826452255249023
26.14607048034668
27.518606185913086
28.946508407592773
30.51211166381836
32.159629821777344
33.96626663208008
35.71625900268555
37.43818283081055
39.13528060913086
40.82004928588867
42.497806549072266
44.15519714355469
45.802886962890625
47.41981887817383
49.00218200683594
50.55061340332031
52.073795318603516
53.57384490966797
55.052154541015625
56.53867721557617
58.00877380371094
59.416114807128906
60.74314498901367
61.98917007446289
62.6939697265625
63.2910041809082
64.39871215820312
65.48326873779297
66.49627685546875
67.44469451904297
68.35884857177734
69.24052429199219
70.08843231201172
70.91098022460938
71.69873046875
72.44853210449219
73.1595458984375
73.83199310302734
74.47257232666016
75.08902740478516
