14.567866325378418
34.71179962158203
48.7439079284668
40.93020248413086
22.51588249206543
16.401458740234375
15.411885261535645
14.154929161071777
12.992466926574707
11.262715339660645
10.053947448730469
9.216726303100586
8.571638107299805
8.048242568969727
7.615715503692627
7.258899688720703
6.963269233703613
6.715961933135986
6.50540828704834
6.343900203704834
6.204770088195801
6.078913688659668
5.966305732727051
5.866636753082275
5.779181480407715
5.702812671661377
5.637328624725342
5.583133697509766
5.540496349334717
5.508899688720703
5.487887382507324
5.476952075958252
5.475447654724121
5.483758926391602
5.502109527587891
0.13475674390792847
0.0957142636179924
0.07460469007492065
0.039455778896808624
0.03930727392435074
0.039217740297317505
11.179150581359863
12.938941955566406
10.082202911376953
8.592721939086914
7.906913757324219
7.688749313354492
7.585230827331543
7.632018089294434
7.59790563583374
7.5701069831848145
7.59147310256958
7.673390865325928
7.832568645477295
8.063677787780762
8.355633735656738
8.709084510803223
9.113486289978027
9.560124397277832
10.043968200683594
10.55773639678955
11.094107627868652
11.646885871887207
12.211478233337402
12.865421295166016
13.593944549560547
14.366935729980469
15.183013916015625
16.039806365966797
16.931259155273438
17.850751876831055
18.791181564331055
19.747642517089844
20.734174728393555
21.766828536987305
22.81795883178711
23.855985641479492
24.950286865234375
26.01473617553711
27.03693199157715
28.039234161376953
29.033143997192383
30.023456573486328
31.01296043395996
32.007381439208984
33.02484893798828
34.070533752441406
35.12102508544922
36.18486022949219
37.264015197753906
38.34584426879883
39.41522216796875
40.4927864074707
41.584381103515625
42.68012619018555
43.73649978637695
44.757694244384766
45.767066955566406
46.814308166503906
