0.04287366569042206
0.04851900786161423
0.05406583100557327
0.055114153772592545
0.05567481741309166
0.05599147081375122
0.05628596991300583
0.05661946162581444
0.05696310102939606
0.05723262578248978
0.057494085282087326
0.05763853341341019
0.057753048837184906
0.05787438154220581
0.057997819036245346
0.05811021476984024
0.0582306943833828
0.05835957080125809
0.05847480148077011
0.058593325316905975
0.05872541666030884
0.058873649686574936
0.05904149264097214
0.05925031751394272
0.059554584324359894
0.059930551797151566
0.06041054055094719
0.06097434088587761
0.06162714213132858
0.062343768775463104
0.06309948861598969
0.06387778371572495
0.0034272021148353815
0.003450669813901186
0.0034847042988985777
0.0034799992572516203
0.0034069460816681385
0.0033563782926648855
0.058748677372932434
0.06141716241836548
0.06340411305427551
0.06510937958955765
0.06663335859775543
0.06801822036504745
0.06929632276296616
0.07049375027418137
0.07163365930318832
0.0727306604385376
0.07379698753356934
0.07484903186559677
0.07591991126537323
0.07699441909790039
0.07810571789741516
0.0792880728840828
0.08055788278579712
0.08191753178834915
0.08336801826953888
0.0849061831831932
0.08645928651094437
0.08801334351301193
0.08963736146688461
0.09124067425727844
0.09288277477025986
0.09404190629720688
0.09528729319572449
0.09650207310914993
0.09761881083250046
0.09866518527269363
0.09971586614847183
0.10081180930137634
0.10200326889753342
0.10363117605447769
0.10561768710613251
0.10705021023750305
0.10896454751491547
0.1101125031709671
0.11129941791296005
0.11374656856060028
0.11636971682310104
0.11934517323970795
0.1193973645567894
0.11480962485074997
0.11073224246501923
0.10742206126451492
0.10419552028179169
0.10092093795537949
0.09770862758159637
0.09450765699148178
0.09124867618083954
0.08806856721639633
0.08496764302253723
0.08262176066637039
0.08834051340818405
