0.04391343519091606
0.056156910955905914
0.06158822774887085
0.06172129139304161
0.0631396546959877
0.06498978286981583
0.0664210245013237
0.06596729159355164
0.06366506218910217
0.06190289556980133
0.06037704646587372
0.05926388502120972
0.058282699435949326
0.057424552738666534
0.056718241423368454
0.05606551468372345
0.05547330528497696
0.05491762235760689
0.05440051853656769
0.053918879479169846
0.05347912386059761
0.05310627445578575
0.05276268720626831
0.052432768046855927
0.05209367722272873
0.05173097923398018
0.051335420459508896
0.05090845748782158
0.05044715106487274
0.04995187371969223
0.04942595213651657
0.04886799678206444
0.04828054830431938
0.004511612467467785
0.0036209821701049805
0.0035268845967948437
0.003313313936814666
0.0031009551603347063
0.0030456576496362686
0.00299140065908432
0.06050865724682808
0.05655977874994278
0.053218547254800797
0.0506485253572464
0.048914629966020584
0.04751526191830635
0.046272385865449905
0.04508734494447708
0.043749015778303146
0.04255114868283272
0.0414423868060112
0.040367044508457184
0.039351608604192734
0.038353290408849716
0.03737310692667961
0.036398787051439285
0.03544219210743904
0.034508850425481796
0.03360398858785629
0.03272338956594467
0.031863123178482056
0.03105906955897808
0.030311450362205505
0.029573598876595497
0.029207654297351837
0.02883615717291832
0.028104988858103752
0.027419529855251312
0.02676931768655777
0.026153184473514557
0.025581495836377144
0.025027679279446602
0.02449735812842846
0.02397768385708332
0.0234712865203619
0.022973287850618362
0.022492384538054466
0.02203284576535225
0.021587053313851357
0.021141095086932182
0.020693665370345116
0.020245298743247986
0.019800636917352676
0.01935141533613205
0.018900765106081963
0.018454287201166153
0.018007397651672363
0.017564740031957626
0.017124049365520477
0.01668609492480755
0.01625075750052929
0.015824325382709503
0.015403526835143566
0.014985502697527409
0.01456907857209444
0.014154255390167236
