4.163728713989258
4.824145317077637
5.8054633140563965
6.13193416595459
6.12843656539917
6.363569259643555
6.577933311462402
6.556558609008789
6.678225040435791
6.939183712005615
7.088067531585693
7.272014617919922
7.464974880218506
7.6793084144592285
7.9045915603637695
8.142082214355469
8.366740226745605
8.55400562286377
8.69677448272705
8.880600929260254
9.106935501098633
9.359800338745117
9.652112007141113
9.919342994689941
10.21190357208252
10.542290687561035
10.90889835357666
11.308906555175781
11.720863342285156
12.130080223083496
12.544479370117188
12.984270095825195
13.431962013244629
1.1811223030090332
0.9393913745880127
0.9083248376846313
0.887920081615448
0.887963593006134
0.8960314989089966
0.9085779786109924
14.932496070861816
16.000057220458984
16.41240692138672
17.292991638183594
18.08082389831543
18.800798416137695
19.499095916748047
20.20016098022461
20.92270278930664
21.68212127685547
22.445344924926758
23.216157913208008
24.010942459106445
24.810791015625
25.60377311706543
26.416568756103516
27.198341369628906
27.95427894592285
28.69481086730957
29.451698303222656
30.223081588745117
30.971206665039062
31.69122886657715
32.42257308959961
32.77236557006836
33.109703063964844
33.7532958984375
34.365234375
34.93687438964844
35.4669075012207
35.96049499511719
36.43163299560547
36.87247085571289
37.305908203125
37.71105194091797
38.069366455078125
38.38001251220703
38.668758392333984
38.91910934448242
39.14820861816406
39.36733627319336
39.57869338989258
39.767879486083984
39.94485092163086
40.1201057434082
40.30230712890625
40.495216369628906
40.68827438354492
40.88483810424805
41.08656311035156
41.29281234741211
41.50346755981445
41.71723937988281
41.93949890136719
42.18759536743164
42.45081329345703
