0.008169932290911674
0.00973981898277998
0.011236239224672318
0.011399315670132637
0.011515804566442966
0.011619306169450283
0.011717838235199451
0.011801549233496189
0.011858673766255379
0.011922067031264305
0.012025473639369011
0.01211888063699007
0.01221439614892006
0.012333415448665619
0.012462496757507324
0.012614800594747066
0.012827021069824696
0.013080724515020847
0.013364026322960854
0.013669450767338276
0.013997383415699005
0.0143454410135746
0.014711646363139153
0.015039053745567799
0.01538707222789526
0.01575434021651745
0.016142170876264572
0.01655936799943447
0.01700913906097412
0.01749481074512005
0.018016591668128967
0.018570678308606148
0.0010849378304556012
0.0010720257414504886
0.0010643017012625933
0.0010517053306102753
0.0010436468292027712
0.0010391523828729987
0.001036995556205511
0.01867728680372238
0.019075386226177216
0.01920423097908497
0.01964322291314602
0.02019287645816803
0.020801667124032974
0.02145722508430481
0.02193770930171013
0.02245473675429821
0.023003391921520233
0.02358345314860344
0.024192556738853455
0.024821186438202858
0.025460056960582733
0.026099488139152527
0.026724448427557945
0.027324656024575233
0.02791135013103485
0.028488218784332275
0.029053879901766777
0.029605800285935402
0.030140912160277367
0.030652306973934174
0.030998684465885162
0.031163325533270836
0.0316343791782856
0.03206852450966835
0.03246251493692398
0.032819561660289764
0.0331474132835865
0.03345714509487152
0.033746298402547836
0.034019310027360916
0.034172460436820984
0.03300397843122482
0.03191130980849266
0.03086925484240055
0.029868939891457558
0.028908153995871544
0.02798726037144661
0.027106955647468567
0.026263007894158363
0.02545567788183689
0.02468109130859375
0.023937784135341644
0.023223474621772766
0.022536568343639374
0.02187654748558998
0.02124187722802162
0.020633265376091003
0.020053330808877945
0.019501755014061928
0.01897614076733589
0.018473749980330467
0.017993388697504997
0.017533501610159874
