0.02590446174144745
0.03044845163822174
0.03310004621744156
0.03354337811470032
0.03384019061923027
0.03410576656460762
0.03439628705382347
0.034576743841171265
0.03474736958742142
0.03495367616415024
0.03516087681055069
0.035409387201070786
0.035706255584955215
0.03595979884266853
0.0361950621008873
0.036449134349823
0.036777593195438385
0.03720589727163315
0.03774889558553696
0.038367774337530136
0.03904810920357704
0.03978576511144638
0.04059203341603279
0.04148171842098236
0.042424969375133514
0.04341166466474533
0.044451527297496796
0.045543402433395386
0.04667745158076286
0.04785167798399925
0.049068253487348557
0.05034217983484268
0.0029189600609242916
0.002874278463423252
0.0028391601517796516
0.002764534903690219
0.0026992587372660637
0.0026456592604517937
0.0026025520637631416
0.04696199297904968
0.049360278993844986
0.05105645954608917
0.052596885710954666
0.05415713042020798
0.05576561018824577
0.05704938992857933
0.05840890482068062
0.05980496108531952
0.0612480454146862
0.06258271634578705
0.06394927948713303
0.06531652063131332
0.06660056114196777
0.06781256198883057
0.06896232068538666
0.07003914564847946
0.07109106332063675
0.0720500648021698
0.06919243186712265
0.06653627008199692
0.06404139846563339
0.06167051941156387
0.059386443346738815
0.05716198682785034
0.0549943670630455
0.05287087708711624
0.0507720522582531
0.04871080443263054
0.04670766741037369
0.044737014919519424
0.0427875816822052
0.04114757105708122
0.0397120900452137
0.03843307122588158
0.037275709211826324
0.036204464733600616
0.035186104476451874
0.034191764891147614
0.033217765390872955
0.03230392560362816
0.03147654980421066
0.030732689425349236
0.029838068410754204
0.028953243046998978
0.028002923354506493
0.027027565985918045
0.02606288343667984
0.025347327813506126
0.02587088942527771
0.029540183022618294
0.04516168683767319
0.06379897147417068
0.08646751195192337
