0.19604253768920898
0.2051088511943817
0.20680373907089233
0.20876149833202362
0.21020430326461792
0.21139605343341827
0.21231572329998016
0.21306797862052917
0.21404416859149933
0.2149220108985901
0.21579194068908691
0.21669432520866394
0.21747788786888123
0.2181747406721115
0.21915556490421295
0.22019314765930176
0.22127601504325867
0.22240622341632843
0.22365118563175201
0.22524477541446686
0.22707034647464752
0.22923283278942108
0.2316979616880417
0.23469935357570648
0.23808908462524414
0.24188312888145447
0.24625253677368164
0.2512126863002777
0.2566062808036804
0.26228880882263184
0.2683500349521637
0.27494409680366516
0.014277028851211071
0.014666694216430187
0.014667749404907227
0.014550849795341492
0.014406123198568821
0.014292827807366848
0.24835790693759918
0.25375896692276
0.2591862380504608
0.2694554924964905
0.27998319268226624
0.3014926612377167
0.3257068693637848
0.34275582432746887
0.3536692261695862
0.3449558913707733
0.3362698554992676
0.3274414837360382
0.31843301653862
0.3092637062072754
0.2999750077724457
0.2906839847564697
0.2814061641693115
0.27217957377433777
0.2631343901157379
0.2537617087364197
0.24440762400627136
0.24059468507766724
0.23566243052482605
0.22752462327480316
0.21947826445102692
0.211411714553833
0.20331332087516785
0.1955047994852066
0.1878124326467514
0.18031266331672668
0.17306773364543915
0.16597332060337067
0.16241973638534546
0.15889997780323029
0.15340082347393036
0.1703227460384369
0.2032252699136734
0.25222834944725037
0.3242366313934326
0.4013593792915344
0.45314326882362366
4.170271396636963
12.420641899108887
15.817413330078125
17.780210494995117
20.533872604370117
22.51325035095215
23.837167739868164
24.775548934936523
25.503921508789062
26.153669357299805
26.72116470336914
27.21872901916504
27.836273193359375
28.52741050720215
29.132247924804688
29.623844146728516
30.012981414794922
30.337459564208984
