0.0067270901054143906
0.007266653701663017
0.007663493975996971
0.007889419794082642
0.008026310242712498
0.008112271316349506
0.008268402889370918
0.008317607454955578
0.008317654952406883
0.008317654952406883
0.008317654952406883
0.008317654952406883
0.008317655883729458
0.008317655883729458
0.008317655883729458
0.008317655883729458
0.008317655883729458
0.008317655883729458
0.008317655883729458
0.008317655883729458
0.008317655883729458
0.008317655883729458
0.008317655883729458
0.008317655883729458
0.008317655883729458
0.008317655883729458
