0.15922383964061737
0.16416329145431519
0.2072157859802246
0.22188369929790497
0.23067061603069305
0.236225888133049
0.23979614675045013
0.24257011711597443
0.245225191116333
0.24747654795646667
0.24944503605365753
0.25102612376213074
0.2524198889732361
0.2540261149406433
0.2554146945476532
0.2565830647945404
0.25762641429901123
0.2586038410663605
0.2595924139022827
0.26042497158050537
0.2611289322376251
0.26171058416366577
0.26255640387535095
0.2636168897151947
0.26446977257728577
0.265209823846817
0.26590487360954285
0.2664940059185028
0.26709187030792236
0.2677169144153595
0.2684108018875122
0.26935359835624695
0.024549715220928192
0.024434130638837814
0.024359839037060738
0.024300189688801765
0.024246737360954285
0.02259797602891922
0.20315717160701752
0.2232796996831894
0.23448315262794495
0.23896242678165436
0.24245068430900574
0.24772706627845764
0.2516269385814667
0.25849586725234985
0.2653220593929291
0.2750968337059021
0.28337299823760986
0.2905502915382385
0.2974959909915924
0.30431804060935974
0.31106922030448914
0.3180919587612152
0.32586798071861267
0.4590470492839813
0.9472274780273438
8.81618595123291
14.33975601196289
18.644819259643555
23.63264274597168
28.97421646118164
36.41109085083008
47.23975372314453
58.83449172973633
70.5108413696289
81.49857330322266
92.0400161743164
102.0523452758789
111.67549133300781
120.93358612060547
129.40602111816406
137.5853271484375
147.9119415283203
159.44241333007812
172.86524963378906
187.91734313964844
205.20053100585938
231.4328155517578
237.45045471191406
241.3473358154297
244.53736877441406
247.4765167236328
250.17010498046875
252.7711639404297
255.095947265625
257.61578369140625
260.7030944824219
263.7273864746094
266.7539978027344
269.8252868652344
285.1779479980469
305.9031066894531
318.6080017089844
327.4884948730469
333.8862609863281
