0.009755621664226055
0.009671684354543686
0.00944517645984888
0.009248626418411732
0.00896569062024355
0.008768806234002113
0.008700930513441563
0.008613345213234425
0.008484422229230404
0.008373156189918518
0.008286506868898869
0.00820943620055914
0.008135522715747356
0.008064933121204376
0.008001640439033508
0.007944188080728054
0.007890661247074604
0.007840491831302643
0.007794130127876997
0.007749244105070829
0.007706547621637583
0.007665733341127634
0.007626557257026434
0.007589173968881369
0.007553989998996258
0.007520630490034819
0.007488783448934555
0.007458717096596956
0.007430288940668106
0.007403262425214052
0.00737760728225112
0.0073530226945877075
0.0073293400928378105
0.007306426763534546
0.0013639930402860045
0.0012040670262649655
0.0011742450296878815
0.0011720957700163126
0.0011705440701916814
0.0011692214757204056
0.007565138395875692
0.007840420119464397
0.0077913673594594
0.007670849561691284
0.007550008594989777
0.007507584523409605
0.007471431978046894
0.007415838539600372
0.0073685673996806145
0.007324830628931522
0.007283514365553856
0.007244816981256008
0.007209099363535643
0.007176268380135298
0.007146029733121395
0.00711808679625392
0.007092336658388376
0.00706845847889781
0.007046143524348736
0.0070250630378723145
0.00700495857745409
0.00698566110804677
0.006967019755393267
0.006948902737349272
0.006931195966899395
0.006913816090673208
0.006896649952977896
0.006879560183733702
0.006862487178295851
0.006845350377261639
0.006828167475759983
0.006810986902564764
0.0067937979474663734
0.006776566617190838
0.006759254261851311
0.0067418296821415424
0.006724267732352018
0.006706548389047384
0.006688660942018032
0.006670599803328514
0.006652371492236853
0.0066339923068881035
0.006615485530346632
0.006596952676773071
0.006578411441296339
0.006559816654771566
0.006541190203279257
0.0065225218422710896
0.0065037887543439865
0.006484955549240112
0.006466016173362732
0.00644697155803442
0.006427850108593702
0.006408690009266138
0.0063895233906805515
0.00637033162638545
0.006351103540509939
