7.015248775482178
8.076394081115723
10.946453094482422
16.22342300415039
11.880650520324707
11.546302795410156
11.517843246459961
11.828885078430176
12.346420288085938
12.8511323928833
13.351091384887695
14.013239860534668
14.91027545928955
15.774934768676758
16.457609176635742
17.325590133666992
18.46702003479004
19.904264450073242
21.682878494262695
23.6846923828125
26.008447647094727
28.914031982421875
32.737815856933594
37.881378173828125
44.92124938964844
53.37626647949219
63.70954132080078
75.84234619140625
91.07478332519531
107.95509338378906
126.9482192993164
147.37396240234375
10.34610366821289
7.276462554931641
6.369274616241455
6.39858341217041
6.291783809661865
6.252080917358398
6.2238078117370605
128.7721710205078
200.1441192626953
194.29673767089844
228.8596954345703
273.0422058105469
310.4286804199219
344.5841064453125
378.091796875
412.16497802734375
436.8486633300781
453.2127380371094
468.9971923828125
482.0841064453125
491.5398864746094
499.4697570800781
506.6167297363281
512.7614135742188
517.7545166015625
521.8212280273438
525.0919189453125
527.515625
529.1100463867188
530.0550537109375
530.3784790039062
530.481689453125
529.7052612304688
528.6724243164062
527.251220703125
525.4698486328125
523.4232788085938
521.1961059570312
518.964111328125
516.744140625
514.1804809570312
511.5636291503906
508.81304931640625
505.99420166015625
503.2010192871094
500.4361267089844
497.723388671875
494.4756164550781
491.3645935058594
488.2552185058594
485.1827087402344
482.1596984863281
479.17108154296875
476.21148681640625
473.3080749511719
470.45550537109375
467.64825439453125
464.8650817871094
462.0770568847656
459.33123779296875
456.5960998535156
453.8825378417969
451.2017822265625
