0.1126716136932373
0.12363574653863907
0.14137588441371918
0.14865942299365997
0.1501883864402771
0.15080003440380096
0.15121683478355408
0.1517021805047989
0.15226969122886658
0.15288692712783813
0.15365181863307953
0.15430253744125366
0.1547655165195465
0.1552726775407791
0.15580853819847107
0.15630048513412476
0.15681837499141693
0.1573639214038849
0.15789327025413513
0.1584591120481491
0.15899711847305298
0.15950186550617218
0.1600586473941803
0.16085536777973175
0.16186963021755219
0.16299492120742798
0.164189413189888
0.16542714834213257
0.16679203510284424
0.1683378368616104
0.17015749216079712
0.1722036600112915
0.009575213305652142
0.007989197038114071
0.00782537367194891
0.007780795451253653
0.007767903618514538
0.007765303831547499
0.15534016489982605
0.1668834537267685
0.1731804460287094
0.17810459434986115
0.18239560723304749
0.1865365207195282
0.19069166481494904
0.19494961202144623
0.19936126470565796
0.20388995110988617
0.21027874946594238
0.2173357605934143
0.2247595340013504
0.23285558819770813
0.2411138415336609
0.24975411593914032
0.2588891088962555
0.268343061208725
0.2637561857700348
0.2590656280517578
0.2544702887535095
0.2498018592596054
0.2448434978723526
0.23977667093276978
0.23465195298194885
0.22948522865772247
0.22434158623218536
0.21925827860832214
0.214226633310318
0.20911920070648193
0.20376138389110565
0.19853568077087402
0.19339820742607117
0.18823334574699402
0.1830451339483261
0.17797327041625977
0.17302677035331726
0.1686479151248932
0.16716822981834412
0.16714216768741608
0.16779418289661407
0.16873978078365326
0.16974852979183197
0.17077785730361938
0.17180615663528442
0.1729804277420044
0.17417684197425842
0.17531727254390717
0.17615976929664612
0.1767408847808838
0.17729267477989197
0.17827211320400238
0.17976568639278412
0.18148207664489746
