0.02200840786099434
0.02754329703748226
0.030301421880722046
0.030592137947678566
0.03056163340806961
0.03059598058462143
0.030668629333376884
0.030759338289499283
0.030847644433379173
0.030983613803982735
0.031124509871006012
0.03132446110248566
0.031536590307950974
0.03172115236520767
0.031876347959041595
0.032020967453718185
0.03217605501413345
0.03234388306736946
0.03251964598894119
0.03270677477121353
0.03291359171271324
0.033128779381513596
0.03336566314101219
0.03365091606974602
0.03400043398141861
0.03441181406378746
0.0348752960562706
0.035386212170124054
0.03594334051012993
0.03654525801539421
0.03718610107898712
0.03786094859242439
0.001659601228311658
0.00131779455114156
0.0013530816650018096
0.0013657817617058754
0.00136508175637573
0.0013635476352646947
0.032197125256061554
0.03803263604640961
0.03973734378814697
0.040352486073970795
0.04093281179666519
0.04050852730870247
0.04006118327379227
0.03963583707809448
0.039207544177770615
0.03876560926437378
0.03832019120454788
0.037852343171834946
0.03732714056968689
0.036666709929704666
0.036023322492837906
0.035377275198698044
0.03471515700221062
0.03402719274163246
0.03334587439894676
0.032679226249456406
0.03201926127076149
0.03135216236114502
0.03067874163389206
0.029997950419783592
0.029308747500181198
0.0286174938082695
0.027926497161388397
0.027239426970481873
0.02656036615371704
0.025893565267324448
0.025238480418920517
0.02459346503019333
0.02395660988986492
0.023327242583036423
0.022707484662532806
0.02209579199552536
0.02149011567234993
0.020895276218652725
0.020310379564762115
0.01973635144531727
0.019171377643942833
0.018616808578372
0.018074175342917442
0.017542382702231407
0.01701907441020012
0.016503840684890747
0.015995940193533897
0.015506895259022713
0.015043840743601322
0.014602744951844215
0.01418027002364397
0.013774619437754154
0.013383186422288418
0.01300465501844883
