0.0065485769882798195
0.006994989234954119
0.007666632067412138
0.008289803750813007
0.00877687893807888
0.009219645522534847
0.009631303139030933
0.009841034188866615
0.009928551502525806
0.009995394386351109
0.01004076935350895
0.010102171450853348
0.01016242429614067
0.010213681496679783
0.01026797853410244
0.010325451381504536
0.010380316525697708
0.0104339849203825
0.010493657551705837
0.01055857539176941
0.01062640268355608
0.010704527609050274
0.010791509412229061
0.010900034569203854
0.01102740503847599
0.01117242593318224
0.01133605558425188
0.01152004487812519
0.01172176469117403
0.011938264593482018
0.012167032808065414
0.01240462251007557
0.0008152315858751535
0.0006997231394052505
0.0006844023009762168
0.0006938824662938714
0.0007083232048898935
0.0007217699312604964
0.012651053257286549
0.012945032678544521
0.012997334823012352
0.01308183278888464
0.013225190341472626
0.013413297943770885
0.013632440008223057
0.013875198550522327
0.01413651928305626
0.014417912811040878
0.014714713208377361
0.01502872072160244
0.015353655442595482
0.015690870583057404
0.01604042761027813
0.016405198723077774
0.01680462621152401
0.017240263521671295
0.01769808679819107
0.01808614283800125
0.01847127079963684
0.01886589266359806
0.01923074759542942
0.019592320546507835
0.019959982484579086
0.020331747829914093
0.02070842869579792
0.02109169214963913
0.02146921120584011
0.02184453420341015
0.022219490259885788
0.02259420044720173
0.022967400029301643
0.02333831787109375
0.023705510422587395
0.024064963683485985
0.024413401260972023
0.024753399193286896
0.025084955617785454
0.025410113856196404
0.025729486718773842
0.0260432418435812
0.026352180168032646
0.02665717713534832
0.026959819719195366
0.02725759521126747
0.027551576495170593
0.027838924899697304
0.028122425079345703
0.028403390198946
0.028691474348306656
0.028969524428248405
0.029247604310512543
0.029509438201785088
