0.49018144607543945
0.5513162016868591
0.9678550958633423
0.9937587976455688
0.9955113530158997
0.9988886713981628
1.0034770965576172
1.0125712156295776
1.025056004524231
1.0396567583084106
1.054642915725708
1.0693738460540771
1.0809262990951538
1.0901235342025757
1.0984268188476562
1.1106396913528442
1.1242629289627075
1.1398022174835205
1.1523792743682861
1.1673346757888794
1.1832810640335083
1.2011065483093262
1.223091959953308
1.2504284381866455
1.2790772914886475
1.3127562999725342
1.348066806793213
1.3888955116271973
1.4335453510284424
1.484206199645996
1.5430219173431396
1.6202144622802734
0.03362266719341278
0.03355059772729874
0.033509835600852966
0.033478204160928726
0.034880124032497406
0.034926947206258774
1.2439526319503784
1.454972267150879
1.7133336067199707
2.006465435028076
2.1704933643341064
2.175208568572998
2.1751890182495117
2.177217721939087
2.180830717086792
2.1848645210266113
2.173464775085449
3.9367363452911377
7.084719181060791
10.619986534118652
13.405634880065918
16.3166446685791
19.25665855407715
22.96989631652832
27.31815528869629
32.04120635986328
36.99282455444336
42.25309371948242
47.52926254272461
52.79402542114258
58.149410247802734
63.71596908569336
69.04339599609375
74.23046112060547
79.3199691772461
84.05923461914062
88.44767761230469
92.86976623535156
97.43319702148438
102.21540069580078
107.06451416015625
111.82090759277344
116.25334167480469
120.25994873046875
123.71715545654297
126.6351547241211
129.06817626953125
131.08045959472656
132.68609619140625
133.96681213378906
135.11294555664062
136.1627655029297
137.0000457763672
137.67921447753906
138.1778564453125
138.5424346923828
138.8274383544922
139.07518005371094
139.29537963867188
139.44126892089844
