8.995065689086914
13.59774398803711
11.171889305114746
8.902931213378906
7.836994171142578
7.3435258865356445
7.147938251495361
7.098620414733887
7.1063971519470215
7.069622993469238
7.014791488647461
6.961346626281738
6.919496536254883
6.896178245544434
6.89633321762085
6.894227981567383
6.876386642456055
6.867456912994385
6.872936725616455
6.895052433013916
6.9097161293029785
6.939147472381592
6.991898059844971
7.066927433013916
7.160038471221924
7.269917011260986
7.39735221862793
7.543872833251953
7.712610244750977
7.908085823059082
8.134961128234863
8.400382995605469
0.5693538784980774
0.5164380073547363
0.5195574760437012
0.518889307975769
0.5249016284942627
0.5388619303703308
11.09617805480957
11.33849811553955
11.574078559875488
11.964875221252441
12.444856643676758
12.966341972351074
13.511042594909668
14.113529205322266
14.76935863494873
15.505181312561035
16.305633544921875
17.147245407104492
18.001096725463867
18.866153717041016
19.744293212890625
20.63233184814453
21.527690887451172
22.421977996826172
23.304407119750977
24.17043685913086
25.089738845825195
25.919816970825195
26.681217193603516
27.371891021728516
27.994144439697266
28.540124893188477
29.01107406616211
29.409000396728516
29.73999786376953
30.012475967407227
30.23728370666504
30.421022415161133
30.566038131713867
30.67452621459961
30.750492095947266
30.802352905273438
30.836454391479492
30.84903907775879
30.84071922302246
30.814598083496094
30.775249481201172
30.72671890258789
30.670963287353516
30.609272003173828
30.542423248291016
30.47193717956543
30.39720916748047
30.317777633666992
30.23477554321289
30.150360107421875
30.063678741455078
29.97987937927246
29.899309158325195
29.821577072143555
