0.021303297951817513
0.023211853578686714
0.026343489065766335
0.029165633022785187
0.03035586327314377
0.030683288350701332
0.03102915920317173
0.03132243454456329
0.03152447193861008
0.0316535122692585
0.03175763040781021
0.03188830241560936
0.03205525130033493
0.0322403721511364
0.032399386167526245
0.03251638263463974
0.032606761902570724
0.0326838418841362
0.032761044800281525
0.032842203974723816
0.03293655812740326
0.03304069861769676
0.033162858337163925
0.033288996666669846
0.033417705446481705
0.03356305509805679
0.0337233692407608
0.03390269726514816
0.03411533311009407
0.03436538204550743
0.03465286269783974
0.03497365117073059
0.0024265581741929054
0.001979317981749773
0.0017837961204349995
0.0016952268779277802
0.0016391619574278593
0.0016018266323953867
0.028387416154146194
0.03232651948928833
0.03416679427027702
0.035398248583078384
0.03632991015911102
0.037086352705955505
0.0377446711063385
0.03835039585828781
0.03893980756402016
0.03953108191490173
0.04014299064874649
0.0407860167324543
0.041463568806648254
0.042174410074949265
0.04292195662856102
0.04369932785630226
0.04450574517250061
0.04534221813082695
0.04620456323027611
0.04709109663963318
0.048001307994127274
0.04889943078160286
0.04976019263267517
0.05065268650650978
0.051544565707445145
0.05240627005696297
0.053264226764440536
0.054126907140016556
0.05499602109193802
0.055875640362501144
0.05678505823016167
0.05662912875413895
0.055471427738666534
0.054400213062763214
0.05336789786815643
0.0523601770401001
0.051365725696086884
0.050382036715745926
0.049412801861763
0.048458442091941833
0.04752377048134804
0.04660715162754059
0.04570779576897621
0.04482170194387436
0.04394829645752907
0.04308640584349632
0.04223807528614998
0.041401445865631104
0.040576156228780746
0.03976193070411682
0.0389593206346035
0.03816911205649376
0.03739137575030327
0.036623816937208176
