0.4821763336658478
0.5126135349273682
0.6600845456123352
0.97673100233078
1.004769206047058
1.007240653038025
1.0117872953414917
1.0196350812911987
1.028465747833252
1.0395270586013794
1.0514532327651978
1.060439109802246
1.0716516971588135
1.0828360319137573
1.0904263257980347
1.0983011722564697
1.105630874633789
1.1125497817993164
1.1214216947555542
1.1306172609329224
1.1397730112075806
1.149243950843811
1.1591111421585083
1.1713991165161133
1.1854318380355835
1.1980571746826172
1.2117130756378174
1.2279815673828125
1.2461721897125244
1.2674715518951416
1.2894957065582275
1.3127381801605225
0.032522473484277725
0.0324552021920681
0.033161114901304245
0.03352869302034378
0.03363915905356407
0.033658403903245926
1.0812609195709229
1.2423368692398071
1.3318390846252441
1.4207178354263306
1.4997825622558594
1.5870578289031982
1.6893645524978638
1.8133530616760254
1.9652249813079834
2.0472872257232666
2.0241799354553223
2.039376974105835
2.075942277908325
2.126870632171631
2.1907143592834473
3.7128474712371826
9.874713897705078
13.608729362487793
17.49776268005371
18.7756290435791
21.359018325805664
25.330764770507812
29.352325439453125
33.366947174072266
37.36729049682617
41.36887741088867
45.345829010009766
49.315452575683594
53.998661041259766
59.36076354980469
65.66950988769531
72.14824676513672
78.35893249511719
84.27047729492188
89.94776153564453
95.39453125
100.5299301147461
105.33084106445312
109.85003662109375
114.11648559570312
118.35332489013672
122.25564575195312
125.86583709716797
129.1519012451172
132.1027069091797
134.65692138671875
136.83004760742188
138.6997528076172
140.2986602783203
141.6726837158203
142.8876495361328
143.9907684326172
145.02020263671875
145.98695373535156
147.01829528808594
