1499.999755859375
1500.0
1499.9998779296875
1500.0
1500.0
1500.0
1500.0
1500.0
1500.0
1500.0
1500.0
1500.0
1500.0
1500.0
1500.0
1500.0
1500.0
1500.0
1500.0
1500.0
1500.0
1500.0
1500.0
1500.0
1500.0
1500.0
1500.0
1500.0
1500.0
1500.0
1500.0
1500.0
100.0
100.0
100.0
100.0
100.0
100.0
1500.0
1500.0
1500.0
1433.5296630859375
1385.1890869140625
1343.0352783203125
1302.6510009765625
1262.07177734375
1221.2005615234375
1180.1297607421875
1159.974365234375
1140.062255859375
1100.04736328125
1060.5557861328125
1021.395751953125
982.6939697265625
944.7598876953125
908.2184448242188
872.9859008789062
838.7628784179688
805.5076293945312
773.04248046875
741.279541015625
710.312744140625
680.2079467773438
651.2401733398438
623.6827392578125
597.4383544921875
572.5234985351562
548.8424072265625
526.2259521484375
504.5703430175781
483.7321472167969
463.5329284667969
444.09869384765625
425.4992370605469
407.8184509277344
391.11334228515625
374.7427673339844
358.8398132324219
344.345947265625
331.56317138671875
320.2163391113281
309.9281005859375
300.3923645019531
291.36285400390625
282.7049255371094
274.4740295410156
266.6763000488281
259.2987976074219
252.3214111328125
245.69383239746094
239.4107208251953
233.4349365234375
227.75503540039062
