1499.997314453125
1500.0
1500.0
1500.0
1500.0
1500.0015869140625
1500.0
1500.0
1500.0
1500.0
1500.0
1500.0
1500.0
1500.0
1500.0
1500.0
1500.0
1500.0
1500.0
1500.0
1500.0
1500.0
1500.0
1500.0
1500.0
1500.0
1500.0
1500.0
1500.0
1500.0
1500.0
1500.0
99.9984359741211
100.0
100.0
100.0
100.0
100.0
1500.0
1499.999755859375
1500.0
1500.0
1500.0
1500.0
1500.0
1500.0
1500.0
1500.0
1500.0
1500.0
1500.0
1500.0
1500.0
1500.0
1500.0
1500.0
1500.0
1500.0
1500.0
1500.0
1500.0
1500.0
1500.0
1500.0
1500.0
1500.0
1500.0
1500.0
1500.0
1500.0
1500.0
1500.0
1500.0
1500.0
1487.6268310546875
1426.196044921875
1376.966064453125
1334.4051513671875
1292.0501708984375
1250.6004638671875
1211.55419921875
1174.6231689453125
1139.778076171875
1106.5770263671875
1074.908203125
1044.5433349609375
1014.8641967773438
985.587646484375
957.76025390625
931.51806640625
905.5036010742188
880.5541381835938
856.2788696289062
