1499.998779296875
1500.0
1500.0
1500.0
1499.9998779296875
1500.0
1500.0
1500.0
1500.0
1500.0
1500.0
1500.0
1500.0
1499.9801025390625
1499.9998779296875
1500.0
1500.0
1500.0
1500.0
1500.0
1500.0
1500.0
1500.0
1500.0
1500.0
1500.0
1500.0
1500.0
1500.0
1500.0
1500.0
1500.0
100.00045776367188
100.0
100.0
100.0
100.0
100.0
1500.0
1500.0
1500.0
1500.0
1500.0
1500.0
1500.0
1500.0
1500.0
1500.0
1500.0
1500.0
1500.0
1500.0
1500.0
1500.0
1500.0
1500.0
1500.0
1500.0
1500.0
1500.0
1500.0
1500.0
1500.0
1500.0
1500.0
1462.842041015625
1405.8564453125
1351.950927734375
1299.7447509765625
1249.8043212890625
1202.3045654296875
1157.1995849609375
1114.295654296875
1073.38232421875
1034.1402587890625
996.2080078125
959.4845581054688
924.0076904296875
889.86279296875
856.6716918945312
824.5744018554688
793.794677734375
768.5153198242188
746.3036499023438
725.4503784179688
705.4960327148438
686.6141357421875
669.3204345703125
653.0779418945312
637.356689453125
622.0933837890625
607.012451171875
