1499.9998779296875
1500.0
1500.0
1500.0
1500.0
1499.9996337890625
1500.0
1500.0
1500.0
1500.0
1500.0
1500.0
1500.0
1500.0
1500.0
1500.0
1500.0
1500.0
1500.0
1500.0
1500.0
1500.0
1500.0
1500.0
1500.0
1500.0
1500.0
1500.0
1500.0
1500.0
1500.0
1500.0
100.0
100.00001525878906
100.0
100.0
100.0
100.0
1500.0
1500.0
1500.0
1500.0
1500.0
1500.0
1464.8321533203125
1405.5548095703125
1354.4075927734375
1306.1954345703125
1259.63037109375
1214.304443359375
1192.1163330078125
1170.1422119140625
1126.94921875
1084.967529296875
1044.1719970703125
1004.4774169921875
965.8760986328125
928.427001953125
892.059326171875
856.6697387695312
822.348388671875
789.7734375
759.036865234375
729.942138671875
702.2496948242188
675.7838745117188
650.44580078125
626.1461181640625
602.8012084960938
580.3076171875
569.3523559570312
558.6018676757812
537.822998046875
517.825439453125
498.5750732421875
480.0885009765625
462.3703918457031
445.3692626953125
429.13226318359375
413.5821533203125
398.70941162109375
384.500244140625
370.9383239746094
357.99517822265625
345.64166259765625
333.8518981933594
322.587158203125
311.7046203613281
301.3775939941406
291.35498046875
281.56036376953125
272.57427978515625
264.111328125
255.95071411132812
