1499.999755859375
1500.0
1499.9998779296875
1500.0
1500.0
1500.0
1500.0
1500.0
1500.0
1500.0
1500.0
1500.0
1500.0
1500.0
1500.0
1500.0
1500.0
1500.0
1500.0
1500.0
1500.0
1500.0
1500.0
1500.0
1500.0
1500.0
1500.0
1500.0
1500.0
1500.0
1500.0
1500.0
99.99999237060547
100.0
100.0
100.0
100.0
100.0
1500.0
1500.0
1500.0
1500.0
1500.0
1500.0
1500.0
1500.0
1500.0
1500.0
1500.0
1500.0
1500.0
1500.0
1500.0
1500.0
1500.0
1491.1043701171875
1434.4166259765625
1379.8851318359375
1326.607421875
1274.4322509765625
1223.4080810546875
1173.739013671875
1125.652587890625
1079.2911376953125
1034.5313720703125
991.402099609375
949.8540649414062
909.882080078125
871.5146484375
834.6660766601562
816.751708984375
799.21240234375
765.3555908203125
732.8380126953125
701.658447265625
671.875244140625
643.7346801757812
616.8025512695312
591.1512451171875
566.88134765625
543.902099609375
522.163818359375
501.5891418457031
481.9815979003906
463.1805725097656
444.3245544433594
427.86651611328125
412.23236083984375
397.4240417480469
383.3926696777344
370.08319091796875
357.427978515625
345.3701171875
333.8560485839844
