1500.0
1235.730712890625
1078.78271484375
1048.986083984375
1030.931640625
1012.2241821289062
995.1054077148438
979.2373657226562
965.6849975585938
954.0458984375
942.3016357421875
931.1978759765625
920.944091796875
911.344482421875
902.8801879882812
894.684326171875
886.3944091796875
877.9493408203125
869.2011108398438
859.8936767578125
849.8997192382812
839.1735229492188
827.3184204101562
814.0379638671875
799.3286743164062
783.2799072265625
766.0405883789062
747.8480834960938
729.4346313476562
711.7723999023438
694.3937377929688
677.085693359375
100.0
100.0
100.0
100.0
100.0
100.0
670.38525390625
633.8949584960938
611.475341796875
593.8352661132812
577.4234008789062
561.52587890625
545.868896484375
530.31494140625
514.7590942382812
499.2417907714844
483.9351501464844
468.8947448730469
454.2597961425781
440.1661071777344
426.53521728515625
413.0466003417969
399.36553955078125
385.5751953125
371.6940002441406
357.9004821777344
344.2711486816406
330.9078369140625
317.8177795410156
305.0403747558594
292.6440734863281
280.6578674316406
269.09417724609375
257.9489440917969
247.3052215576172
237.15365600585938
227.38169860839844
217.98626708984375
208.92506408691406
200.20416259765625
191.83084106445312
183.7842254638672
175.67825317382812
168.09881591796875
160.955810546875
154.16448974609375
147.71453857421875
141.60780334472656
135.81826782226562
130.28643798828125
125.03247833251953
120.04266357421875
115.29573059082031
110.78599548339844
106.4942398071289
102.38629913330078
98.47394561767578
94.42578125
90.62340545654297
87.15352630615234
