1360.2626953125
1009.0481567382812
797.5941162109375
691.3621215820312
645.5801391601562
624.2706909179688
607.6312866210938
591.8298950195312
576.0087280273438
560.2642211914062
545.4240112304688
531.7086791992188
518.0165405273438
504.4282531738281
490.8877868652344
477.0856018066406
462.82110595703125
448.1300354003906
433.1528015136719
418.1189270019531
402.98504638671875
387.8920593261719
372.83917236328125
360.01190185546875
348.80572509765625
337.38592529296875
326.1430358886719
315.5371398925781
305.8936462402344
296.685791015625
287.73504638671875
279.098876953125
100.0
100.0
100.0
100.0
100.0
100.0
365.3597106933594
275.9053955078125
256.7244873046875
252.2420196533203
250.23223876953125
248.3699951171875
246.1440887451172
243.6017608642578
240.86936950683594
238.04598999023438
235.1189727783203
232.14137268066406
229.19581604003906
226.24838256835938
223.35134887695312
220.36093139648438
217.2674102783203
214.06881713867188
210.79891967773438
207.49786376953125
204.2752685546875
200.98902893066406
197.64053344726562
194.2591552734375
190.79364013671875
187.25460815429688
183.63076782226562
180.18377685546875
176.72314453125
173.33175659179688
169.98654174804688
166.64456176757812
163.23838806152344
159.7405242919922
156.1388397216797
152.47080993652344
148.81666564941406
145.2195587158203
141.82687377929688
138.48635864257812
135.2480926513672
132.1359405517578
129.15042114257812
127.249755859375
126.33246612548828
123.5153579711914
120.78384399414062
118.10316467285156
115.4493408203125
112.82706451416016
110.24790954589844
107.7188720703125
105.25242614746094
102.86917877197266
100.56510925292969
