1500.0
1500.0
1500.0
1500.0
1499.999267578125
1500.0167236328125
1500.0
1500.0
1500.0
1500.0
1500.0
1500.0
1489.8809814453125
1466.793212890625
1441.78271484375
1416.046875
1388.1358642578125
1359.30322265625
1332.13427734375
1306.17529296875
1283.6971435546875
1263.736572265625
1243.604736328125
1224.822509765625
1204.3197021484375
1182.345947265625
1155.7449951171875
1126.613037109375
1098.7059326171875
1068.800537109375
1037.8079833984375
1005.8917236328125
100.0
100.0
100.0
100.0
100.0
100.0
1269.75830078125
1040.362548828125
927.1063232421875
869.091064453125
836.3743286132812
807.6962890625
776.6569213867188
743.9906005859375
710.5370483398438
685.3744506835938
664.6385498046875
647.801025390625
631.7070922851562
615.9141845703125
600.2572021484375
584.8949584960938
569.6976318359375
554.638671875
539.6785278320312
524.7678833007812
509.9259033203125
495.215576171875
480.68359375
466.3865966796875
452.3963317871094
438.7881774902344
425.6103210449219
412.82501220703125
400.4091796875
388.3023376464844
376.5461120605469
365.20513916015625
359.7130432128906
354.287841796875
343.841064453125
333.8559875488281
324.2232360839844
314.9262390136719
305.944580078125
297.2485046386719
288.8196716308594
280.6648254394531
272.8328857421875
265.4095764160156
258.24505615234375
251.3308563232422
244.68026733398438
238.2791748046875
232.13467407226562
226.26345825195312
220.645263671875
215.27391052246094
210.1411590576172
205.2327880859375
200.53659057617188
