1360.9560546875
1009.4297485351562
796.7593994140625
690.1892700195312
644.7457885742188
623.2971801757812
606.455078125
590.2460327148438
574.0167846679688
557.9093017578125
542.7848510742188
528.6495971679688
514.5029296875
500.4538269042969
486.3860778808594
472.04461669921875
457.0511169433594
441.6258544921875
426.0289611816406
410.4232177734375
394.7979736328125
379.1652526855469
363.8650207519531
351.87384033203125
340.1953125
328.2809143066406
316.63531494140625
306.6769714355469
296.9513244628906
287.65521240234375
279.2059020996094
274.0611572265625
100.0
100.0
99.99991607666016
100.0
100.0
100.0
356.02923583984375
272.8101501464844
253.29669189453125
248.92669677734375
246.85653686523438
245.0034942626953
242.80181884765625
240.27792358398438
237.5394744873047
234.62783813476562
231.6014404296875
228.54347229003906
225.45008850097656
222.47406005859375
219.44874572753906
216.33078002929688
213.10787963867188
209.8383331298828
206.55810546875
203.2918243408203
199.96676635742188
196.56146240234375
193.1082305908203
189.5609588623047
185.9178466796875
182.2530059814453
178.68663024902344
175.17343139648438
171.72166442871094
168.31614685058594
164.8807830810547
161.34852600097656
157.69593811035156
153.93373107910156
150.16493225097656
146.42752075195312
142.86138916015625
139.4132843017578
136.0642852783203
132.8450164794922
129.75921630859375
127.79531860351562
126.843017578125
123.92858123779297
121.10405731201172
118.32467651367188
115.58260345458984
112.88179779052734
110.23654174804688
107.64789581298828
105.12943267822266
102.69755554199219
100.34963989257812
98.08873748779297
95.91453552246094
