1500.0
1500.0
1500.0
1500.0
1500.0
1500.0003662109375
1500.0
1500.0
1500.0
1500.0
1500.0
1500.0
1500.0
1500.0
1500.0
1500.0
1500.0
1500.0
1500.0
1500.0
1500.0
1500.0
1499.99951171875
1500.0
1500.0
1500.0
1500.0
1500.0
1500.0
1500.0
1500.0
1500.0
99.99298858642578
100.0
100.0
100.0
100.0
100.0
1500.0
1500.0
1500.0
1500.0
1500.0
1500.0
1500.0
1500.0
1500.0
1500.0
1500.0
1500.0
1500.0
1500.0
1500.0
1500.0
1500.0
1500.0
1500.0
1500.0
1500.0
1500.0
1493.432861328125
1423.6444091796875
1363.487060546875
1310.5416259765625
1257.3564453125
1206.978271484375
1157.7353515625
1108.5736083984375
1059.1998291015625
1009.3021240234375
958.6404418945312
909.0528564453125
866.0009155273438
823.6111450195312
784.9371948242188
748.8352661132812
714.5206909179688
682.1765747070312
651.869873046875
634.090087890625
625.639404296875
601.3480834960938
577.9561767578125
554.8665161132812
531.8450927734375
508.7486572265625
488.8570556640625
472.0668029785156
455.7801208496094
439.43792724609375
423.8749694824219
409.12274169921875
394.7533264160156
