1500.0
1500.0
1500.0
1500.0
1500.0
1500.0
1500.0
1500.0
1500.0
1500.0
1500.0
1500.0
1500.0
1500.0
1500.0
1500.0
1500.0
1500.0
1500.0
1500.0
1500.0
1500.0
1500.0
1500.0
1500.0
1500.0
1500.0
1500.0
1500.0
1500.0
1500.0
1500.0
100.0
100.0
100.0
100.0
100.0
100.0
1500.0
1500.0
1500.0
1500.0
1500.0
1500.0
1500.0
1500.0
1500.0
1500.0
1455.63525390625
1411.7838134765625
1390.36083984375
1368.8397216796875
1324.8885498046875
1280.500732421875
1235.6876220703125
1190.700439453125
1145.862548828125
1101.2974853515625
1057.2449951171875
1013.9727783203125
971.824462890625
931.2058715820312
892.84619140625
856.6156005859375
822.1393432617188
789.27294921875
757.8001708984375
727.605712890625
698.5626220703125
670.6149291992188
643.7251586914062
617.849853515625
592.8807983398438
568.8189086914062
545.7283935546875
523.5906372070312
502.3253173828125
481.8716735839844
462.181884765625
443.2231140136719
424.95526123046875
407.4233093261719
390.6444091796875
374.627685546875
359.3235168457031
344.7203063964844
330.451416015625
317.0352783203125
304.2228698730469
291.89959716796875
279.693603515625
268.74114990234375
258.3410949707031
