1500.0
1491.2059326171875
1069.152099609375
946.888916015625
904.6878051757812
870.944091796875
840.2909545898438
811.2271728515625
780.237548828125
757.9637451171875
739.1871337890625
720.931396484375
701.9467163085938
682.6698608398438
665.0782470703125
650.3292846679688
637.4321899414062
623.214111328125
609.0848388671875
595.370361328125
581.5963745117188
568.4376220703125
557.4202270507812
548.3092651367188
540.24365234375
532.4266967773438
524.1856689453125
515.348876953125
505.9175720214844
496.44317626953125
487.1219177246094
477.37738037109375
100.0
99.99925994873047
100.0
100.0
100.0
100.0
770.6707153320312
572.2736206054688
484.8044738769531
436.431640625
412.08056640625
398.9203796386719
388.31854248046875
377.75054931640625
370.6436462402344
362.73394775390625
354.3331604003906
345.6123962402344
337.3526916503906
329.80218505859375
322.3791198730469
315.103759765625
308.29931640625
301.4485778808594
294.9076843261719
289.0765380859375
283.0997314453125
277.02227783203125
270.8930969238281
264.80706787109375
258.7535400390625
252.7472381591797
246.78515625
240.88807678222656
235.0678253173828
229.3460235595703
223.72303771972656
218.22067260742188
212.86026000976562
207.66220092773438
202.6403045654297
197.7861328125
193.09939575195312
188.52719116210938
184.06224060058594
179.7247314453125
175.5518341064453
171.5419464111328
167.69717407226562
164.00619506835938
160.46615600585938
157.10519409179688
153.93121337890625
150.84170532226562
147.8522186279297
144.96348571777344
142.14590454101562
139.39944458007812
136.74734497070312
134.16168212890625
