1500.0
1500.0
1500.0
1500.0
1500.0
1499.9990234375
1500.0
1500.0
1500.0
1500.0
1500.0
1500.0
1500.0
1500.0
1500.0
1500.0
1500.0
1500.0
1500.0
1500.0
1500.0
1500.0
1500.0
1500.0
1500.0
1500.0
1500.0
1500.0
1464.7144775390625
1413.06787109375
1363.3302001953125
1313.9920654296875
1264.10791015625
96.83949279785156
100.0
100.00000762939453
100.0
99.99966430664062
100.00000762939453
1500.0
1461.839111328125
1336.9869384765625
1192.193359375
1110.7388916015625
1049.6915283203125
997.0289306640625
948.374755859375
901.8744506835938
872.0526733398438
857.4945678710938
815.2969360351562
775.2225341796875
737.90283203125
703.0972900390625
670.5191040039062
639.7117919921875
610.4347534179688
582.557373046875
555.973876953125
530.598388671875
506.3236083984375
483.114013671875
460.9384765625
439.75927734375
419.5770568847656
400.3197021484375
381.9452819824219
364.3964538574219
347.7483215332031
331.96649169921875
316.978759765625
302.4427185058594
288.7770690917969
276.0075988769531
263.7703552246094
252.20977783203125
241.27713012695312
230.66639709472656
220.68167114257812
211.39996337890625
202.55392456054688
194.13046264648438
186.12831115722656
178.57220458984375
171.43116760253906
164.68563842773438
158.3048553466797
152.13458251953125
146.30410766601562
140.86981201171875
135.72616577148438
130.8351593017578
126.1843032836914
121.76649475097656
117.57674407958984
113.54951477050781
