1489.369384765625
1493.674560546875
1500.0
1500.0
1500.0
1500.0
1500.0
1500.0
1500.0
1500.0
1500.0
1500.0
1500.0
1500.0
1500.0
1500.0
1500.0
1500.0
1500.0
1500.0
1500.0
1500.0
1500.0
1500.0
1500.0
1500.0
1500.0
1500.0
1500.0
1500.0
1500.0
1500.0
1500.0
100.0
99.99490356445312
100.0
100.0
100.0
100.0
100.0
1499.99951171875
1499.9998779296875
1500.0
1500.0
1500.0
1469.3076171875
1355.475830078125
1252.2557373046875
1158.8145751953125
1073.320556640625
998.9280395507812
933.2417602539062
874.654541015625
822.55322265625
775.3173828125
732.3237915039062
693.170166015625
656.2964477539062
619.9071044921875
588.3821411132812
557.4630126953125
525.8094482421875
498.3673095703125
474.95867919921875
449.4687805175781
429.12823486328125
408.7994689941406
387.9906005859375
372.1142578125
356.17962646484375
339.5547790527344
322.4395751953125
305.147216796875
290.46820068359375
276.8000793457031
258.34228515625
230.56710815429688
191.2626495361328
165.18165588378906
150.47825622558594
140.4211883544922
133.4219207763672
128.43673706054688
123.84757995605469
119.9863510131836
116.63444519042969
113.63031005859375
110.86351776123047
108.29010009765625
105.9524917602539
103.74443817138672
101.62224578857422
99.54916381835938
97.48944854736328
