1500.0
1500.0
1500.0001220703125
1500.0
1500.0
1499.998291015625
1500.0
1500.0
1500.0
1500.0
1500.0
1500.0
1500.0
1500.0
1500.0
1500.0
1500.0
1500.0
1500.0
1500.0
1500.0
1500.0
1500.0
1500.0
1500.0
1500.0
1500.0
1500.0
1500.0
1500.0
1500.0
1500.0
1500.0
99.99832153320312
100.0007553100586
100.0
100.0
100.0
100.0
100.0
1500.0
1500.0
1500.0
1500.0
1500.0
1500.0
1500.0
1500.0
1500.0001220703125
1500.0
1500.0
1500.0
1500.0
1500.0
1500.0
1500.0
1500.0
1500.0
1500.0
1500.0
1500.0
1500.0
1500.0
1500.0
1500.0
1500.0
1481.70556640625
1421.015380859375
1369.32666015625
1324.042724609375
1282.1890869140625
1242.0828857421875
1203.22998046875
1168.9866943359375
1136.2586669921875
1104.27392578125
1073.3621826171875
1045.9097900390625
1021.4905395507812
997.3262329101562
972.9945678710938
947.3617553710938
920.2307739257812
891.8506469726562
863.5746459960938
837.7118530273438
816.3460083007812
797.1762084960938
777.41845703125
759.9713745117188
741.676025390625
724.2830810546875
706.100830078125
687.4946899414062
