1500.0
1499.93505859375
1095.91748046875
888.695556640625
727.8048706054688
636.410400390625
600.0280151367188
584.2537231445312
573.9230346679688
553.6868286132812
543.0382080078125
524.7484741210938
509.3952941894531
496.3357849121094
485.4605407714844
476.6873779296875
469.7770690917969
464.30535888671875
459.96893310546875
456.497802734375
453.7801513671875
451.5870056152344
449.70782470703125
448.0115661621094
446.5855712890625
445.4377746582031
444.5127258300781
443.7972717285156
443.26055908203125
442.8660583496094
442.58111572265625
442.3753662109375
442.2197265625
442.0713806152344
441.91436767578125
441.7281799316406
100.0
99.99453735351562
100.0
100.0
100.0
100.0
759.1090087890625
742.2081909179688
619.6940307617188
573.1981201171875
548.8140869140625
537.1512451171875
523.0140380859375
498.65826416015625
482.9042663574219
472.4645690917969
465.1003723144531
459.1823425292969
453.77777099609375
448.6465759277344
443.8148498535156
439.34686279296875
435.2822570800781
431.587646484375
428.2212219238281
425.090576171875
422.1574401855469
419.42315673828125
416.8885498046875
414.5108642578125
412.2184143066406
409.95556640625
407.6938781738281
405.4259033203125
403.14984130859375
400.88348388671875
398.6382751464844
396.41729736328125
394.2195129394531
392.04833984375
389.89849853515625
387.7676696777344
385.6614990234375
383.5844421386719
381.531494140625
379.4947814941406
377.4678039550781
375.44390869140625
373.4143981933594
371.3849792480469
369.34881591796875
367.307861328125
365.2698059082031
363.2420349121094
361.2300720214844
359.24078369140625
357.286865234375
355.3841247558594
353.5429382324219
351.7673034667969
350.0540771484375
348.3917541503906
346.7669372558594
