1141.8712158203125
784.22998046875
569.5642700195312
488.8945007324219
444.306396484375
416.5184631347656
399.4654541015625
391.6026916503906
386.362060546875
374.4901428222656
366.03076171875
347.2894592285156
333.13189697265625
322.877197265625
315.9524230957031
311.3066101074219
307.9490966796875
304.88348388671875
301.64190673828125
297.91986083984375
293.7652282714844
289.2964782714844
284.71551513671875
280.1523742675781
275.5954284667969
271.00054931640625
266.348388671875
261.6500244140625
257.0243225097656
252.3401336669922
247.62705993652344
243.16514587402344
239.68353271484375
236.85337829589844
234.39169311523438
232.14682006835938
100.0
99.99994659423828
100.0
99.9999771118164
100.0
100.0
437.70654296875
398.20794677734375
337.4111633300781
301.5387878417969
278.8065490722656
264.44775390625
250.89208984375
232.17242431640625
220.68910217285156
213.7628631591797
209.70382690429688
207.53016662597656
206.0384063720703
205.1005401611328
204.4549560546875
203.95416259765625
203.5335235595703
203.1326446533203
202.6932830810547
202.17971801757812
201.69802856445312
201.2156524658203
200.67063903808594
200.03976440429688
199.32240295410156
198.5279083251953
197.66445922851562
196.7384490966797
195.7432403564453
194.7117462158203
193.6312713623047
192.46620178222656
191.18865966796875
189.77032470703125
188.2023162841797
186.51060485839844
184.7240753173828
182.84744262695312
180.88980102539062
178.8574676513672
176.71575927734375
174.4411163330078
172.2041015625
170.10440063476562
168.09877014160156
166.14776611328125
164.25579833984375
162.437255859375
160.72914123535156
159.09298706054688
157.42449951171875
155.70950317382812
153.95733642578125
152.20916748046875
150.48141479492188
148.7620086669922
147.0206756591797
