54.94679260253906
54.543052673339844
53.190765380859375
51.85752868652344
50.6094856262207
48.64933395385742
47.7142219543457
46.12407684326172
44.38853454589844
43.644020080566406
42.99505615234375
41.936317443847656
41.06621551513672
40.35248565673828
39.759033203125
39.25263977050781
38.80632781982422
38.366539001464844
37.49553680419922
36.74790954589844
36.075958251953125
35.511207580566406
35.031219482421875
34.626277923583984
34.286277770996094
33.99999237060547
33.75628662109375
33.54566192626953
33.3604850769043
33.194969177246094
33.04443359375
32.904972076416016
32.77357482910156
32.64797592163086
32.52656173706055
32.40821838378906
32.3036994934082
32.18830108642578
32.09306335449219
32.013370513916016
31.954845428466797
31.919511795043945
31.889739990234375
31.88227081298828
31.87261199951172
31.852052688598633
31.802734375
31.777496337890625
31.744129180908203
31.67445182800293
31.59531021118164
31.508188247680664
31.414100646972656
31.314029693603516
31.20893669128418
31.099653244018555
30.986909866333008
30.871427536010742
30.750974655151367
30.61880111694336
30.469646453857422
30.303144454956055
30.121553421020508
29.92840003967285
29.727413177490234
29.519315719604492
29.304515838623047
29.087852478027344
28.872352600097656
28.66012191772461
28.452638626098633
28.250747680664062
28.047260284423828
27.845142364501953
27.646011352539062
27.45163345336914
27.260013580322266
27.065473556518555
26.866729736328125
26.66158103942871
26.45109748840332
26.233915328979492
26.007429122924805
25.771526336669922
25.528038024902344
25.277816772460938
25.021711349487305
24.761093139648438
24.497529983520508
24.233722686767578
23.97022819519043
23.70817756652832
23.44859504699707
23.191991806030273
22.931554794311523
22.665050506591797
22.398454666137695
22.134620666503906
21.874982833862305
