896.8756103515625
622.1688232421875
468.27056884765625
404.3118896484375
341.730224609375
331.6930847167969
331.2424621582031
331.1226501464844
331.0767822265625
330.4486083984375
329.47247314453125
326.8448486328125
323.2457275390625
319.439208984375
316.7500305175781
314.8658142089844
313.3916015625
312.02386474609375
310.6640319824219
309.25555419921875
307.72454833984375
306.2184143066406
303.969970703125
301.2594299316406
298.3203125
295.1806945800781
291.8274841308594
288.2417297363281
284.4441833496094
280.40032958984375
276.3763122558594
272.5718994140625
268.767578125
264.8670654296875
260.8409729003906
256.6964416503906
100.0
100.0
100.0
100.0
100.0
100.0
365.70819091796875
331.4615173339844
282.5629577636719
258.48541259765625
248.34104919433594
244.0596923828125
239.27020263671875
228.77874755859375
220.57476806640625
214.30502319335938
209.2052764892578
204.32546997070312
199.47900390625
194.7451629638672
190.070556640625
185.1724090576172
180.0724334716797
174.81231689453125
171.0941619873047
167.70579528808594
164.06353759765625
160.73619079589844
158.4537811279297
156.34942626953125
154.33203125
152.37953186035156
150.48902893066406
148.8494110107422
147.3424835205078
145.8921661376953
144.45492553710938
143.01026916503906
141.58737182617188
140.20286560058594
138.85069274902344
137.53225708007812
136.2991180419922
135.14202880859375
134.0675048828125
133.09266662597656
132.19854736328125
131.37158203125
130.5900421142578
129.8365020751953
129.0984649658203
128.3702850341797
127.65365600585938
126.94611358642578
126.24523162841797
125.55277252197266
124.87332153320312
124.20813751220703
123.5501708984375
122.89702606201172
122.2448501586914
121.58544158935547
120.9175796508789
