1499.9990234375
1499.9998779296875
1500.0
1499.2630615234375
1500.0
1500.0
1499.9998779296875
1500.0
1500.0
1500.0
1500.0
1500.0
1500.0
1500.0
1500.0
1500.0
1500.0
1500.0
1500.0
1500.0
1500.0
1500.0
1500.0
1500.0
1500.0
1500.0
1500.0
1500.0
1500.0
1500.0
1500.0
1500.0
99.61112213134766
100.0
100.0
100.0
100.0
100.0
1500.0
1500.0
1500.0
1500.0
1500.0
1500.0
1500.0
1500.0
1500.0
1500.0
1500.0
1500.0
1500.0
1500.0
1500.0
1500.0
1500.0
1500.0
1500.0
1500.0
1500.0
1500.0
1500.0
1500.0
1500.0
1500.0
1500.0
1500.0
1500.0
1500.0
1500.0
1500.0
1500.0
1500.0
1500.0
1500.0
1500.0
1500.0
1452.5181884765625
1396.809326171875
1344.1839599609375
1293.4063720703125
1244.1922607421875
1196.8370361328125
1151.285888671875
1107.4224853515625
1065.0322265625
1024.0399169921875
984.9303588867188
947.6488647460938
912.0639038085938
878.1954345703125
845.675537109375
814.7928466796875
