1500.0
1500.0
1500.0
1500.0
1499.996337890625
1500.0
1500.0
1500.0
1499.999755859375
1499.9998779296875
1500.0
1500.0
1500.0
1499.9998779296875
1500.0
1500.0
1499.9998779296875
1499.9998779296875
1499.999755859375
1500.0
1499.999755859375
1499.99951171875
1500.0
1500.0
1499.99951171875
1499.9996337890625
1500.0
1499.999755859375
1500.0
1500.0
1500.0
1499.9996337890625
99.97588348388672
100.0
100.0
100.0
100.0
100.0
1499.9779052734375
1499.9443359375
1500.0
1499.9998779296875
1500.0
1500.0
1500.0
1500.0
1500.0
1500.0
1500.0
1499.9998779296875
1500.0
1500.0
1500.0
1500.0
1500.0
1500.0
1469.5389404296875
1433.877197265625
1399.7294921875
1366.164306640625
1333.2423095703125
1301.027587890625
1269.2042236328125
1237.6280517578125
1206.7003173828125
1176.2498779296875
1146.1146240234375
1116.3076171875
1086.2254638671875
1056.104736328125
1026.448486328125
997.5642700195312
969.9342651367188
943.375244140625
917.6087036132812
892.8077392578125
868.8434448242188
845.4453735351562
822.8076171875
800.7456665039062
779.2778930664062
758.445068359375
738.2796020507812
718.8638916015625
700.2177734375
682.34033203125
665.247314453125
648.9071044921875
633.1885375976562
618.1431274414062
603.7847290039062
589.93603515625
