1500.0
1500.0
1500.0
1500.0
1500.0
1499.999755859375
1500.0
1500.0
1500.0
1500.0
1500.0
1500.0
1500.0
1500.0
1500.0
1500.0
1500.0
1500.0
1500.0
1500.0
1500.0
1500.0
1500.0
1500.0
1500.0
1500.0
1500.0
1500.0
1500.0
1500.0
1500.0
1500.0
1500.0
99.99989318847656
100.00321197509766
99.99897003173828
100.0
100.0
100.0
100.0
1499.999755859375
1500.0
1500.0001220703125
1500.0
1500.0
1500.0
1500.0
1500.0
1500.0
1500.0
1500.0
1500.0
1500.0
1500.0
1487.9896240234375
1405.1300048828125
1328.4501953125
1255.2894287109375
1184.9354248046875
1116.109619140625
1051.6300048828125
991.4479370117188
935.995849609375
884.2297973632812
835.8545532226562
790.6859130859375
768.9722290039062
747.8614501953125
715.0726318359375
686.38427734375
660.5338745117188
637.0659790039062
615.4606323242188
595.35498046875
576.5388793945312
558.83447265625
542.1497192382812
526.5043334960938
512.0098266601562
498.5973815917969
486.0458068847656
474.1268615722656
462.6417541503906
451.615966796875
440.88946533203125
430.6482238769531
421.0483093261719
411.7558288574219
402.2831115722656
392.9698181152344
384.2288818359375
375.77410888671875
367.6884460449219
359.97119140625
352.4717712402344
