1500.0
1500.0
1500.0
1500.0
1500.0
1500.0496826171875
1500.0
1500.0
1500.0
1500.0
1500.0
1500.0
1500.0
1500.0
1500.0
1500.0
1499.9998779296875
1500.0
1499.9998779296875
1500.0
1500.0
1500.0
1499.9998779296875
1500.0
1500.0
1500.0
1500.0
1500.0
1500.0
1500.0
1500.0
1500.0
1500.0
100.0
99.98493194580078
99.99928283691406
100.0
99.99873352050781
100.0
99.99994659423828
1500.0
1500.0
1500.0
1500.0
1500.0
1500.0
1500.0
1500.0
1500.0
1500.0
1500.0
1500.0
1500.0
1500.0
1500.0
1500.0
1500.0
1500.0
1500.0
1500.0
1500.0
1500.0
1500.0
1500.0
1500.0
1500.0
1500.0
1500.0
1500.0
1500.0
1500.0
1500.0
1500.0
1499.999755859375
1500.0
1500.0
1500.0
1499.99951171875
1500.0
1499.9998779296875
1500.0
1500.0
1499.9996337890625
1461.4998779296875
1425.88525390625
1392.8212890625
1361.2557373046875
1330.76123046875
1301.2833251953125
1272.6669921875
1244.87158203125
1217.7489013671875
1191.3472900390625
1166.054443359375
