66.40837097167969
64.02291107177734
59.208656311035156
55.42031478881836
53.17722702026367
49.754241943359375
48.52842330932617
46.646690368652344
45.90937423706055
44.46664047241211
42.761871337890625
41.26823043823242
39.89802932739258
38.72014617919922
37.73994445800781
36.94004821777344
36.29594421386719
35.77688980102539
35.35346984863281
35.02083969116211
34.71484375
34.42829895019531
34.15481948852539
33.880706787109375
33.587467193603516
33.271060943603516
32.935020446777344
32.586910247802734
32.24102020263672
31.906644821166992
31.584135055541992
31.2721004486084
30.9666690826416
30.665647506713867
30.372802734375
30.084259033203125
29.76426124572754
29.517553329467773
29.248493194580078
28.999910354614258
28.779394149780273
28.593252182006836
28.435617446899414
28.411163330078125
28.36774253845215
28.29486846923828
28.170326232910156
28.116943359375
28.05020523071289
27.923728942871094
27.78494644165039
27.628782272338867
27.452877044677734
27.256521224975586
27.040494918823242
26.806556701660156
26.55721664428711
26.295372009277344
26.02398681640625
25.745885848999023
25.46415901184082
25.182085037231445
24.90052032470703
24.620264053344727
24.341890335083008
24.065811157226562
23.792240142822266
23.521455764770508
23.2535343170166
22.988412857055664
22.727476119995117
22.470998764038086
22.26831817626953
22.07581329345703
21.88530731201172
21.691051483154297
21.495954513549805
21.29966926574707
21.102296829223633
20.904184341430664
20.70396614074707
20.50258445739746
20.30075454711914
20.098894119262695
19.89726448059082
19.696067810058594
19.495420455932617
19.295461654663086
19.09673309326172
18.899919509887695
18.70492172241211
18.511436462402344
18.319143295288086
18.127782821655273
17.93720054626465
17.7474422454834
17.558931350708008
17.370872497558594
17.1778621673584
