1500.0
1500.0009765625
1056.111572265625
870.3446044921875
811.427001953125
699.9512329101562
660.6383056640625
608.51953125
589.4313354492188
560.04443359375
535.6337890625
517.4592895507812
502.621337890625
490.3437194824219
480.42010498046875
472.6661071777344
466.61541748046875
461.8841247558594
458.1588134765625
455.2754211425781
452.9542236328125
450.97247314453125
449.1923828125
447.6331787109375
446.4219055175781
445.4522705078125
444.7080078125
444.1544494628906
443.74945068359375
443.45404052734375
443.2286682128906
443.03009033203125
442.8233642578125
442.58697509765625
442.29876708984375
441.94207763671875
99.9994888305664
100.0
100.0
100.0
100.0
100.0
749.6841430664062
732.0568237304688
616.1453247070312
573.5989990234375
547.0280151367188
535.8878173828125
518.4161987304688
494.61456298828125
479.5315246582031
469.3621826171875
461.88836669921875
455.5367126464844
449.70086669921875
444.22979736328125
439.12213134765625
434.3840026855469
429.97882080078125
425.89105224609375
422.1266174316406
418.6831359863281
415.5215759277344
412.5749206542969
409.7842712402344
407.10003662109375
404.4997253417969
401.9500427246094
399.45587158203125
397.02056884765625
394.6417236328125
392.3146667480469
390.0392761230469
387.801025390625
385.5975036621094
383.42486572265625
381.2745056152344
379.1345520019531
376.99884033203125
374.86676025390625
372.7413635253906
370.62579345703125
368.5122985839844
366.4072265625
364.3228454589844
362.27093505859375
360.2586975097656
358.28924560546875
356.368408203125
354.50244140625
352.6903991699219
350.9241027832031
349.1923522949219
347.4891357421875
345.8177490234375
344.1874694824219
342.6029968261719
341.05865478515625
339.54351806640625
