1499.9996337890625
1500.0
1500.0
1500.0
1500.0
1500.0
1500.0
1500.0
1500.0
1500.0
1500.0
1500.0
1499.9998779296875
1500.0
1500.0
1500.0
1500.0
1500.0
1500.0
1500.0
1500.0
1500.0
1500.0
1500.0
1500.0
1500.0
1500.0
1500.0
1500.0
1500.0
1500.0
1500.0
1500.0
100.0
99.99279022216797
99.9963150024414
100.0
100.0
100.0
100.0
1500.0
1499.999755859375
1500.026611328125
1500.0
1500.0
1499.999755859375
1500.0
1500.0
1500.0
1500.0
1500.0
1500.0
1500.0
1500.0
1500.0
1500.0
1500.0
1500.0
1500.0
1500.0
1500.0
1464.7130126953125
1402.740478515625
1353.4085693359375
1315.1676025390625
1275.2564697265625
1234.7430419921875
1195.68212890625
1156.9083251953125
1118.2996826171875
1081.537841796875
1046.366455078125
1012.2589721679688
978.8467407226562
947.202392578125
918.5796508789062
892.4153442382812
867.860107421875
844.207275390625
822.1530151367188
801.1409301757812
780.931396484375
761.422607421875
742.5770263671875
724.3201293945312
706.7798461914062
690.5529174804688
676.2855224609375
663.02099609375
651.8306884765625
641.3384399414062
630.0263061523438
617.32177734375
603.522705078125
589.0961303710938
