1500.0
1500.0
1500.0
1500.0
1500.0
1499.9998779296875
1500.0
1500.0
1500.0
1500.0
1500.0
1500.0
1500.0
1500.0
1500.0
1500.0
1500.0
1500.0
1500.0
1500.0
1500.0
1499.9998779296875
1500.0
1500.0
1500.0
1500.0
1500.0
1500.0
1500.0
1500.0
1500.0
1500.0
1500.0
100.0
99.97406768798828
99.999755859375
100.0
100.0
100.0
100.0
1500.0
1500.0
1499.9898681640625
1500.0
1500.0
1500.0
1500.0
1500.0
1500.0
1500.0
1500.0
1500.0
1500.0
1460.7332763671875
1390.27099609375
1324.6810302734375
1262.31689453125
1202.78076171875
1145.888671875
1091.40625
1039.1832275390625
989.2426147460938
941.7021484375
896.5374145507812
853.6710205078125
812.9721069335938
774.2274169921875
737.2738647460938
702.6084594726562
669.8082885742188
638.8810424804688
609.7178344726562
582.1929931640625
556.2402954101562
531.7584228515625
508.73468017578125
487.0699157714844
466.6363220214844
447.30926513671875
428.93829345703125
411.63226318359375
395.2817687988281
379.7418212890625
365.0021667480469
351.0589904785156
337.8761901855469
325.38055419921875
313.33087158203125
301.8722839355469
291.0234375
280.86138916015625
271.1390380859375
261.8660583496094
252.99000549316406
244.53562927246094
