1500.0
1193.219482421875
901.8362426757812
807.0970458984375
760.7633666992188
730.68701171875
696.0230712890625
664.8314819335938
641.8565063476562
621.5726318359375
603.3993530273438
585.22265625
566.6423950195312
548.304443359375
530.330078125
516.2101440429688
506.3369140625
498.265625
490.1512145996094
481.9726867675781
473.9309997558594
465.5185241699219
456.4976806640625
446.7607421875
436.515625
426.0516662597656
415.412109375
404.4869689941406
392.9732971191406
381.2408447265625
369.49114990234375
357.0981140136719
344.0470886230469
100.0
99.99999237060547
99.99999237060547
99.99999237060547
99.99996948242188
100.0
100.0
100.0
100.0
528.448974609375
399.0852355957031
333.9847106933594
311.8290710449219
298.0313720703125
286.6348571777344
276.6814880371094
268.0377197265625
260.0783996582031
252.6939697265625
245.75680541992188
239.0545196533203
232.555908203125
226.42088317871094
220.54672241210938
214.80580139160156
209.1677703857422
203.6216583251953
198.15817260742188
192.7765350341797
187.49462890625
182.324951171875
177.28221130371094
172.36305236816406
167.57577514648438
162.92703247070312
158.42373657226562
154.05555725097656
149.83177185058594
145.92279052734375
142.12413024902344
138.43719482421875
134.8564453125
131.40631103515625
128.08314514160156
124.87947082519531
121.79627990722656
118.82810974121094
115.97232055664062
113.2293930053711
110.59781646728516
108.0745620727539
105.66252136230469
103.35025024414062
101.13435363769531
99.0099105834961
96.97322845458984
95.0215835571289
93.14483642578125
91.34188079833984
89.61177062988281
87.9532241821289
86.36460876464844
84.87620544433594
