1500.0
1500.0
1500.0
1500.0
1500.0
1500.0
1500.0
1500.0
1499.9998779296875
1499.999755859375
1500.0
1499.9998779296875
1499.9996337890625
1499.9998779296875
1499.9998779296875
1499.9998779296875
1499.9996337890625
1499.9998779296875
1499.999755859375
1499.999755859375
1500.0
1499.99951171875
1499.999267578125
1500.0
1500.0
1500.0
1500.0
1499.999755859375
1499.998779296875
1499.9976806640625
1500.0
1500.0
100.03926086425781
99.99999237060547
100.0
100.0
100.0
100.0
1500.0
1499.9813232421875
1500.0
1500.0
1500.0
1500.0
1499.999755859375
1500.0
1500.0
1500.0
1500.0
1500.0
1500.0
1500.0
1500.0
1500.0
1500.0
1476.8363037109375
1439.6055908203125
1404.9974365234375
1371.2781982421875
1337.8748779296875
1305.0770263671875
1272.5919189453125
1240.3936767578125
1208.1826171875
1176.151611328125
1144.3936767578125
1113.000732421875
1082.2325439453125
1052.1783447265625
1022.7396850585938
994.2610473632812
966.4624633789062
939.541015625
913.3560180664062
888.07177734375
863.8485717773438
840.5596313476562
818.0668334960938
796.4881591796875
786.14111328125
775.7413330078125
755.3419189453125
735.563720703125
716.2210693359375
697.3173217773438
678.9913330078125
661.3031005859375
644.2990112304688
627.9345092773438
612.2947387695312
597.3759765625
583.044677734375
569.251220703125
