1499.9998779296875
1497.6099853515625
1074.89208984375
933.5889892578125
890.5841064453125
856.6937255859375
826.1815185546875
799.09521484375
772.1380615234375
751.7144775390625
735.5557250976562
720.4178466796875
704.7547607421875
688.3455810546875
672.0323486328125
657.5242919921875
643.9774169921875
630.3231811523438
617.885498046875
610.0048217773438
603.6951904296875
597.2002563476562
590.0641479492188
582.3757934570312
573.7538452148438
564.7272338867188
555.6331787109375
546.4146118164062
537.1032104492188
527.5281982421875
517.2267456054688
505.9718322753906
100.0
100.0
100.0
100.0
100.0
100.0
796.7900390625
582.1929931640625
508.27703857421875
459.0784606933594
431.463134765625
413.40435791015625
399.0043640136719
389.6050720214844
381.9518737792969
374.4360656738281
367.02410888671875
359.29473876953125
351.422607421875
343.53167724609375
335.2081298828125
326.94989013671875
318.9126281738281
311.1561279296875
302.7491149902344
293.9225158691406
286.2287902832031
279.1524963378906
272.21514892578125
265.334228515625
258.43341064453125
251.5135498046875
244.6240234375
237.78993225097656
231.0189666748047
224.33180236816406
217.77474975585938
211.392578125
205.21141052246094
199.2545928955078
193.5590057373047
188.10035705566406
183.068115234375
178.19577026367188
173.48284912109375
168.94903564453125
164.5659637451172
160.33004760742188
156.2403564453125
152.30982971191406
148.5312042236328
144.89236450195312
141.38124084472656
137.99974060058594
134.73777770996094
131.58946228027344
128.5489501953125
125.6205062866211
122.8011245727539
120.078125
