1500.0
1499.9998779296875
1500.0
1500.0
1500.0
1500.0
1500.0
1500.0
1500.0
1500.0
1500.0
1500.0
1500.0
1500.0
1500.0
1500.0
1500.0
1500.0
1500.0
1500.0
1500.0
1500.0
1500.0
1500.0
1500.0
1500.0
1500.0
1500.0
1500.0
1500.0
1500.0
1500.0
100.0
100.0
100.0
100.0
100.0
100.0
1500.0
1499.9991455078125
1500.0
1500.0
1500.0
1500.0
1500.0
1500.0
1500.0
1500.0
1500.0
1500.0
1500.0
1500.0
1500.0
1434.636962890625
1365.412109375
1298.19189453125
1232.3958740234375
1169.765625
1109.18359375
1051.4591064453125
996.6500854492188
945.6300659179688
897.7025146484375
851.8779296875
808.9013061523438
768.3985595703125
731.3777465820312
697.0567016601562
664.7584838867188
634.0131225585938
604.725341796875
576.586669921875
550.6212158203125
526.5474853515625
503.6698913574219
481.7709045410156
460.5345764160156
440.1773986816406
421.0860900878906
412.56451416015625
404.1830139160156
387.3980407714844
370.8464050292969
354.484375
339.9036560058594
326.6529846191406
315.40728759765625
305.1256103515625
295.25830078125
285.5814208984375
275.99658203125
266.37451171875
256.893798828125
