1365.7957763671875
1026.855712890625
793.519775390625
660.7708129882812
603.8473510742188
577.2473754882812
557.8226928710938
540.3595581054688
524.1256103515625
510.1298522949219
497.255859375
485.1193542480469
478.0198059082031
472.6163330078125
466.59033203125
458.9780578613281
452.1383972167969
445.770263671875
439.58099365234375
433.26019287109375
426.4985656738281
419.3842468261719
412.0167236328125
404.18304443359375
395.9814453125
387.384765625
378.4215087890625
369.09210205078125
359.4543762207031
349.4893798828125
341.0447998046875
332.5191955566406
100.0
100.0
100.0
100.0
100.0
100.0
460.7930908203125
334.03448486328125
296.9657287597656
279.7453918457031
269.36444091796875
262.63055419921875
259.4985656738281
256.7986145019531
253.6405029296875
249.75711059570312
246.167236328125
243.1354217529297
239.776611328125
236.12423706054688
232.73130798339844
229.2214813232422
225.69140625
222.0903778076172
218.3914337158203
214.68698120117188
211.0004425048828
207.20848083496094
203.2535858154297
199.05899047851562
194.842529296875
190.6157684326172
186.4307098388672
182.06971740722656
177.6726531982422
173.2477569580078
168.78871154785156
164.331787109375
159.9326171875
155.6416015625
151.46014404296875
147.3943634033203
143.4947967529297
139.70587158203125
136.06472778320312
132.54969787597656
129.13711547851562
125.83234405517578
122.64593505859375
119.66096496582031
116.74073791503906
113.89976501464844
111.15679168701172
108.50946807861328
105.95623016357422
103.49443817138672
101.1217041015625
98.83670806884766
96.6495361328125
94.5525894165039
