1500.0
1500.0001220703125
1500.0
1499.9998779296875
1500.0
1500.0
1500.0
1500.0
1500.0
1500.0
1500.0
1500.0
1500.0
1500.0
1500.0
1500.0
1500.0
1500.0
1499.7095947265625
1487.0390625
1475.601806640625
1464.1358642578125
1451.9920654296875
1438.180419921875
1422.7725830078125
1405.6236572265625
1386.4307861328125
1365.3341064453125
1342.568359375
1318.3192138671875
1292.8829345703125
1266.6033935546875
100.0
100.0
100.0
100.0
100.0
100.0
1493.627685546875
1459.9420166015625
1341.127685546875
1264.3687744140625
1205.146484375
1156.449951171875
1114.506591796875
1076.80859375
1041.8084716796875
1008.5888671875
975.9288940429688
945.059326171875
915.4310913085938
886.1166381835938
856.7086181640625
827.5070190429688
798.9783325195312
770.6824340820312
742.44140625
714.6358642578125
686.7461547851562
658.7943725585938
632.1155395507812
605.3930053710938
580.7631225585938
557.8991088867188
535.6827392578125
514.610107421875
494.741943359375
475.4731750488281
457.0818176269531
439.3858947753906
422.7640686035156
407.2566833496094
392.890869140625
379.504150390625
367.1269836425781
355.701904296875
345.14068603515625
335.2928161621094
326.253662109375
318.062744140625
310.60455322265625
303.5810241699219
296.58599853515625
289.4949645996094
282.4682312011719
275.72222900390625
269.33074951171875
263.23126220703125
257.3327941894531
251.50927734375
245.73269653320312
239.99864196777344
