1499.9984130859375
1500.0
1500.0
1500.0
1500.0
1500.0
1500.0
1500.0
1500.0
1500.0
1500.0
1500.0
1500.0
1500.0
1500.0
1500.0
1500.0
1500.0
1500.0
1500.0
1500.0
1500.0
1500.0
1500.0
1500.0
1500.0
1500.0
1500.0
1500.0
1500.0
1500.0
1500.0
100.00009155273438
100.0
100.0
100.0
100.0
100.0
1500.0
1500.0
1500.0
1500.0
1500.0
1500.0
1500.0
1500.0
1500.0
1500.0
1500.0
1500.0
1500.0
1500.0
1500.0
1500.0
1484.689208984375
1426.9329833984375
1372.9801025390625
1320.87890625
1270.145263671875
1220.8623046875
1173.4522705078125
1127.9305419921875
1084.1607666015625
1042.251953125
1002.4345092773438
964.6029052734375
928.4954833984375
893.92236328125
860.7149658203125
828.7657470703125
797.8502807617188
768.0174560546875
739.2838745117188
711.6703491210938
685.1297607421875
660.3212890625
637.2222900390625
615.5493774414062
595.044921875
575.5750122070312
557.07666015625
539.482666015625
522.7435302734375
506.7882995605469
491.5602111816406
476.9246826171875
462.70184326171875
448.94049072265625
436.144287109375
423.9988708496094
412.4781188964844
401.5486145019531
391.1750793457031
