1499.99853515625
1500.0
1499.9998779296875
1500.0
1500.0
1500.0
1500.0
1500.0
1500.0
1500.0
1500.0
1500.0
1500.0
1500.0
1500.0
1500.0
1500.0
1500.0
1500.0
1500.0
1500.0
1500.0
1500.0
1500.0
1500.0
1500.0
1500.0
1500.0
1500.0
1500.0
1500.0
1500.0
99.99969482421875
100.0
100.0
100.0
100.0
100.0
1499.9959716796875
1499.9990234375
1500.0
1500.0
1500.0
1500.0
1500.0
1500.0
1500.0
1500.0
1500.0
1500.0
1500.0
1500.0
1500.0
1500.0
1500.0
1500.0
1500.0
1500.0
1500.0
1500.0
1500.0
1486.108154296875
1421.7113037109375
1363.5645751953125
1306.9708251953125
1251.0235595703125
1196.434814453125
1143.039306640625
1095.3343505859375
1049.05859375
1001.43798828125
952.6953735351562
904.0020141601562
857.741943359375
816.7463989257812
780.2952880859375
749.318359375
719.0997924804688
687.8829345703125
655.9041748046875
626.838623046875
600.593994140625
571.1912231445312
541.0291748046875
511.4841003417969
484.99322509765625
460.48626708984375
436.5268859863281
412.3583679199219
389.542724609375
376.864013671875
363.55596923828125
