2071.68798828125
2038.9423828125
2026.234619140625
2078.049560546875
2060.88330078125
2051.0224609375
2043.4244384765625
2037.785888671875
2033.3582763671875
2036.3704833984375
2035.4080810546875
2042.2169189453125
2051.39599609375
2056.05029296875
2054.03857421875
2058.16650390625
2062.7451171875
2071.950927734375
2084.16064453125
2087.344970703125
2092.587646484375
2101.5419921875
2111.76513671875
2131.968994140625
2156.615234375
2179.59326171875
2203.229248046875
2234.3623046875
2275.364013671875
2313.842041015625
2372.04443359375
2439.615966796875
115.19595336914062
116.79411315917969
118.05741119384766
119.0939712524414
120.02454376220703
120.8615951538086
1836.598388671875
1996.3275146484375
2378.298583984375
2680.05859375
2939.47802734375
3191.689208984375
3268.60205078125
3212.5849609375
3158.880126953125
3101.311767578125
3033.6494140625
2955.447998046875
2872.027587890625
2798.335205078125
2805.55078125
2823.709228515625
2859.754638671875
2890.66552734375
2910.432373046875
2911.401123046875
2903.381103515625
2899.29638671875
2893.984375
2888.05810546875
2878.511962890625
2863.360107421875
2834.752197265625
2804.888916015625
2766.574951171875
2725.4521484375
2677.681884765625
2627.381103515625
2577.0576171875
2531.705810546875
2490.656494140625
2453.010009765625
2417.485107421875
2382.068359375
2345.883056640625
2309.0537109375
2273.97314453125
2240.433349609375
2209.67041015625
2181.34912109375
2154.156494140625
2127.6953125
2101.92822265625
2076.147216796875
2049.73974609375
2022.062255859375
1992.996337890625
1962.3818359375
1929.833984375
1895.7637939453125
