2071.5810546875
2038.4737548828125
2026.80419921875
2077.589599609375
2060.629150390625
2050.862060546875
2043.2864990234375
2037.5999755859375
2033.2601318359375
2036.7706298828125
2035.796142578125
2045.1151123046875
2052.991943359375
2055.63427734375
2055.0263671875
2059.5263671875
2064.208984375
2076.54248046875
2086.985595703125
2090.03759765625
2098.810302734375
2108.305419921875
2123.677001953125
2148.705078125
2174.190673828125
2200.323974609375
2229.394775390625
2271.404296875
2312.9482421875
2368.67529296875
2439.151123046875
2516.8828125
114.13072204589844
115.808349609375
117.1082534790039
118.1902847290039
119.15947723388672
120.02981567382812
1830.1688232421875
2061.390869140625
2508.163330078125
2843.9521484375
3145.62744140625
3296.20556640625
3241.868408203125
3186.047119140625
3123.728759765625
3049.346435546875
2966.310302734375
2878.244873046875
2838.2353515625
2838.475341796875
2874.214599609375
2909.1142578125
2929.593017578125
2934.31005859375
2930.578857421875
2924.204833984375
2917.894287109375
2911.515869140625
2900.122802734375
2877.5146484375
2847.647216796875
2816.41455078125
2776.550048828125
2732.5478515625
2681.728515625
2627.47216796875
2576.053955078125
2529.863037109375
2488.058349609375
2449.928466796875
2413.6376953125
2377.3994140625
2340.35986328125
2303.97607421875
2269.1943359375
2236.449951171875
2206.090576171875
2177.1533203125
2148.955078125
2121.72900390625
2094.9619140625
2067.72119140625
2038.963623046875
2008.4317626953125
1976.408203125
1942.625732421875
1907.7711181640625
1871.900390625
1835.5362548828125
1798.8935546875
