2055.13134765625
2012.8800048828125
1537.813720703125
1344.013671875
1303.4139404296875
1256.4173583984375
1214.0093994140625
1177.5858154296875
1142.7880859375
1121.812255859375
1113.3052978515625
1097.5926513671875
1077.5892333984375
1056.137939453125
1035.033935546875
1014.7713623046875
994.7459106445312
984.8803100585938
973.3434448242188
961.2953491210938
952.697265625
944.4283447265625
934.8046875
923.7219848632812
911.48974609375
899.4974365234375
887.8638305664062
880.4097900390625
872.2767944335938
863.72021484375
855.8911743164062
848.944091796875
119.45587921142578
120.50224304199219
120.81645202636719
121.1303482055664
121.4012680053711
121.69459533691406
1002.7596435546875
815.788818359375
828.4614868164062
860.1395874023438
864.6190795898438
856.330078125
845.466796875
835.6721801757812
828.1242065429688
822.8381958007812
820.4343872070312
819.9812622070312
825.9550170898438
846.4840698242188
862.9216918945312
875.1195678710938
884.7723999023438
892.3833618164062
902.64013671875
917.1685180664062
937.3765258789062
960.4682006835938
982.7305297851562
1004.5738525390625
1026.608154296875
1048.927734375
1071.168701171875
1092.113037109375
1111.7010498046875
1130.109619140625
1147.75537109375
1164.21826171875
1178.9034423828125
1191.7867431640625
1202.9437255859375
1212.468994140625
1220.631591796875
1227.8697509765625
1233.8446044921875
1238.278076171875
1240.97607421875
1241.97900390625
1241.5638427734375
1239.875
1237.0262451171875
1233.203125
1228.500244140625
1223.12109375
1217.3900146484375
1211.6954345703125
1205.725341796875
1199.0057373046875
1191.3748779296875
1182.8270263671875
