2068.12939453125
2041.396484375
2004.936279296875
2014.449462890625
2055.33154296875
2053.669189453125
2079.196533203125
2102.070068359375
2119.33154296875
2143.412109375
2171.556640625
2201.541748046875
2237.458740234375
2275.672607421875
2315.58203125
2354.068359375
2395.9921875
2456.072021484375
2539.02978515625
2651.97265625
2797.220947265625
2972.2001953125
3171.364013671875
3388.49951171875
3618.6689453125
3865.2646484375
4130.080078125
4412.34033203125
4712.14208984375
5029.62744140625
5362.232421875
5705.91259765625
227.5872039794922
236.28260803222656
249.10922241210938
262.16790771484375
273.3564758300781
283.5270080566406
6377.83984375
6797.2841796875
7045.57470703125
7246.65478515625
7456.72119140625
7709.8505859375
8037.98876953125
8443.2353515625
8906.7919921875
9406.2509765625
9949.505859375
10527.7900390625
11126.79296875
11740.43359375
12367.48046875
13001.228515625
13642.2548828125
14290.962890625
14945.2080078125
15602.576171875
16253.9619140625
16895.84375
17524.5625
18136.04296875
18734.029296875
19319.44921875
19905.232421875
20456.69921875
20995.44140625
21503.083984375
21966.19921875
22384.78125
21579.30859375
20921.158203125
20336.67578125
19789.80078125
19268.470703125
18764.564453125
18274.826171875
17794.267578125
17319.373046875
16849.43359375
16387.826171875
15932.6826171875
15484.8583984375
15044.46875
14612.958984375
14190.130859375
13776.4140625
13372.7109375
12979.1591796875
12595.8623046875
12223.1533203125
11861.3505859375
