2029.7667236328125
1697.6026611328125
1247.887939453125
1120.822998046875
1118.5174560546875
1093.2283935546875
1053.9453125
1021.687744140625
1002.5400390625
985.7450561523438
963.3775024414062
939.0834350585938
923.3436889648438
906.5836791992188
892.829833984375
879.9470825195312
865.6215209960938
850.0471801757812
834.2234497070312
820.7454223632812
807.29541015625
796.16796875
786.6686401367188
777.2454223632812
768.0523071289062
759.676025390625
752.2717895507812
745.2647094726562
737.9939575195312
730.0325927734375
721.4241943359375
712.2236328125
702.3735961914062
691.9556274414062
111.23639678955078
113.49588012695312
113.86869812011719
114.41256713867188
114.96412658691406
115.45414733886719
115.90385437011719
675.4920043945312
599.7424926757812
625.624267578125
643.5805053710938
661.6513671875
697.5907592773438
714.6500244140625
721.0782470703125
723.2971801757812
726.04296875
737.2651977539062
750.8869018554688
766.38037109375
780.4672241210938
792.67236328125
805.9121704101562
822.190185546875
841.057861328125
861.9799194335938
884.3115234375
908.4617919921875
933.6380615234375
958.8859252929688
983.6693115234375
1007.6013793945312
1030.2371826171875
1051.1414794921875
1070.0238037109375
1086.8857421875
1101.839111328125
1114.6846923828125
1125.54931640625
1134.701171875
1142.26220703125
1148.2515869140625
1153.5364990234375
1157.571044921875
1160.3870849609375
1161.9083251953125
1162.0386962890625
1160.738037109375
1158.1451416015625
1154.35986328125
1149.48388671875
1143.6312255859375
1136.774169921875
1129.0169677734375
1120.461181640625
1111.2379150390625
1101.4326171875
1091.080078125
1080.250732421875
1069.013427734375
1057.4384765625
1045.5985107421875
1033.52001953125
