2031.3133544921875
1983.512451171875
2331.31640625
2772.718994140625
3213.287353515625
3475.294189453125
3555.890380859375
3380.02783203125
3118.343017578125
2892.568603515625
2719.642822265625
2587.873779296875
2490.196533203125
2421.293701171875
2374.84814453125
2357.494384765625
2355.682373046875
2371.974853515625
2419.697509765625
2505.631591796875
2626.70361328125
2778.94677734375
2933.4248046875
2960.00146484375
3011.012451171875
3077.307861328125
3151.938232421875
3240.48779296875
3332.465576171875
3425.56396484375
3517.470458984375
3607.21142578125
3695.806884765625
3783.376953125
214.23782348632812
211.1487579345703
212.2694854736328
207.9908905029297
207.13815307617188
208.5944366455078
207.9866943359375
4967.30908203125
5075.51611328125
5081.68212890625
5176.841796875
5177.8037109375
5158.8955078125
5158.28466796875
5176.74609375
5190.0712890625
5207.46044921875
5258.00537109375
5316.86962890625
5381.14013671875
5444.9423828125
5506.556640625
5565.64208984375
5617.58642578125
5660.25537109375
5692.65283203125
5714.1083984375
5723.03515625
5720.04541015625
5705.9658203125
5681.865234375
5648.87353515625
5607.458984375
5558.72119140625
5503.044921875
5440.751953125
5372.32275390625
5298.36962890625
5219.5927734375
5136.7197265625
5050.4345703125
4961.40673828125
4870.44677734375
4778.1630859375
4685.2490234375
4590.65673828125
4495.56982421875
4400.87451171875
4307.05712890625
4213.556640625
4120.06591796875
4025.637451171875
3934.28564453125
3844.994140625
3757.463623046875
3671.5625
3587.33544921875
3504.91650390625
3424.36865234375
3345.7763671875
3269.622314453125
3195.5556640625
3123.205810546875
