2059.734375
2033.247802734375
2082.32080078125
2078.6435546875
2066.413818359375
2058.147216796875
2045.8486328125
2041.703369140625
2039.5574951171875
2031.995361328125
2031.4906005859375
2029.8304443359375
2040.963134765625
2040.037353515625
2044.6614990234375
2049.0771484375
2066.3037109375
2077.13671875
2089.919921875
2099.932861328125
2116.484130859375
2145.453369140625
2179.534423828125
2211.65869140625
2262.939697265625
2311.625
2373.04541015625
2450.6884765625
2539.630126953125
2666.20166015625
2836.170166015625
3034.287841796875
3057.545166015625
2986.320068359375
114.57670593261719
118.53337860107422
120.36873626708984
121.35172271728516
122.03883361816406
122.57469940185547
123.00662994384766
2285.996337890625
2623.123779296875
2572.025634765625
2491.7705078125
2519.9716796875
2559.697509765625
2660.885498046875
2737.215576171875
2776.388916015625
2812.756591796875
2863.2333984375
2887.226318359375
2890.57763671875
2897.068603515625
2889.3671875
2873.548828125
2843.34619140625
2806.1796875
2769.684326171875
2725.438720703125
2682.0625
2635.75244140625
2588.30810546875
2540.109375
2491.58642578125
2443.169677734375
2399.078125
2359.055419921875
2321.765869140625
2285.014404296875
2247.805908203125
2212.38720703125
2176.875
2143.362548828125
2112.539794921875
2083.90869140625
2056.9482421875
2030.7158203125
2004.5885009765625
1978.0386962890625
1950.654296875
1922.45068359375
1893.52001953125
1863.586181640625
1832.982177734375
1801.6875
1769.719970703125
1737.1627197265625
1704.7998046875
1672.6083984375
1640.846923828125
1609.80126953125
1578.98291015625
1548.3201904296875
1517.908203125
1487.8040771484375
