2084.355712890625
2062.996826171875
2038.0068359375
2032.5577392578125
2034.4161376953125
2022.9012451171875
2027.1142578125
2053.34130859375
2067.439453125
2076.8583984375
2082.100830078125
2087.370361328125
2100.150634765625
2115.81494140625
2145.798828125
2174.857666015625
2197.60546875
2215.95166015625
2229.959228515625
2246.550537109375
2269.087646484375
2301.47119140625
2350.112548828125
2415.705810546875
2495.8701171875
2584.888916015625
2681.774169921875
2785.92431640625
2899.862060546875
3024.10595703125
3158.289794921875
3302.27001953125
3452.444580078125
3603.7431640625
172.01773071289062
160.40994262695312
153.97320556640625
147.63589477539062
144.29376220703125
142.00387573242188
140.1896514892578
3056.78759765625
3236.9072265625
3411.626953125
3611.1279296875
3792.05322265625
3973.1875
4160.22265625
4353.1865234375
4451.6201171875
4550.96533203125
4753.34326171875
4969.96435546875
5207.0244140625
5469.572265625
5724.52783203125
5961.669921875
6180.2431640625
6385.92041015625
6575.009765625
6750.36083984375
6899.18798828125
7018.37939453125
7109.07958984375
7180.65576171875
7239.86279296875
7283.32275390625
7319.20849609375
7353.90625
7383.3466796875
7404.5830078125
7420.23046875
7421.263671875
7404.06005859375
7378.212890625
7351.55126953125
7316.025390625
7264.8486328125
7218.78076171875
7190.06298828125
7132.34716796875
6884.619140625
6667.99560546875
6475.14111328125
6296.46923828125
6122.28955078125
5948.8408203125
5762.6337890625
5580.87353515625
5408.83056640625
5249.451171875
5099.916015625
4965.3115234375
4848.55078125
4721.58935546875
4585.1396484375
4447.4052734375
