2039.425537109375
1844.4952392578125
1443.6009521484375
1317.6480712890625
1276.80615234375
1234.6390380859375
1197.123046875
1159.7276611328125
1133.8037109375
1107.92333984375
1080.8916015625
1053.4940185546875
1027.22509765625
1003.02880859375
983.8484497070312
962.5862426757812
940.5321044921875
918.4661254882812
896.358154296875
877.2283935546875
866.0209350585938
857.617919921875
849.42333984375
839.6834106445312
828.8153076171875
818.74365234375
810.0869140625
800.6376342773438
789.8948364257812
777.6553344726562
766.0144653320312
754.6732788085938
742.5872802734375
116.58405303955078
116.81927490234375
117.18743896484375
117.3428726196289
117.61630249023438
117.91360473632812
118.22257232666016
786.299560546875
687.1434326171875
721.5069580078125
715.5078735351562
723.2412109375
740.4755859375
741.0231323242188
744.713134765625
750.1323852539062
755.0490112304688
757.2984008789062
759.8863525390625
765.6925659179688
776.4801635742188
793.3252563476562
815.3033447265625
838.3328247070312
861.488525390625
884.4298095703125
907.5911865234375
931.6232299804688
956.2556762695312
980.4927368164062
1002.4278564453125
1020.9620971679688
1035.9991455078125
1047.9981689453125
1058.353759765625
1068.0592041015625
1076.3880615234375
1082.56494140625
1087.2347412109375
1089.0513916015625
1087.7069091796875
1083.5660400390625
1079.758544921875
1077.623046875
1070.0361328125
1062.458984375
1054.969482421875
1047.7271728515625
1040.3587646484375
1032.52490234375
1024.223388671875
1014.9661865234375
1004.6510009765625
993.3822021484375
981.2301025390625
968.3826904296875
954.9398193359375
940.8519287109375
926.4616088867188
911.7006225585938
896.6439208984375
881.3912353515625
865.9807739257812
