2037.5927734375
1987.2281494140625
2368.28662109375
2579.672607421875
2525.153564453125
2398.02685546875
2302.77099609375
2239.405517578125
2206.747802734375
2198.479248046875
2211.0791015625
2231.491455078125
2251.312744140625
2263.25537109375
2284.43603515625
2316.3310546875
2363.302734375
2431.705810546875
2521.547607421875
2631.878173828125
2762.3662109375
2913.45361328125
3082.496826171875
3269.64208984375
3474.800048828125
3697.220703125
3933.9130859375
4180.1103515625
4436.43115234375
4710.12109375
5001.921875
5309.3134765625
5502.87939453125
220.67446899414062
169.92393493652344
151.99014282226562
139.6636962890625
135.66220092773438
135.58303833007812
137.4131622314453
5468.89794921875
7157.70654296875
6904.6669921875
6713.3125
6763.7109375
6899.08935546875
7041.76904296875
7168.4619140625
7282.53662109375
7376.48193359375
7466.35302734375
7550.08349609375
7618.5927734375
7669.88232421875
7705.20849609375
7723.7587890625
7724.84130859375
7708.21728515625
7674.16650390625
7624.1357421875
7559.66845703125
7483.00341796875
7396.39501953125
7301.57958984375
7198.18212890625
7086.1806640625
6966.798828125
6840.97021484375
6709.5302734375
6573.58056640625
6433.953125
6291.1982421875
6146.6806640625
6000.7705078125
5854.3466796875
5756.74853515625
5707.8193359375
5563.0791015625
5420.87744140625
5281.80322265625
5145.32080078125
5012.24560546875
4882.8046875
4756.93115234375
4634.62060546875
4515.77978515625
4400.763671875
4289.27685546875
4181.4462890625
4076.98681640625
3975.509033203125
3875.90478515625
3779.91796875
3687.949462890625
3599.254638671875
3513.65283203125
