2041.3740234375
1851.0142822265625
1800.628662109375
1675.7901611328125
1556.168212890625
1495.319580078125
1456.987060546875
1430.8878173828125
1418.1949462890625
1406.516845703125
1395.6885986328125
1388.947509765625
1383.4117431640625
1377.6134033203125
1369.8111572265625
1361.841552734375
1355.4632568359375
1351.2938232421875
1347.9625244140625
1345.8466796875
1344.694091796875
1344.8643798828125
1346.6163330078125
1351.2528076171875
1361.2449951171875
1376.9549560546875
1398.1116943359375
1423.9603271484375
1453.544677734375
1485.9290771484375
1520.2296142578125
1556.298583984375
120.22325897216797
122.50393676757812
125.17827606201172
127.14540100097656
128.58599853515625
129.69683837890625
1613.010986328125
1807.8563232421875
1835.676025390625
1854.61865234375
1873.954345703125
1893.733154296875
1914.173583984375
1935.5111083984375
1957.70361328125
1980.5025634765625
2003.5858154296875
2026.751708984375
2049.9326171875
2072.969970703125
2095.587158203125
2117.84619140625
2139.224853515625
2164.94873046875
2195.24169921875
2237.717529296875
2280.11181640625
2324.630859375
2369.80126953125
2410.52294921875
2444.869384765625
2472.8974609375
2494.705810546875
2510.65283203125
2521.817626953125
2528.1083984375
2529.948974609375
2530.634765625
2528.762939453125
2523.1328125
2513.7685546875
2500.95556640625
2485.39599609375
2467.092529296875
2446.047119140625
2422.468505859375
2396.556884765625
2368.45751953125
2338.4462890625
2306.866943359375
2273.956787109375
2239.830322265625
2204.663818359375
2168.70556640625
2132.128173828125
2095.125
2057.508544921875
2019.9163818359375
1982.380859375
1944.5361328125
1906.7608642578125
