2083.438232421875
2059.65087890625
2024.6947021484375
1998.076171875
2018.6214599609375
2063.169921875
2068.02587890625
2066.8095703125
2070.376220703125
2073.991943359375
2080.61474609375
2088.961669921875
2094.546875
2100.324462890625
2116.790283203125
2134.27978515625
2148.716064453125
2165.01708984375
2183.849609375
2217.349853515625
2259.25634765625
2295.681396484375
2327.65234375
2359.1845703125
2398.186279296875
2447.020263671875
2503.684814453125
2578.445068359375
2667.72021484375
2769.27197265625
2894.10400390625
3036.482177734375
124.18555450439453
122.63656616210938
123.75272369384766
123.75328826904297
124.16072082519531
124.46646881103516
2289.37109375
2739.249755859375
3146.4482421875
3495.2255859375
3806.29150390625
4098.5087890625
4378.98095703125
4649.95849609375
4918.33837890625
5186.6279296875
5458.72021484375
5743.56787109375
6054.9609375
6382.76513671875
6755.8271484375
7054.38720703125
7284.5830078125
7507.63525390625
7719.66162109375
7918.76953125
8073.86767578125
8147.69140625
8232.91015625
8300.0693359375
8351.3505859375
8392.8486328125
8445.87890625
8505.6611328125
8579.6416015625
8658.3564453125
8478.1044921875
8067.63134765625
7756.30224609375
7485.30419921875
7227.259765625
6976.36962890625
6728.19775390625
6485.26611328125
6252.65966796875
6031.197265625
5822.22802734375
5625.55712890625
5440.14794921875
5264.68359375
5096.66455078125
4933.5419921875
4773.7353515625
4611.58154296875
4455.1025390625
4300.89404296875
4148.74609375
4006.01904296875
3871.24267578125
3738.998291015625
