2023.89208984375
1871.9737548828125
1717.60693359375
1543.693115234375
1445.3365478515625
1402.0018310546875
1389.328125
1371.6802978515625
1356.7935791015625
1341.3233642578125
1324.4801025390625
1311.2928466796875
1304.226806640625
1298.40234375
1293.2418212890625
1291.4451904296875
1294.140380859375
1299.443115234375
1307.801513671875
1323.6983642578125
1347.847900390625
1379.1353759765625
1415.7198486328125
1455.7877197265625
1498.365234375
1543.395751953125
1593.8853759765625
1643.838623046875
1692.876708984375
1741.458984375
1789.7696533203125
1837.3489990234375
158.9413299560547
147.652099609375
165.90000915527344
189.71743774414062
211.7679443359375
230.35841369628906
2163.191650390625
2161.506591796875
2152.7548828125
2169.58984375
2196.739990234375
2229.50830078125
2274.913818359375
2347.44873046875
2409.1396484375
2476.68701171875
2542.61767578125
2596.962158203125
2640.022705078125
2673.1298828125
2697.895263671875
2713.98828125
2721.267822265625
2720.421630859375
2712.453369140625
2697.6689453125
2676.558349609375
2650.334716796875
2619.879150390625
2584.921630859375
2545.880859375
2503.009033203125
2456.7197265625
2407.576171875
2355.927490234375
2302.120361328125
2246.367431640625
2189.5390625
2132.112548828125
2074.833251953125
2017.807861328125
1960.519775390625
1903.6915283203125
1847.64892578125
1792.223388671875
1736.947021484375
1681.8399658203125
1628.68115234375
1577.5750732421875
1528.5118408203125
1481.501953125
1436.3851318359375
1393.2305908203125
1351.77392578125
1311.9525146484375
1273.75634765625
1237.134765625
1202.0047607421875
1168.2591552734375
1135.8302001953125
