2031.415283203125
2034.638427734375
2101.64208984375
2168.91796875
2154.078125
2156.060546875
2181.061767578125
2197.1806640625
2225.392333984375
2259.675537109375
2298.256591796875
2345.636962890625
2410.6630859375
2498.53466796875
2605.510986328125
2729.041259765625
2870.133544921875
3027.85546875
3203.552978515625
3398.4599609375
3611.51904296875
3841.531494140625
4086.55859375
4345.4794921875
4614.888671875
4895.177734375
5185.84912109375
5490.1181640625
5811.9189453125
6159.57861328125
6536.01318359375
6965.00390625
236.86976623535156
217.5432586669922
217.9817352294922
230.11587524414062
246.1918487548828
262.8083190917969
7153.068359375
8304.04296875
9100.1142578125
9792.46484375
9862.677734375
9889.4814453125
9906.8134765625
9907.9892578125
9894.890625
9870.248046875
9835.19140625
9789.2548828125
9732.4765625
9662.7802734375
9579.4599609375
9482.119140625
9369.681640625
9242.4375
9105.1015625
8960.0751953125
8807.4853515625
8647.6083984375
8481.3642578125
8309.6044921875
8133.15234375
7952.05322265625
7767.9462890625
7581.9306640625
7394.49951171875
7205.587890625
7016.69775390625
6828.98291015625
6643.140625
6459.642578125
6278.46630859375
6099.98388671875
5923.5107421875
5749.02783203125
5577.091796875
5405.52099609375
5240.32666015625
5080.25927734375
4925.16796875
4775.55712890625
4631.126953125
4492.54345703125
4359.30126953125
4231.50830078125
4108.6943359375
3990.47216796875
3876.383544921875
3766.3154296875
3660.2734375
3558.04443359375
