2037.487060546875
1990.087890625
2370.779541015625
2583.0595703125
2534.06005859375
2415.6162109375
2324.30224609375
2257.654052734375
2220.57080078125
2213.468505859375
2232.40283203125
2256.04052734375
2274.777099609375
2298.2490234375
2336.4150390625
2387.640869140625
2454.031005859375
2536.695068359375
2636.74169921875
2753.39306640625
2887.289306640625
3035.13818359375
3198.09814453125
3376.4501953125
3570.699462890625
3779.33349609375
4001.186767578125
4234.51611328125
4480.95947265625
4741.17041015625
5011.43115234375
5218.92333984375
5258.3369140625
223.42828369140625
180.65501403808594
156.67381286621094
141.9445343017578
136.72457885742188
135.61463928222656
136.45909118652344
5109.28564453125
6616.26220703125
6250.69482421875
6044.2275390625
6030.0625
6120.77685546875
6262.65087890625
6406.2197265625
6540.84814453125
6659.4013671875
6750.14501953125
6815.830078125
6858.19189453125
6883.15673828125
6891.18017578125
6881.736328125
6854.466796875
6811.47119140625
6755.068359375
6686.744140625
6607.6044921875
6518.28515625
6418.49560546875
6309.8447265625
6193.33740234375
6070.1689453125
5941.51416015625
5808.58203125
5672.30029296875
5533.77099609375
5394.06982421875
5324.0517578125
5254.30322265625
5117.130859375
4981.966796875
4848.84130859375
4718.0498046875
4589.89208984375
4464.5458984375
4342.265625
4223.013671875
4106.92041015625
3994.404296875
3885.333251953125
3779.662353515625
3677.47216796875
3578.7509765625
3483.53076171875
3391.65869140625
3302.953369140625
3217.28466796875
3134.5703125
3054.772705078125
2977.812744140625
2903.4541015625
2831.644287109375
