2059.33447265625
2026.2054443359375
2016.7718505859375
2032.2916259765625
2067.389404296875
2105.36083984375
2116.555419921875
2136.176513671875
2150.105712890625
2176.144287109375
2211.156005859375
2252.154296875
2287.00146484375
2318.08203125
2344.7314453125
2366.97607421875
2393.654296875
2440.394287109375
2506.813232421875
2592.607666015625
2697.613037109375
2820.341796875
2959.286376953125
3112.37451171875
3280.027587890625
3461.956298828125
3657.14794921875
3862.6328125
4076.9677734375
4300.43359375
4534.63427734375
4781.6318359375
182.06973266601562
162.66134643554688
153.51626586914062
148.89588928222656
147.06101989746094
146.50479125976562
4232.67919921875
4681.935546875
4933.48828125
5199.83251953125
5401.669921875
5602.9404296875
5839.15625
6110.43603515625
6418.31494140625
6741.380859375
7075.09814453125
7429.0703125
7775.83740234375
8108.5751953125
8426.2451171875
8739.6005859375
9035.9775390625
9305.16015625
9547.669921875
9763.5654296875
9940.3330078125
9576.615234375
9255.80078125
8951.0048828125
8647.1201171875
8339.4267578125
8020.89013671875
7700.33447265625
7387.93701171875
7085.00732421875
6791.10693359375
6505.0869140625
6226.05029296875
6088.92138671875
5954.0869140625
5691.83251953125
5465.43115234375
5261.67626953125
5069.66748046875
4886.822265625
4712.0341796875
4546.42041015625
4389.2509765625
4239.185546875
4094.98046875
3958.60009765625
3830.205322265625
3707.994140625
3592.591064453125
3484.01611328125
3380.9306640625
3281.403076171875
3182.23779296875
3084.43603515625
2989.90283203125
2899.17724609375
