2084.9931640625
2068.323974609375
2031.0960693359375
2008.99365234375
2098.82568359375
2078.28955078125
2072.98095703125
2077.735595703125
2077.166259765625
2089.085205078125
2095.52490234375
2094.308837890625
2106.1005859375
2136.949951171875
2146.52880859375
2146.06982421875
2157.972412109375
2169.939208984375
2184.280517578125
2204.42138671875
2225.734619140625
2235.6923828125
2254.16015625
2287.333984375
2333.609130859375
2393.590576171875
2466.68115234375
2541.650634765625
2610.586181640625
2723.813720703125
2809.492919921875
2889.765625
108.5223159790039
106.51746368408203
102.0908203125
101.80564880371094
101.89218139648438
102.24137878417969
1557.0772705078125
1603.541015625
1783.116943359375
2649.400146484375
3471.644775390625
3875.335693359375
4053.03515625
4180.4638671875
4291.80224609375
4413.93115234375
4542.591796875
4656.05029296875
4486.1376953125
4412.92626953125
4382.05615234375
4368.45068359375
4363.45361328125
4361.51025390625
4365.38037109375
4385.3701171875
4427.3017578125
4481.60791015625
4531.8837890625
4571.64697265625
4600.67529296875
4623.8671875
4645.6083984375
4663.9609375
4679.955078125
4691.52880859375
4696.12841796875
4690.94775390625
4675.89697265625
4650.4794921875
4615.23291015625
4571.216796875
4520.00390625
4463.486328125
4403.0458984375
4339.208984375
4272.88427734375
4204.3466796875
4133.76904296875
4061.96142578125
3988.88134765625
3913.03515625
3837.492919921875
3762.7080078125
3688.6328125
3615.442626953125
3543.158935546875
3471.728515625
3401.048583984375
3331.165283203125
3262.470703125
