2083.69580078125
2066.516845703125
2038.343017578125
2015.1749267578125
2007.607177734375
2121.07958984375
2091.758056640625
2085.81787109375
2080.6142578125
2077.720703125
2094.1220703125
2093.27392578125
2098.762451171875
2126.015869140625
2154.556640625
2156.852783203125
2159.2783203125
2170.964599609375
2188.402099609375
2207.20703125
2222.989501953125
2243.814208984375
2253.82666015625
2271.246826171875
2300.21435546875
2336.43603515625
2376.89453125
2428.49072265625
2502.70947265625
2586.2353515625
2617.441650390625
2679.933837890625
2759.919677734375
2832.13671875
109.30464172363281
104.56487274169922
100.97772979736328
101.08428192138672
101.29210662841797
101.6285629272461
1572.300048828125
1565.7254638671875
1893.6251220703125
2441.80419921875
3251.89501953125
3695.6396484375
3824.653564453125
3929.06689453125
4035.6337890625
4018.09228515625
3870.9365234375
3749.958251953125
3677.418212890625
3634.715087890625
3615.062744140625
3622.173095703125
3646.305908203125
3670.373046875
3689.44775390625
3704.221435546875
3718.306884765625
3729.468017578125
3746.47509765625
3776.09326171875
3821.386474609375
3872.9208984375
3919.25439453125
3955.65673828125
3982.292236328125
4004.422119140625
4026.330322265625
4048.9951171875
4069.323486328125
4086.7890625
4099.97314453125
4107.23193359375
4106.89990234375
4097.73779296875
4080.7373046875
4056.24267578125
4024.10205078125
3986.5556640625
3943.3759765625
3895.294189453125
3843.830810546875
3790.12890625
3733.401611328125
3675.13623046875
3616.47900390625
3557.684326171875
3498.783935546875
3440.0068359375
3381.563720703125
3323.526123046875
3265.96923828125
3208.93603515625
