2016.826416015625
1888.3060302734375
1820.3214111328125
1674.1253662109375
1491.995361328125
1409.867431640625
1385.7762451171875
1364.7447509765625
1344.8458251953125
1325.377685546875
1306.909912109375
1295.536865234375
1288.6441650390625
1284.1263427734375
1282.0047607421875
1285.42578125
1288.5506591796875
1291.66455078125
1300.8990478515625
1320.3238525390625
1348.809326171875
1383.72998046875
1422.89794921875
1464.93603515625
1509.433349609375
1559.1387939453125
1608.08642578125
1656.233642578125
1703.6683349609375
1750.783447265625
1797.0418701171875
1841.845458984375
1884.88818359375
203.27378845214844
189.93222045898438
191.80015563964844
214.64352416992188
239.10528564453125
260.4831237792969
277.9157409667969
2197.91748046875
2177.361572265625
2167.6953125
2198.820068359375
2243.012939453125
2285.252197265625
2332.107177734375
2380.06005859375
2428.716064453125
2468.068359375
2499.533447265625
2524.404296875
2542.25634765625
2553.325439453125
2557.652099609375
2554.44921875
2543.524169921875
2526.0517578125
2503.04345703125
2474.799560546875
2441.602294921875
2403.765869140625
2376.40576171875
2362.15478515625
2316.63671875
2268.332763671875
2217.662353515625
2164.847900390625
2110.5703125
2055.532958984375
2028.21533203125
2001.3055419921875
1948.96337890625
1897.5963134765625
1847.1412353515625
1797.7008056640625
1749.077880859375
1700.7276611328125
1652.3582763671875
1605.3341064453125
1559.8486328125
1516.06494140625
1473.78125
1432.9656982421875
1393.6666259765625
1355.894287109375
1319.50341796875
1284.521240234375
1250.8541259765625
1218.3529052734375
1186.981689453125
1156.7457275390625
1127.58203125
1099.418212890625
1072.206787109375
1045.9102783203125
