2082.599853515625
2055.72412109375
2032.4228515625
2017.7259521484375
2008.8394775390625
2050.60107421875
2038.4327392578125
2035.094970703125
2033.61083984375
2046.9476318359375
2072.449951171875
2087.70068359375
2110.73974609375
2137.03125
2169.164306640625
2191.981201171875
2208.7392578125
2228.76953125
2263.57958984375
2319.092529296875
2394.4130859375
2481.02587890625
2582.58740234375
2697.96630859375
2829.6357421875
2979.552978515625
3143.0546875
3314.265625
3490.257080078125
3672.952392578125
3864.43505859375
4063.781494140625
4269.138671875
173.52996826171875
160.27040100097656
157.06385803222656
153.1412811279297
150.97335815429688
149.7135772705078
148.8229522705078
3806.781494140625
4041.286376953125
4210.35400390625
4393.75146484375
4597.14306640625
4823.0302734375
5076.17919921875
5343.1552734375
5623.74267578125
5934.8662109375
6272.130859375
6610.796875
6945.9033203125
7256.16064453125
7532.18603515625
7774.34912109375
7987.51220703125
8160.38037109375
8307.6787109375
8439.390625
8550.8349609375
8643.947265625
8697.728515625
8722.662109375
8778.814453125
8801.0966796875
8804.04296875
8800.2626953125
8795.921875
8788.6650390625
8783.99609375
8778.7314453125
8763.591796875
8729.8857421875
8670.8125
8593.9453125
8508.3681640625
8160.2412109375
7838.20361328125
7553.62548828125
7292.41015625
7041.23828125
6798.58984375
6566.15966796875
6346.3203125
6140.86767578125
5945.78173828125
5753.7509765625
5566.14208984375
5385.4443359375
5214.220703125
5051.7373046875
4898.3935546875
4753.50341796875
4611.88427734375
4472.322265625
