2079.73779296875
2050.666259765625
2023.5562744140625
2027.2037353515625
2064.9560546875
2070.2978515625
2066.2177734375
2081.357666015625
2104.371337890625
2142.798828125
2156.578369140625
2167.899658203125
2195.397216796875
2220.6884765625
2241.263671875
2253.500244140625
2265.68603515625
2281.666748046875
2303.30078125
2324.88525390625
2345.059326171875
2365.02294921875
2391.4677734375
2430.738037109375
2488.281982421875
2575.959228515625
2673.881103515625
2777.72119140625
2882.7216796875
3002.62939453125
3137.198486328125
3283.54052734375
162.16929626464844
158.5174560546875
155.3202667236328
147.33291625976562
138.82383728027344
132.47975158691406
127.80062103271484
2235.7275390625
2482.571533203125
2746.936279296875
3177.71044921875
3570.396728515625
3929.204345703125
4254.6572265625
4557.23046875
4846.59130859375
5134.13720703125
5417.14697265625
5699.7080078125
5965.6640625
6257.65576171875
6572.1533203125
6838.05029296875
7093.8740234375
7361.85693359375
7495.49853515625
7615.654296875
7757.29150390625
7909.2578125
8005.71630859375
7942.3310546875
7260.95654296875
6790.3701171875
6396.12158203125
6037.4833984375
5719.58740234375
5406.03369140625
5059.49169921875
4746.767578125
4581.10595703125
4432.59814453125
4291.32373046875
4151.8466796875
4009.010498046875
3864.064453125
3722.506103515625
3583.95654296875
3460.346923828125
3350.0869140625
3248.531982421875
3147.9541015625
3056.578369140625
2972.354736328125
2886.427001953125
2802.107666015625
2719.484619140625
2638.70849609375
2560.315185546875
2487.133056640625
2416.418701171875
2347.6962890625
2280.4140625
