2051.5693359375
2005.861083984375
1471.5906982421875
1327.1195068359375
1286.295166015625
1240.3157958984375
1197.836181640625
1162.54638671875
1133.4581298828125
1117.6190185546875
1100.9742431640625
1079.2313232421875
1055.603759765625
1032.506591796875
1016.2756958007812
998.964111328125
985.9838256835938
972.49609375
959.5003051757812
949.2062377929688
938.5770874023438
927.0608520507812
914.904296875
901.6218872070312
888.6070556640625
877.2910766601562
868.1856079101562
859.8707885742188
851.5933837890625
843.8917236328125
836.2597045898438
828.2901000976562
119.95280456542969
120.69571685791016
121.05355834960938
121.26710510253906
121.52534484863281
121.75020599365234
968.4352416992188
784.3323364257812
797.4154052734375
818.696044921875
816.5845947265625
803.557861328125
787.9330444335938
771.7476196289062
757.3136596679688
746.61474609375
754.2098388671875
761.585205078125
768.570556640625
774.7625122070312
786.5931396484375
803.3323974609375
825.084228515625
848.0235595703125
869.9118041992188
893.265625
919.1715698242188
948.21533203125
980.5551147460938
1012.3698120117188
1044.9444580078125
1078.5582275390625
1112.455810546875
1145.82568359375
1178.2645263671875
1209.4071044921875
1238.93115234375
1266.3050537109375
1290.9317626953125
1312.649169921875
1331.4603271484375
1347.3809814453125
1360.4281005859375
1371.031494140625
1379.389404296875
1386.344482421875
1392.1365966796875
1396.4014892578125
1398.99951171875
1399.8917236328125
1399.2493896484375
1397.1890869140625
1393.8634033203125
1389.4014892578125
1384.0426025390625
1377.843505859375
1370.708984375
1362.583251953125
1353.5379638671875
1343.703857421875
