2060.123779296875
2025.6932373046875
2031.57421875
2046.47802734375
2056.580810546875
2054.510498046875
2071.12841796875
2103.7490234375
2137.263671875
2159.29833984375
2171.426513671875
2172.48095703125
2173.044921875
2175.045654296875
2175.643798828125
2175.515625
2180.771484375
2182.220947265625
2184.906494140625
2188.017822265625
2194.001708984375
2203.87841796875
2216.57080078125
2243.87060546875
2284.093505859375
2335.60693359375
2400.371826171875
2475.87744140625
2562.921142578125
2658.85888671875
2759.043212890625
2863.028076171875
120.26319122314453
122.66577911376953
123.85154724121094
124.62692260742188
125.17575073242188
125.52764892578125
2194.70361328125
2547.700439453125
2809.091552734375
3038.644287109375
3242.49755859375
3424.986083984375
3591.211669921875
3745.267578125
3890.685302734375
4028.849365234375
4160.533203125
4288.1123046875
4411.2431640625
4533.7685546875
4660.1474609375
4801.60791015625
4957.1865234375
5122.36572265625
5292.16455078125
5459.55859375
5625.82177734375
5794.1376953125
5949.52197265625
6104.0087890625
6251.73046875
6396.4521484375
6530.90234375
6656.072265625
6773.8671875
6874.6865234375
6945.51416015625
7012.27392578125
7091.55419921875
7184.41162109375
7284.736328125
7344.63818359375
7355.609375
7383.38916015625
7453.330078125
7526.45263671875
7593.4658203125
7421.8603515625
7114.9951171875
6843.97119140625
6597.57080078125
6354.91943359375
6121.03857421875
5887.9013671875
5656.705078125
5426.33642578125
5197.89697265625
4971.328125
4748.03369140625
4526.35498046875
4340.27734375
