2039.5955810546875
1856.964111328125
1792.2530517578125
1659.1619873046875
1542.7669677734375
1485.7274169921875
1450.037841796875
1427.404296875
1416.2705078125
1403.4637451171875
1394.0506591796875
1388.31494140625
1382.1494140625
1375.0538330078125
1366.669189453125
1358.2149658203125
1353.219482421875
1350.072265625
1347.876708984375
1346.94189453125
1347.3489990234375
1349.4637451171875
1354.0489501953125
1364.114501953125
1380.39599609375
1402.671875
1430.0712890625
1461.5123291015625
1495.94287109375
1532.3726806640625
1571.1671142578125
1614.2001953125
121.74376678466797
122.89529418945312
125.2203140258789
127.21471405029297
128.8371124267578
130.19290161132812
1747.9393310546875
1889.411865234375
1899.8536376953125
1915.536376953125
1935.421630859375
1956.6202392578125
1978.2933349609375
2000.2677001953125
2022.52685546875
2045.0853271484375
2067.65185546875
2090.017578125
2111.71630859375
2133.098876953125
2153.090087890625
2183.20458984375
2213.204345703125
2253.62353515625
2296.458251953125
2339.2890625
2383.0908203125
2421.224365234375
2453.06591796875
2478.73583984375
2498.182861328125
2511.6474609375
2519.85595703125
2523.621826171875
2523.408203125
2519.081298828125
2510.728515625
2498.572998046875
2483.196044921875
2464.995361328125
2443.75634765625
2419.666259765625
2393.011962890625
2363.95556640625
2332.80517578125
2299.8974609375
2265.539794921875
2229.912841796875
2193.213134765625
2155.72119140625
2117.623291015625
2079.08544921875
2039.900634765625
2000.87109375
1961.9222412109375
1922.99658203125
1883.9818115234375
1845.3092041015625
1807.0567626953125
1769.3262939453125
