1939.5482177734375
1479.76708984375
1161.33740234375
980.1598510742188
889.7431640625
882.27685546875
860.3233642578125
835.6681518554688
811.195068359375
787.4354858398438
764.3792724609375
741.9883422851562
719.5447387695312
696.9761352539062
674.7501831054688
659.3436889648438
642.10205078125
626.6585693359375
611.6082763671875
594.958251953125
577.1173095703125
564.7886352539062
549.9765014648438
533.525146484375
516.302001953125
499.6796875
485.2095947265625
470.0950622558594
455.79095458984375
443.27752685546875
431.1781311035156
431.3703308105469
125.64147186279297
127.56051635742188
128.74249267578125
129.5013885498047
129.8992156982422
130.0170135498047
485.92437744140625
376.4743347167969
419.81591796875
460.5522155761719
468.023681640625
449.682373046875
427.3490295410156
404.3330078125
384.8329162597656
371.4951477050781
363.2169189453125
358.3290710449219
355.3663635253906
353.38385009765625
351.832275390625
350.5141906738281
349.91436767578125
351.504638671875
354.3117370605469
361.5761413574219
367.8472595214844
371.0571594238281
371.81097412109375
372.0697021484375
372.85015869140625
374.45733642578125
378.25225830078125
384.28936767578125
391.5898132324219
400.9640197753906
414.2327575683594
434.92401123046875
460.7734069824219
488.79034423828125
518.4088134765625
548.5968017578125
577.7236328125
604.9082641601562
630.450439453125
654.7852172851562
678.435546875
701.0125122070312
722.5274658203125
742.96240234375
761.7051391601562
778.6033935546875
793.6243896484375
806.7280883789062
817.9464111328125
827.2476196289062
834.5922241210938
840.1600952148438
844.1699829101562
846.7274780273438
