2032.1068115234375
2342.942626953125
2521.18701171875
2312.945556640625
2236.92138671875
2210.176025390625
2174.1923828125
2146.6171875
2129.214599609375
2125.64404296875
2128.39208984375
2146.576416015625
2166.33251953125
2189.9697265625
2210.845458984375
2234.07080078125
2262.42724609375
2286.76708984375
2309.87548828125
2334.693603515625
2361.519775390625
2390.24951171875
2423.9072265625
2471.373046875
2537.2626953125
2620.173828125
2717.55712890625
2827.75927734375
2948.611572265625
3077.765625
3213.130859375
3354.5498046875
113.00389099121094
108.04367065429688
106.189208984375
106.37649536132812
106.84439849853516
107.32363891601562
2460.197509765625
3163.5498046875
3327.78857421875
3605.23876953125
3807.4755859375
3956.177001953125
3933.260009765625
3948.546142578125
3980.722412109375
4020.249267578125
4063.64453125
4107.3515625
4151.70947265625
4196.34814453125
4252.20556640625
4294.89892578125
4328.51904296875
4352.44677734375
4375.48388671875
4399.30517578125
4433.162109375
4454.0205078125
4465.04833984375
4464.49658203125
4457.01025390625
4443.748046875
4422.43017578125
4391.400390625
4354.82763671875
4310.35546875
4259.78466796875
4203.15625
4139.77294921875
4070.98681640625
3997.12353515625
3918.73193359375
3836.280029296875
3750.8154296875
3664.12841796875
3576.286865234375
3487.538818359375
3398.5263671875
3310.137451171875
3223.11279296875
3137.82470703125
3054.52392578125
2972.97802734375
2892.729248046875
2813.9892578125
2737.10107421875
2663.967041015625
2593.789306640625
2524.773681640625
2457.583251953125
2392.022705078125
