1499.999755859375
1500.0
1147.5601806640625
979.1263427734375
937.5848388671875
908.96826171875
882.6194458007812
857.9667358398438
834.4694213867188
807.1056518554688
783.0496826171875
764.2423095703125
747.4569091796875
731.504150390625
715.4508056640625
698.7662353515625
682.3410034179688
667.5732421875
655.1605224609375
643.2385864257812
629.8634033203125
616.2217407226562
602.9012451171875
589.8204345703125
576.6737670898438
563.3482666015625
551.609619140625
542.038818359375
534.146484375
526.866455078125
519.5595092773438
511.8695068359375
100.0
100.0
100.0
100.0
100.0
100.0
839.6503295898438
616.7169799804688
534.8554077148438
484.5811767578125
458.2025146484375
442.6795349121094
431.7666320800781
422.7041320800781
412.9171142578125
401.80194091796875
389.3168640136719
377.1336364746094
368.51617431640625
359.6135559082031
350.82489013671875
341.97821044921875
334.0621643066406
326.9819641113281
320.248046875
314.4427185058594
308.5005798339844
302.4245910644531
296.2986145019531
290.10699462890625
283.83905029296875
277.5000305175781
274.41253662109375
271.25433349609375
264.9176025390625
258.7324523925781
252.6182861328125
246.5430145263672
240.5267791748047
234.60247802734375
228.77220153808594
223.06411743164062
217.48414611816406
212.03700256347656
206.7098388671875
201.50567626953125
196.43994140625
191.5452880859375
186.85728454589844
182.33087158203125
177.95726013183594
173.73268127441406
169.64979553222656
165.7064208984375
161.93946838378906
158.3950653076172
154.95758056640625
151.62872314453125
148.39627075195312
145.26844787597656
142.2456512451172
