1500.0
1499.2520751953125
1500.0
1499.99658203125
1500.0
1500.0
1500.0
1500.0
1500.0
1500.0
1500.0
1500.0
1500.0
1500.0
1500.0
1500.0
1500.0
1500.0
1500.0
1500.0
1500.0
1500.0
1489.7430419921875
1477.26904296875
1464.836669921875
1451.1890869140625
1436.01953125
1419.0904541015625
1400.7342529296875
1381.3687744140625
1361.2052001953125
1340.3367919921875
99.91516876220703
100.0
100.0
100.0
100.0
100.0
1500.2529296875
1500.0
1412.112060546875
1327.529052734375
1270.7158203125
1226.7198486328125
1190.234130859375
1157.96630859375
1127.9296875
1099.0130615234375
1070.5662841796875
1042.3245849609375
1014.2428588867188
985.984130859375
957.2589721679688
929.8273315429688
902.57373046875
875.02392578125
847.2758178710938
819.7161254882812
792.4699096679688
765.3956909179688
738.83984375
712.4443969726562
685.5391845703125
659.47998046875
634.1708374023438
608.0950927734375
584.4965209960938
561.300048828125
539.9559936523438
519.789794921875
500.48760986328125
481.5793762207031
463.574462890625
446.4267883300781
429.7710266113281
413.91864013671875
398.77557373046875
384.1129455566406
369.5740966796875
354.6273498535156
340.07415771484375
326.4208068847656
313.7684631347656
302.3481140136719
292.0970458984375
282.8313293457031
274.3754577636719
266.8350524902344
260.2480773925781
254.47610473632812
249.35943603515625
244.44248962402344
