1499.998779296875
1500.0
1500.0
1500.0
1500.7633056640625
1500.0
1500.0
1500.0
1500.0
1500.0
1500.0
1500.0
1500.0
1500.0
1500.0
1500.0
1500.0
1500.0
1499.9998779296875
1499.99951171875
1499.9996337890625
1499.999755859375
1499.9998779296875
1500.0
1500.0
1499.99951171875
1499.9996337890625
1499.9998779296875
1499.999755859375
1499.9993896484375
1499.9991455078125
1499.9971923828125
99.99858093261719
100.0
99.99999237060547
100.0
100.0
100.0
1500.0001220703125
1500.0001220703125
1500.0
1500.0
1500.0
1500.0
1500.0
1500.0
1500.0
1500.0
1500.0
1500.0
1500.0
1500.0
1500.0
1500.0
1500.0
1500.0
1500.0
1500.0
1461.585205078125
1425.9788818359375
1392.0174560546875
1359.1246337890625
1327.0086669921875
1295.3497314453125
1263.852294921875
1232.58349609375
1201.5048828125
1170.638427734375
1139.7125244140625
1108.62109375
1077.915771484375
1048.0179443359375
1019.2870483398438
991.584716796875
964.5994873046875
938.282470703125
912.9253540039062
888.361083984375
864.3775024414062
841.0755615234375
818.3077392578125
796.2486572265625
774.9056396484375
754.2716674804688
734.3795776367188
715.3170776367188
697.0440063476562
679.544921875
662.7860107421875
646.657958984375
631.3649291992188
616.6498413085938
