1353.0372314453125
1010.8736572265625
803.7789916992188
697.0570068359375
651.7928466796875
630.6956176757812
613.9007568359375
597.8897705078125
582.2019653320312
566.660400390625
551.0240478515625
537.508544921875
524.72216796875
512.0922241210938
499.6068420410156
486.9356994628906
473.7269592285156
460.0841064453125
446.2731018066406
432.42437744140625
418.13031005859375
403.5033264160156
388.647705078125
373.8971252441406
359.23797607421875
348.4219665527344
337.4625549316406
326.5389099121094
315.872314453125
305.45977783203125
296.0623474121094
286.86053466796875
100.0
100.0
99.99982452392578
100.0
100.0
100.0
372.14007568359375
277.75054931640625
258.3770446777344
253.8237762451172
251.9844207763672
250.51071166992188
248.57479858398438
246.19583129882812
243.5179443359375
240.67103576660156
237.7648162841797
234.80670166015625
231.81336975097656
228.7822265625
225.73072814941406
222.7139892578125
219.6103057861328
216.35488891601562
212.89952087402344
209.44126892089844
206.00509643554688
202.58091735839844
199.14474487304688
195.695068359375
192.18919372558594
188.6139678955078
184.9949951171875
181.4408416748047
177.97195434570312
174.54977416992188
171.11143493652344
167.5538330078125
163.8212127685547
159.98341369628906
156.10006713867188
152.22874450683594
148.40660095214844
144.6814422607422
141.1351776123047
137.83424377441406
134.6530303955078
131.55560302734375
128.50840759277344
125.50309753417969
122.52507019042969
119.58983612060547
116.69889068603516
113.86939239501953
111.11944580078125
108.4384994506836
105.84410095214844
103.35135650634766
100.96391296386719
98.68671417236328
