1500.0
1500.0
1500.0
1500.0001220703125
1500.0
1500.0
1500.0
1500.0
1500.0
1500.0
1500.0
1500.0
1500.0
1500.0
1500.0
1500.0
1500.0
1500.0
1500.0
1500.0
1500.0
1500.0
1500.0
1500.0
1500.0
1500.0
1500.0
1500.0
1500.0
1500.0
1500.0
1500.0
100.0
100.0
100.0
100.0
100.0
100.0
1500.0
1500.0
1500.0
1500.0
1500.0
1500.0
1500.0
1500.0
1500.0
1500.0
1500.0
1500.0
1500.0
1500.0
1500.0
1500.0
1500.0
1500.0
1500.0
1500.0
1500.0
1500.0
1500.0
1462.918212890625
1413.6419677734375
1366.9241943359375
1321.9722900390625
1278.4771728515625
1236.335205078125
1195.542724609375
1156.323974609375
1118.486083984375
1081.8333740234375
1047.1239013671875
1030.4180908203125
1014.128173828125
983.1972045898438
954.0008544921875
926.1716918945312
899.7811279296875
875.1460571289062
852.3695068359375
831.3026733398438
812.1790161132812
794.3199462890625
777.1312255859375
759.4459838867188
741.4771728515625
723.8919067382812
707.0032348632812
692.0216674804688
679.4139404296875
662.9903564453125
644.5222778320312
625.483642578125
