1499.9986572265625
1500.0
1500.0
1500.0
1500.0
1500.0
1500.0
1500.0
1500.0
1500.0
1500.0
1500.0
1500.0
1499.9993896484375
1500.0
1500.0
1500.0
1500.0
1500.0
1500.0
1500.0
1500.0
1500.0
1500.0
1500.0
1500.0
1500.0
1500.0
1500.0
1500.0
1500.0
1500.0
100.0
100.0
100.0
100.0
100.0
100.0
1499.9998779296875
1499.999755859375
1500.0
1500.0
1500.0
1500.0
1500.0
1500.0
1500.0
1500.0
1500.0
1500.0
1500.0
1500.0
1500.0
1500.0
1500.0
1500.0
1500.0
1500.0
1500.0
1500.0
1500.0
1500.0
1500.0
1481.630126953125
1415.5111083984375
1356.697265625
1299.561279296875
1244.038330078125
1189.8385009765625
1140.4571533203125
1090.3565673828125
1038.5369873046875
1012.6795654296875
986.8407592773438
936.8555297851562
889.038330078125
845.0885009765625
810.1395874023438
777.17919921875
742.7796630859375
702.107177734375
672.4962158203125
642.0029296875
608.332763671875
574.1043090820312
539.2080078125
508.4490051269531
480.3214416503906
454.0966491699219
427.66387939453125
404.37786865234375
388.69866943359375
371.9491271972656
