1499.999755859375
1499.883544921875
1500.0
1499.9989013671875
1500.0
1500.0
1500.0
1500.0
1499.9991455078125
1500.0
1500.0
1500.0
1500.0
1500.0
1500.0
1500.0
1500.0
1500.0
1500.0
1500.0
1500.0
1500.0
1500.0
1500.0
1500.0
1500.0
1500.0
1500.0
1500.0
1500.0
1500.0
1500.0
99.99150848388672
100.0
100.0
100.0
100.0
100.0
1500.0
1500.0
1500.0
1500.0
1481.4901123046875
1448.609619140625
1414.3114013671875
1377.556884765625
1338.8248291015625
1298.14501953125
1256.33935546875
1214.521484375
1173.421142578125
1134.3333740234375
1095.9134521484375
1057.8880615234375
1020.4514770507812
983.7474975585938
948.80419921875
915.3043212890625
882.75341796875
850.9547729492188
819.9315185546875
789.7223510742188
760.3564453125
731.7713623046875
704.122802734375
677.5021362304688
652.0133666992188
627.7020263671875
604.5044555664062
582.30126953125
561.0159912109375
540.5003662109375
520.3018798828125
500.9604797363281
482.342041015625
464.3677062988281
446.9811706542969
430.0971984863281
413.7554016113281
397.97979736328125
382.9232482910156
368.5712890625
354.8594665527344
341.7242431640625
329.2956237792969
317.86322021484375
307.28778076171875
297.3626708984375
287.98919677734375
279.14483642578125
270.7816467285156
262.9625244140625
