1500.0
1500.0
1500.0
1499.9998779296875
1500.0
1500.0
1500.0
1500.0
1500.0
1500.0
1500.0
1500.0
1500.0
1500.0
1500.0
1500.0
1500.0
1500.0
1500.0
1500.0
1495.3004150390625
1483.402099609375
1472.278076171875
1461.0615234375
1448.4400634765625
1434.170654296875
1418.2442626953125
1400.2174072265625
1380.2154541015625
1358.6409912109375
1335.75244140625
1311.7513427734375
99.99998474121094
100.0
100.0
100.0
100.0
100.0
1500.0
1500.0
1404.6165771484375
1324.2606201171875
1262.6409912109375
1212.67431640625
1170.4569091796875
1133.2421875
1099.2857666015625
1067.4891357421875
1037.0283203125
1007.5505981445312
978.1015625
949.9038696289062
922.6727905273438
895.7218627929688
868.4840698242188
841.1001586914062
814.0625610351562
787.3043212890625
760.0446166992188
732.8961181640625
706.080810546875
678.8834838867188
652.6342163085938
627.7084350585938
603.2062377929688
580.042236328125
558.6951904296875
538.3873291015625
518.4398193359375
499.651611328125
481.6990051269531
464.12896728515625
447.45855712890625
431.92584228515625
417.501220703125
404.21600341796875
391.97686767578125
380.6470642089844
370.1097106933594
360.3367004394531
351.2638854980469
342.68634033203125
334.74139404296875
327.1564636230469
319.72088623046875
312.31121826171875
304.8052978515625
297.5150451660156
290.53558349609375
283.8304748535156
277.3889465332031
271.18341064453125
