1500.0
1500.0
1500.0
1500.0
1500.0
1500.0
1500.0
1500.0
1500.0
1500.0
1500.0
1500.0
1500.0
1500.0
1499.9986572265625
1500.0
1500.0
1500.0
1500.0
1500.0
1500.0
1500.0
1500.0
1500.0
1500.0
1500.0
1500.0
1500.0
1500.0
1500.0
1500.0
1500.0
100.0
100.0
100.0
100.0
100.0
100.0
1500.0
1500.0
1500.0
1500.0
1500.0
1500.0
1500.0
1500.0
1500.0
1500.0
1500.0
1500.0
1500.0
1500.0
1500.0
1440.7760009765625
1370.0408935546875
1305.8033447265625
1247.17041015625
1192.5089111328125
1140.756591796875
1091.5458984375
1043.9212646484375
997.9674072265625
953.2019653320312
908.730712890625
894.3712158203125
865.0951538085938
823.4572143554688
784.6074829101562
747.6649780273438
712.2398071289062
680.1362915039062
650.1181640625
618.559326171875
587.9196166992188
559.3004150390625
532.1959228515625
507.68304443359375
483.5673522949219
460.08123779296875
437.70440673828125
416.13214111328125
395.6784973144531
376.11444091796875
357.1234130859375
339.5096435546875
323.3509216308594
308.95037841796875
295.9696350097656
283.79315185546875
271.8644104003906
260.8132629394531
250.33241271972656
240.2726593017578
