1500.0
1500.0
1500.0380859375
1500.0
1500.0
1500.0
1500.0
1500.0
1500.0
1500.0
1500.0
1500.0
1500.0
1500.0
1500.0
1500.0
1500.0
1500.0
1500.0
1500.0
1500.0
1500.0
1500.0
1500.0
1500.0
1500.0
1500.0
1500.0
1431.1121826171875
1349.212890625
1265.102783203125
1181.85888671875
1101.6522216796875
100.0
100.0
100.0
100.0
100.0
100.0
1499.8258056640625
1438.5589599609375
1288.9573974609375
1058.293701171875
883.934326171875
804.00244140625
748.8353271484375
700.5008544921875
682.0450439453125
666.0753784179688
634.943115234375
606.891845703125
580.8840942382812
558.3673706054688
538.2083740234375
519.7037963867188
501.81610107421875
484.1548156738281
466.6681213378906
450.0394287109375
433.9998779296875
418.5555419921875
403.72088623046875
389.5511779785156
376.0399475097656
363.0423889160156
350.51025390625
338.4395751953125
326.8836364746094
316.00238037109375
310.7850036621094
305.70263671875
296.1357116699219
287.26806640625
278.8353271484375
270.7257385253906
263.0071105957031
255.7414093017578
248.92044067382812
242.5006866455078
236.45941162109375
230.7518310546875
225.3568572998047
220.24317932128906
215.37213134765625
210.756103515625
206.37796020507812
202.13839721679688
198.00192260742188
193.96343994140625
190.033447265625
186.22634887695312
182.5540771484375
179.01760864257812
175.61883544921875
172.32357788085938
169.12173461914062
