1499.9993896484375
1500.0
1500.0
1500.0
1500.0
1500.0
1500.0
1500.0
1500.0
1500.0
1500.0
1499.9852294921875
1500.0
1500.0
1500.0
1500.0
1500.0
1500.0
1500.0
1500.0
1500.0
1500.0
1500.0
1500.0
1500.0
1500.0
1500.0
1500.0
1500.0
1500.0
1500.0
1500.0
100.0
100.0
99.99999237060547
100.0
100.0
100.0
100.0
1500.0
1500.0
1500.0
1500.0
1500.0
1500.0
1500.0
1500.0
1500.0
1500.0
1500.0
1500.0
1500.0
1477.2349853515625
1409.703125
1345.2117919921875
1283.5250244140625
1223.982666015625
1166.634765625
1111.584228515625
1058.8338623046875
1008.940185546875
961.8524780273438
917.4334106445312
875.5076904296875
835.8213500976562
798.3681030273438
762.858642578125
729.3204956054688
697.5836791992188
667.6791381835938
640.0098876953125
614.152587890625
589.3970947265625
565.41796875
543.19873046875
521.9974975585938
501.8644104003906
482.698486328125
464.64630126953125
447.59552001953125
431.4647521972656
416.1978759765625
401.7513732910156
388.08331298828125
375.1172790527344
362.8169860839844
351.14862060546875
340.0929870605469
329.6080627441406
319.6472473144531
310.1646728515625
301.1268615722656
292.51666259765625
284.31011962890625
