1499.99951171875
1189.0078125
1075.2587890625
1048.1783447265625
1024.669921875
1002.6184692382812
982.9695434570312
966.6121215820312
952.8359375
939.4170532226562
926.9734497070312
915.292724609375
904.536376953125
894.6116943359375
884.719482421875
874.6561889648438
863.9459228515625
852.60693359375
840.214111328125
826.1332397460938
809.9981079101562
791.9468994140625
772.1861572265625
751.0602416992188
729.4633178710938
708.7792358398438
688.412841796875
668.4561157226562
648.7615966796875
629.042724609375
609.2275390625
589.3395385742188
100.0
100.0
100.0
100.0
100.0
100.0
100.0
554.583740234375
539.434814453125
527.7310180664062
509.35174560546875
491.7588806152344
474.6276550292969
458.17510986328125
442.6719665527344
427.54364013671875
412.7059020996094
397.61669921875
382.2947692871094
366.7801818847656
351.3154296875
336.04974365234375
321.05908203125
306.3979187011719
292.182373046875
278.4865417480469
265.3336181640625
252.77796936035156
240.86395263671875
229.49990844726562
218.61904907226562
208.17059326171875
198.16029357910156
188.55198669433594
179.2917022705078
170.46669006347656
162.1773681640625
154.3826141357422
147.0225372314453
140.0990447998047
133.58404541015625
127.39616394042969
121.53575134277344
116.0119400024414
110.8044662475586
105.8628921508789
101.15611267089844
96.71176147460938
92.1954345703125
87.99532318115234
84.17169189453125
80.53718566894531
77.1147689819336
73.8988265991211
70.8810806274414
68.0467529296875
65.37860870361328
62.852561950683594
60.465946197509766
58.21197509765625
56.079185485839844
54.05531311035156
