1042.0509033203125
763.6257934570312
596.59521484375
520.9465942382812
434.9606628417969
409.2763366699219
404.6981201171875
403.4749450683594
401.5190734863281
398.8104553222656
395.004150390625
390.1318359375
384.5528259277344
377.7994689941406
370.4481506347656
363.7887878417969
357.7229309082031
351.79595947265625
345.6856994628906
339.31695556640625
332.566162109375
325.590576171875
318.3947448730469
311.4619445800781
304.5347595214844
297.3461608886719
289.8880310058594
282.146240234375
274.821044921875
268.2047424316406
261.85516357421875
255.37550354003906
248.58255004882812
100.0
100.0
100.0
100.0
100.0
100.0
100.0
333.2090759277344
239.1907196044922
212.85716247558594
202.88143920898438
196.43621826171875
191.13101196289062
187.26309204101562
185.64451599121094
184.32838439941406
182.1547393798828
179.94618225097656
177.5759735107422
175.0786895751953
172.35107421875
169.5325927734375
166.51260375976562
163.2256317138672
159.7356719970703
156.15065002441406
152.4899139404297
148.7681884765625
145.02651977539062
141.28224182128906
137.55101013183594
133.87648010253906
130.3556365966797
126.90547943115234
123.50092315673828
120.13302612304688
116.80550384521484
113.56300354003906
110.39265441894531
107.30760955810547
104.33207702636719
101.47940063476562
98.7274169921875
96.0684814453125
93.50335693359375
91.15740203857422
88.88238525390625
86.68912506103516
84.5731201171875
82.53585052490234
80.57718658447266
78.69525909423828
76.89198303222656
75.16268157958984
73.50489044189453
71.90999603271484
70.3761215209961
68.9148178100586
67.51093292236328
66.1626968383789
64.87783813476562
63.64521408081055
