1499.999755859375
1500.0
1500.0
1500.0
1500.0
1500.0
1500.0
1500.0
1500.0
1500.0
1500.0
1500.0
1500.0
1500.0
1500.0
1500.0
1500.0
1499.9998779296875
1500.0
1500.0
1500.0
1500.0
1500.0
1500.0
1500.0
1500.0
1500.0
1500.0
1500.0
1500.0
1500.0
1500.0
99.9997787475586
100.0
100.0
100.0
100.0
100.0
1499.9998779296875
1500.0
1500.0
1500.0
1500.0
1500.0
1500.0
1434.127197265625
1332.4559326171875
1236.3466796875
1148.34619140625
1064.331787109375
986.9478759765625
916.6192016601562
853.8916625976562
797.7255249023438
748.8231811523438
703.5432739257812
662.218994140625
624.4157104492188
589.71875
557.8477172851562
528.7615966796875
502.4555969238281
477.07550048828125
452.51611328125
440.5661315917969
428.8552551269531
406.35198974609375
384.9547119140625
364.49951171875
354.8055114746094
345.7610168457031
328.8735046386719
314.23468017578125
302.0368347167969
291.3340759277344
282.49468994140625
274.4120788574219
266.43426513671875
258.7859191894531
251.63934326171875
244.57058715820312
237.36703491210938
230.1703643798828
223.01431274414062
215.93911743164062
208.88662719726562
201.84970092773438
194.83294677734375
188.04217529296875
181.99917602539062
176.5739288330078
171.7187957763672
167.07081604003906
162.3949737548828
