1500.0
1498.91796875
1499.870361328125
1256.5582275390625
911.9030151367188
836.6746215820312
750.2565307617188
702.626708984375
671.61279296875
622.2140502929688
586.8924560546875
565.6671752929688
551.2295532226562
540.35107421875
530.8148193359375
521.9780883789062
513.697265625
505.8472900390625
499.5069580078125
495.94329833984375
493.26007080078125
490.1871032714844
486.7623596191406
483.2159423828125
479.5956726074219
475.9564208984375
472.14752197265625
468.2274169921875
464.2179260253906
460.150634765625
456.05706787109375
451.99261474609375
448.0324401855469
444.11334228515625
440.2286376953125
100.00157165527344
100.00003051757812
100.0
99.99970245361328
99.99999237060547
100.0
941.58203125
898.14208984375
729.60009765625
671.8804931640625
609.9425659179688
562.4267578125
504.0318298339844
472.3849792480469
453.30078125
439.25653076171875
427.8712158203125
417.4661560058594
408.23590087890625
399.98516845703125
392.6491394042969
386.6145935058594
380.61676025390625
374.705322265625
368.759033203125
362.7557373046875
356.604736328125
350.2472839355469
343.6170654296875
336.7263488769531
329.58642578125
322.2619323730469
314.8055419921875
307.30865478515625
300.93658447265625
296.2389831542969
292.177001953125
288.3570861816406
284.6614074707031
281.17828369140625
277.9261779785156
274.82049560546875
271.797119140625
268.9014892578125
266.23797607421875
263.8002014160156
261.4396057128906
259.055419921875
256.63861083984375
254.3026885986328
252.0305633544922
249.76202392578125
247.49583435058594
245.2269287109375
242.92849731445312
240.62828063964844
238.40208435058594
236.26339721679688
234.17410278320312
232.09254455566406
230.0006561279297
227.89561462402344
225.86390686035156
