897.6178588867188
623.826416015625
470.87237548828125
407.8121032714844
344.5235290527344
336.4928894042969
334.6397705078125
334.8207092285156
334.7316589355469
333.245849609375
331.0489196777344
328.42266845703125
324.69110107421875
321.6092834472656
319.4750061035156
317.8940124511719
316.52490234375
315.2433166503906
314.0061340332031
312.7082214355469
311.3524475097656
309.9395751953125
308.4801025390625
306.9959411621094
305.4205322265625
303.790283203125
301.4917907714844
298.7803039550781
295.75994873046875
292.4057312011719
288.77227783203125
284.8547668457031
281.08819580078125
277.400390625
273.6198425292969
99.99996948242188
100.0
100.0
100.0
100.0
100.0
384.11004638671875
348.9154968261719
297.914794921875
273.6601257324219
267.96759033203125
264.9032287597656
258.0195617675781
248.0494384765625
239.74508666992188
232.9600067138672
226.61618041992188
220.3883056640625
214.22817993164062
208.11618041992188
202.0411834716797
195.98077392578125
189.94004821777344
183.8449249267578
180.38426208496094
176.68728637695312
172.7368927001953
168.7019500732422
164.6444091796875
160.81539916992188
158.34344482421875
156.04115295410156
153.8452606201172
151.75396728515625
149.72816467285156
147.80615234375
145.95082092285156
144.16995239257812
142.4456024169922
140.79571533203125
139.34715270996094
137.9992218017578
136.73989868164062
135.56710815429688
134.49835205078125
133.5410919189453
132.6671142578125
131.8544921875
131.08436584472656
130.34190368652344
129.61854553222656
128.9062957763672
128.1996612548828
127.49623107910156
126.7965087890625
126.10206604003906
125.41250610351562
124.728271484375
124.0511245727539
123.38323974609375
122.73381805419922
122.09251403808594
121.45729064941406
