1500.0
1499.9998779296875
1499.9998779296875
1500.0
1500.0
1500.0
1500.0
1500.0
1500.0
1500.0
1500.0
1500.0
1500.0
1500.0
1500.0
1499.99658203125
1500.0
1500.0
1500.0
1500.0
1500.0
1500.0
1500.0
1500.0
1500.0
1500.0
1500.0
1500.0
1500.0
1500.0
1500.0
1500.0
100.0
100.0
100.0
100.0
100.0
100.0
1500.0006103515625
1500.0
1500.0
1500.0
1500.0
1500.0
1500.0
1500.0
1500.0
1500.0
1500.0
1500.0
1500.0
1500.0
1401.4093017578125
1292.7392578125
1209.8468017578125
1124.4271240234375
1041.7918701171875
955.9567260742188
866.4703979492188
771.4480590820312
675.6832885742188
576.52880859375
512.5573120117188
481.35577392578125
453.7106628417969
429.5048522949219
407.00140380859375
385.92218017578125
365.547607421875
345.4478454589844
325.3576965332031
311.1154479980469
297.7652587890625
283.9548645019531
270.0870666503906
256.8016052246094
244.15164184570312
232.404052734375
221.74972534179688
211.7004852294922
202.32452392578125
193.5852813720703
185.38711547851562
179.32664489746094
174.31198120117188
169.99081420898438
165.98532104492188
162.12400817871094
158.17811584472656
154.04554748535156
149.91397094726562
145.90811157226562
