1500.0
1494.3878173828125
1500.0
1500.0
1500.0
1500.0
1500.0
1500.0
1500.0
1500.0
1500.0
1499.9998779296875
1500.0
1500.0
1500.0
1500.0
1500.0
1495.7091064453125
1480.0445556640625
1464.5628662109375
1447.0341796875
1427.3521728515625
1405.371826171875
1381.8275146484375
1357.067138671875
1331.1641845703125
1304.11474609375
1275.9510498046875
1246.7877197265625
1216.7177734375
1185.6514892578125
1153.5628662109375
100.0
100.0
100.0
100.0
100.0
100.0
1469.2769775390625
1311.256103515625
1201.7342529296875
1107.08984375
1048.3966064453125
1004.0609130859375
965.2363891601562
929.29345703125
894.3746337890625
859.3865966796875
823.9095458984375
788.3067626953125
752.9874877929688
718.5693359375
683.7981567382812
650.3084106445312
617.9093017578125
585.9114379882812
556.3172607421875
528.9976196289062
503.6234436035156
479.6578369140625
456.6179504394531
434.36273193359375
412.4988098144531
391.8043518066406
372.3511962890625
353.5209045410156
335.5137939453125
318.576904296875
302.9039306640625
288.80999755859375
276.1068420410156
264.54315185546875
253.93899536132812
244.15789794921875
235.057861328125
226.9046173095703
219.677001953125
213.201416015625
207.390625
202.1744384765625
197.4599151611328
193.07736206054688
188.86502075195312
184.7499542236328
180.7355499267578
176.740966796875
172.75302124023438
168.90330505371094
165.29360961914062
161.90731811523438
158.67776489257812
155.49728393554688
152.33633422851562
