1500.0
1500.01904296875
1500.0
1499.9898681640625
1500.0
1263.3485107421875
1145.7767333984375
1114.8131103515625
1090.2579345703125
1047.7911376953125
1025.92431640625
1004.7518920898438
994.9884643554688
991.2417602539062
990.3692016601562
990.8030395507812
991.9320068359375
993.4337768554688
994.27734375
994.8050537109375
994.7933349609375
994.6002807617188
994.439453125
994.1356201171875
993.5877685546875
992.7369995117188
991.5686645507812
990.0801391601562
988.326416015625
986.3536376953125
984.177001953125
981.8059692382812
979.25
976.5673217773438
973.72998046875
970.6810913085938
100.00001525878906
99.99988555908203
99.99999237060547
100.0
100.0
100.0
1408.940185546875
1393.90576171875
1297.060302734375
1229.0882568359375
1205.515380859375
1161.5596923828125
1109.2431640625
1086.720947265625
1057.6376953125
1016.7552490234375
988.5204467773438
968.645263671875
954.2825927734375
943.4598999023438
934.9207153320312
927.9596557617188
921.9990234375
916.6201171875
911.751953125
907.340576171875
903.2846069335938
899.443359375
895.643310546875
891.7769775390625
887.8092651367188
883.7230834960938
879.5457153320312
875.2028198242188
870.7166748046875
866.1009521484375
861.378662109375
856.5345458984375
851.5907592773438
846.5669555664062
841.471435546875
836.2941284179688
831.0380249023438
825.7249145507812
820.379150390625
815.0269165039062
809.6650390625
804.361572265625
799.1644897460938
794.0711059570312
789.0966796875
784.25244140625
779.551025390625
774.9981079101562
770.6119995117188
766.4014892578125
762.3738403320312
758.5242919921875
754.8253784179688
751.2529296875
747.7701416015625
744.3570556640625
740.9995727539062
737.6968994140625
