1500.0
1165.1201171875
853.2083129882812
747.447021484375
722.4954223632812
716.376953125
705.0235595703125
696.2642822265625
676.5300903320312
645.4832153320312
631.9915771484375
621.324951171875
603.552734375
588.1065673828125
573.4462890625
559.2236938476562
546.0638427734375
533.3135986328125
520.4857177734375
506.95147705078125
493.6479797363281
480.5699768066406
467.6314697265625
454.80780029296875
442.0351867675781
429.43505859375
416.87835693359375
411.7286682128906
408.880615234375
406.2978820800781
403.46173095703125
400.20208740234375
396.6328430175781
392.81683349609375
388.8229675292969
384.6750183105469
380.3653564453125
100.0
100.0
100.0
100.0
100.0
100.0
502.0439147949219
477.8216552734375
463.77996826171875
449.5628356933594
440.6458435058594
422.2402648925781
407.65252685546875
380.7262878417969
357.0479431152344
343.0104675292969
332.2312316894531
322.69122314453125
313.6183776855469
304.8318786621094
296.4795837402344
288.49066162109375
280.9371032714844
275.4209899902344
270.7161865234375
265.91461181640625
261.3099670410156
256.9510803222656
253.59356689453125
250.57391357421875
247.68385314941406
244.88626098632812
242.18946838378906
239.5728302001953
237.0016632080078
234.46044921875
231.9631805419922
229.5296630859375
227.14637756347656
224.79615783691406
222.47340393066406
220.16522216796875
217.883544921875
215.61448669433594
213.35104370117188
211.1136474609375
208.89117431640625
206.89559936523438
205.02743530273438
203.24246215820312
201.5084991455078
199.79905700683594
198.10543823242188
196.41831970214844
194.65699768066406
192.9752960205078
191.31680297851562
189.66883850097656
188.02317810058594
186.4241943359375
184.8714599609375
183.3697509765625
181.92547607421875
180.54534912109375
