1500.0
1500.0
1500.000732421875
1500.0
1500.0
1500.0
1500.0
1500.0
1500.0
1500.0
1500.0
1500.0
1500.0
1500.0
1500.0
1500.0
1500.0
1500.0
1500.0
1500.0
1500.0
1500.0
1500.0
1500.0
1500.0
1500.0
1500.0
1500.0
1500.0
1500.0
1500.0
1500.0
100.0
100.0000228881836
100.0
100.0
100.0
100.0
100.0
1499.997802734375
1500.0
1500.0
1500.0
1500.0
1500.0
1500.0
1500.0
1500.0
1500.0
1500.0
1500.0
1500.0
1480.1207275390625
1398.586181640625
1326.0802001953125
1265.702392578125
1206.6229248046875
1148.2166748046875
1089.2686767578125
1029.0408935546875
968.2826538085938
909.720458984375
853.84033203125
809.6103515625
762.86376953125
719.6997680664062
678.6243896484375
639.5535888671875
606.5750122070312
576.9173583984375
548.8983154296875
521.8931274414062
495.58428955078125
469.8685302734375
445.9429931640625
423.68963623046875
402.0567932128906
381.6243591308594
362.69610595703125
345.7978210449219
330.45880126953125
315.8372802734375
301.8587341308594
293.9303283691406
285.7782287597656
277.16064453125
269.1380615234375
262.239990234375
255.50823974609375
249.17324829101562
242.87313842773438
236.3857421875
229.0146942138672
