1500.0
1500.0
1500.0
1500.0001220703125
1500.0
1500.0
1500.0
1500.0
1500.0
1500.0
1500.0
1500.0
1500.0
1500.0
1500.0
1500.0
1500.0
1500.0
1500.0
1500.0
1500.0
1500.0
1500.0
1500.0
1500.0
1500.0
1500.0
1500.0
1471.5523681640625
1425.9002685546875
1385.0611572265625
1346.6424560546875
1309.3248291015625
100.0
100.00032806396484
99.98307800292969
100.0
99.94276428222656
99.94659423828125
100.0
1500.0
1500.0093994140625
1499.9998779296875
1432.8387451171875
1296.65576171875
1206.720703125
1144.177734375
1096.974609375
1076.3037109375
1057.385498046875
1023.39794921875
991.689453125
961.1693115234375
932.0181274414062
903.7074584960938
875.7700805664062
847.8132934570312
820.118408203125
792.85546875
766.1453247070312
740.1317138671875
715.1791381835938
691.4427490234375
669.0403442382812
647.9899291992188
628.0016479492188
608.7492065429688
590.08056640625
571.88134765625
554.1463623046875
537.3558959960938
521.6532592773438
506.9398498535156
493.0654296875
479.9030456542969
467.2779235839844
455.3324890136719
444.2215576171875
433.70880126953125
423.602294921875
413.85894775390625
403.9077453613281
393.5318298339844
382.8516540527344
371.97332763671875
360.94598388671875
351.02935791015625
342.7268981933594
335.5588684082031
329.0268249511719
322.82275390625
316.7945251464844
310.88861083984375
304.86602783203125
298.4171142578125
291.7840881347656
