1043.3626708984375
766.6196899414062
599.9847412109375
523.9339599609375
436.935546875
410.40203857421875
405.52728271484375
404.2066650390625
402.2651672363281
399.5343933105469
395.8961486816406
391.094970703125
385.6314392089844
379.6582946777344
372.0489807128906
365.10546875
358.9158935546875
353.0704650878906
347.13641357421875
340.9604797363281
334.46142578125
327.6499328613281
320.6753234863281
313.7772521972656
306.9532470703125
299.9277038574219
292.63946533203125
285.0693664550781
277.57861328125
270.71319580078125
264.24053955078125
257.72283935546875
250.78311157226562
100.0
100.0
100.0
100.0
99.99938201904297
100.0
100.0
331.3846435546875
254.9494171142578
227.049560546875
210.62562561035156
202.6236572265625
196.28085327148438
191.16250610351562
187.34860229492188
185.5867919921875
184.21432495117188
181.9263458251953
179.6686248779297
177.33871459960938
174.91651916503906
172.2902374267578
169.57130432128906
166.64334106445312
163.44158935546875
160.00640869140625
156.4569854736328
152.81265258789062
149.09349060058594
145.34756469726562
141.59959411621094
137.8677215576172
134.1844024658203
130.6588592529297
127.21089172363281
123.81548309326172
120.45970153808594
117.1440658569336
113.91082763671875
110.74820709228516
107.662353515625
104.68279266357422
101.8184585571289
99.06494903564453
96.40308380126953
93.83326721191406
91.43315887451172
89.1526107788086
86.95704650878906
84.84366607666016
82.80950164794922
80.85063171386719
78.96476745605469
77.15634155273438
75.42240142822266
73.76004791259766
72.15914916992188
70.6205825805664
69.15323638916016
67.7427749633789
66.38627624511719
65.09009552001953
63.851837158203125
