1500.0
1500.003662109375
1500.0
1500.0374755859375
1499.9998779296875
1499.9908447265625
1499.9998779296875
1491.31494140625
1249.79541015625
1097.500732421875
1048.957275390625
1019.630615234375
995.7669677734375
985.2310791015625
980.70654296875
978.9346923828125
978.6966552734375
980.01220703125
982.205322265625
984.5029907226562
985.823974609375
986.0269165039062
986.2654418945312
986.4620971679688
986.4586181640625
986.1661376953125
985.5444946289062
984.5809936523438
983.3333740234375
981.861328125
980.1747436523438
978.2708129882812
976.13427734375
973.8004760742188
971.2722778320312
968.4020385742188
965.24853515625
100.0
99.99996948242188
100.0
100.0
100.0
99.99992370605469
1414.349365234375
1401.7906494140625
1305.955078125
1233.8958740234375
1209.743408203125
1166.522705078125
1149.5166015625
1114.6201171875
1064.6246337890625
1023.2391967773438
992.5949096679688
970.2071533203125
953.488525390625
940.6703491210938
930.3287963867188
921.65380859375
914.2811889648438
907.9558715820312
902.4309692382812
897.4547729492188
892.7764892578125
888.264404296875
883.837890625
879.4362182617188
875.012451171875
870.5023803710938
865.8882446289062
861.17431640625
856.3558349609375
851.4208984375
846.3920288085938
841.3040161132812
836.1842041015625
831.0313720703125
825.8582763671875
820.6695556640625
815.4963989257812
810.2686157226562
805.0437622070312
799.8855590820312
794.8121337890625
789.85400390625
785.0552368164062
780.4326782226562
775.9462890625
771.5764770507812
767.3055419921875
763.1189575195312
759.008056640625
754.9945678710938
751.0686645507812
747.2415771484375
743.5527954101562
740.0869140625
736.8858642578125
733.9269409179688
731.1463012695312
728.4741821289062
