1500.0
1499.999755859375
1500.0
1500.0
1500.0
1500.0
1500.0
1500.0
1500.0
1500.0
1500.0
1500.0
1500.0
1500.0
1500.0
1500.0
1500.0
1500.0
1500.0
1500.0
1500.0
1500.0
1500.0
1500.0
1500.0
1500.0
1500.0
1500.0
1500.0
1500.0
1500.0
1500.0
1500.0
100.03111267089844
100.0
100.0
100.0
100.0
100.0
1500.0
1500.0
1499.850830078125
1500.0
1500.0
1500.0
1500.0
1500.0
1500.0
1500.0
1438.2491455078125
1377.3916015625
1317.149658203125
1257.27001953125
1198.010498046875
1139.9210205078125
1083.7747802734375
1029.608154296875
977.4779663085938
928.2050170898438
881.7926025390625
837.8491821289062
796.25341796875
756.7820434570312
719.0855712890625
683.317626953125
650.7510986328125
620.9552612304688
593.2472534179688
567.2174682617188
542.5939331054688
530.6854248046875
519.0855102539062
497.0234680175781
476.2132263183594
455.8298034667969
436.7298278808594
418.92169189453125
402.0778503417969
386.2175598144531
371.333251953125
357.225341796875
343.9922180175781
331.5559387207031
319.77886962890625
308.643798828125
297.9694519042969
288.028076171875
278.7104797363281
269.9664306640625
261.74310302734375
254.00054931640625
246.70628356933594
239.79058837890625
233.21665954589844
226.97056579589844
