1499.9970703125
1500.0
1500.0
1499.999755859375
1500.0
1500.0
1500.0
1500.0
1499.9998779296875
1500.0
1500.0
1500.0
1500.0
1500.0
1500.0
1500.0
1499.9998779296875
1499.999755859375
1500.0
1500.0
1500.0
1499.9998779296875
1499.9998779296875
1499.9998779296875
1500.0
1500.0
1500.0
1500.0
1500.0
1500.0
1500.0
1500.0
1500.0
100.0
100.0
100.0
100.0
100.0
100.0
1499.99951171875
1500.0
1499.99609375
1500.0
1500.0
1500.0
1500.0
1500.0
1500.0
1500.0
1500.0
1500.0
1500.0
1500.0
1500.0
1500.0
1500.0
1500.0
1500.0
1500.0
1500.0
1500.0
1500.0
1500.0
1500.0
1500.0
1500.0
1500.0
1500.0
1478.74169921875
1398.21826171875
1330.8802490234375
1268.277099609375
1208.22412109375
1151.0880126953125
1096.86474609375
1045.4053955078125
997.1232299804688
951.9324340820312
909.8644409179688
870.9559936523438
835.0869140625
802.045166015625
771.70263671875
743.8265991210938
718.1908569335938
694.6242065429688
672.9457397460938
652.970458984375
634.5453491210938
617.5197143554688
601.6831665039062
586.9157104492188
573.106689453125
560.149658203125
