1500.0
1499.212890625
1500.089111328125
1282.7178955078125
1171.856201171875
1115.4932861328125
1003.5046997070312
936.4962768554688
834.8372802734375
793.89501953125
733.58154296875
678.1543579101562
643.248291015625
619.7068481445312
602.96484375
591.3132934570312
583.3204345703125
578.2225341796875
575.5463256835938
574.5236206054688
574.43310546875
574.970458984375
575.9237670898438
577.10400390625
578.3504638671875
579.5079345703125
580.4268798828125
581.0828857421875
581.470947265625
581.58935546875
581.4441528320312
581.0499877929688
580.4266357421875
579.5862426757812
578.564697265625
577.3751220703125
576.0263671875
100.0
100.0000228881836
100.0
100.0
100.0
100.0
998.2827758789062
979.2665405273438
877.8541870117188
808.5316162109375
785.9528198242188
749.2349853515625
734.531005859375
705.2987060546875
673.3201293945312
648.9578857421875
629.3681640625
613.0017700195312
599.2222290039062
587.4886474609375
577.3233642578125
568.4599609375
560.611083984375
553.5681762695312
547.1913452148438
541.39794921875
536.088134765625
531.196533203125
526.6696166992188
522.4689331054688
518.5487060546875
514.8583984375
511.3499755859375
507.98016357421875
504.7117614746094
501.5163269042969
498.3712158203125
495.2686767578125
492.19879150390625
489.1533508300781
486.1305236816406
483.12176513671875
480.1155700683594
477.10186767578125
474.07476806640625
471.03253173828125
467.9757995605469
464.9059753417969
461.8238220214844
458.7298583984375
455.62713623046875
452.5181884765625
449.40478515625
446.2889099121094
443.173583984375
440.06231689453125
436.9587707519531
433.8665771484375
430.78912353515625
427.7197265625
424.6317138671875
421.5438537597656
418.473388671875
415.4118957519531
