1499.9979248046875
1500.0
1500.0
1500.0
1500.0
1500.0
1500.0
1500.0
1500.0
1500.0
1500.0
1500.0
1500.0
1500.0
1500.0
1500.0
1500.0
1500.0
1500.0
1500.0
1500.0
1500.0
1500.0
1500.0
1500.0
1500.0
1500.0
1500.0
1500.0
1500.0
1500.0
1500.0
100.0
99.99900817871094
100.0
100.0
100.0
100.0
100.0
1499.999755859375
1499.996337890625
1500.0
1500.0
1500.0
1500.0
1500.0
1500.0
1500.0
1500.0
1500.0
1500.0
1500.0
1500.0
1500.0
1500.0
1500.0
1500.0
1500.0
1500.0
1500.0
1500.0
1500.0
1500.0
1500.0
1500.0
1500.0
1500.0
1500.0
1500.0
1500.0
1500.0
1474.0635986328125
1418.9613037109375
1365.6494140625
1313.607421875
1266.4488525390625
1231.106689453125
1199.1539306640625
1167.4805908203125
1134.9669189453125
1100.5906982421875
1066.8414306640625
1034.063720703125
1002.4723510742188
970.8525390625
938.865478515625
906.9010620117188
875.8308715820312
844.868408203125
815.0303955078125
789.4024658203125
764.6829833984375
743.89306640625
723.9349975585938
