1499.9998779296875
1500.0
1500.0
1500.0
1500.0
1499.9998779296875
1500.0
1500.0
1500.0
1500.0
1500.0
1500.0
1500.0
1500.0
1500.0
1500.0
1500.0
1500.0
1500.0
1500.0
1500.0
1500.0
1500.0
1500.0
1500.0
1500.0
1500.0
1500.0
1500.0
1500.0
1500.0
1500.0
100.0
99.99430084228516
100.0
100.0
100.0
100.0
100.0
1500.0
1500.0
1500.0
1500.0
1500.0
1500.0
1500.0
1500.0
1500.0
1474.4713134765625
1375.0008544921875
1279.92724609375
1191.0989990234375
1110.2215576171875
1036.8909912109375
969.499755859375
906.5573120117188
846.5418090820312
791.4765625
740.244384765625
690.9945068359375
642.3438110351562
595.0294189453125
551.262939453125
511.570068359375
477.3349914550781
444.65045166015625
411.3375244140625
373.5851745605469
342.7440490722656
320.23455810546875
298.6922302246094
280.2321472167969
263.7514343261719
249.53208923339844
237.14183044433594
225.4698486328125
215.8302459716797
207.67352294921875
200.29676818847656
193.3140869140625
187.0387420654297
180.69546508789062
174.25494384765625
167.956298828125
161.95802307128906
157.856689453125
154.2191925048828
150.47567749023438
146.26856994628906
141.7978973388672
137.15638732910156
132.53269958496094
128.0914764404297
123.89466094970703
