1499.999755859375
1500.0
1500.0
1500.0
1500.0
1500.0
1500.0
1500.0
1500.0
1500.0
1500.0
1500.0
1500.0
1500.0
1500.0
1500.0
1500.0
1500.0
1500.0
1500.0
1500.0
1500.0
1500.0
1500.0
1500.0
1500.0
1500.0
1500.0
1500.0
1500.0
1500.0
1500.0
99.97451782226562
100.0
99.9998779296875
100.0
100.0
100.0
1500.0
1500.17041015625
1500.0
1500.0
1500.0
1470.4678955078125
1428.8807373046875
1390.99853515625
1353.9326171875
1316.6668701171875
1278.8702392578125
1240.62744140625
1201.78759765625
1162.9718017578125
1125.6785888671875
1088.9862060546875
1052.808837890625
1017.1187744140625
981.5909423828125
947.4783325195312
914.6366577148438
883.0636596679688
852.497802734375
822.62451171875
793.0985107421875
764.1610717773438
735.9503173828125
708.543701171875
681.9461669921875
656.16455078125
631.3157958984375
607.4852905273438
584.7023315429688
562.943115234375
542.2006225585938
522.3768310546875
503.3825378417969
485.16107177734375
467.6720275878906
450.87451171875
434.7373352050781
419.2732238769531
404.52166748046875
390.4534606933594
376.9770812988281
363.8885498046875
351.1753845214844
338.9591064453125
327.5262451171875
316.52728271484375
306.3417663574219
296.68328857421875
287.4994201660156
278.6336975097656
270.11712646484375
