1499.9993896484375
1500.0
1500.0
1500.0
1500.0
1500.0
1500.0
1500.0
1500.0
1500.0
1500.0
1500.0
1500.0
1500.0
1500.0
1500.0
1500.0
1500.0
1500.0
1500.0
1500.0
1500.0
1500.0
1500.0
1500.0
1500.0
1500.0
1500.0
1500.0
1500.0
1500.0
1500.0
98.86651611328125
100.0
100.0
100.0
100.0
100.0
1500.0
1500.005126953125
1500.0
1500.0
1500.0
1500.0
1500.0
1500.0
1500.0
1500.0
1500.0
1500.0
1500.0
1500.0
1500.0
1500.0
1500.0
1500.0
1500.0
1500.0
1500.0
1500.0
1500.0
1500.0
1500.0
1500.0
1500.0
1500.0
1500.0
1500.0
1500.0
1500.0
1500.0
1492.92041015625
1439.725341796875
1390.552978515625
1344.4715576171875
1300.8897705078125
1259.4168701171875
1219.6568603515625
1181.1221923828125
1143.58544921875
1106.8726806640625
1070.8704833984375
1035.42724609375
1000.8217163085938
967.2217407226562
934.5924072265625
902.748291015625
871.4935913085938
840.5064086914062
812.1107788085938
788.6636352539062
767.9472045898438
748.5559692382812
