1499.9998779296875
1500.0
1500.0
1500.0
1500.0
1500.0
1500.0
1500.0
1500.0
1500.0
1500.0
1500.0
1500.0
1500.0
1499.9967041015625
1500.0
1500.0
1500.0
1500.0
1500.0
1500.0
1500.0
1500.0
1500.0
1500.0
1500.0
1500.0
1500.0
1500.0
1500.0
1500.0
1500.0
100.0
100.0
100.0
100.0
100.0
100.0
1499.999755859375
1500.0
1500.0
1478.72265625
1428.0059814453125
1385.8890380859375
1346.5902099609375
1307.9454345703125
1269.11865234375
1229.615478515625
1189.50634765625
1149.6300048828125
1111.253173828125
1073.1158447265625
1035.482666015625
997.86328125
961.3942260742188
926.5204467773438
893.0955810546875
860.8468017578125
829.4984741210938
798.6363525390625
768.3641357421875
738.8352661132812
710.1775512695312
682.4569091796875
655.627197265625
629.8276977539062
605.1522827148438
581.5974731445312
559.1416625976562
537.7600708007812
517.3450317382812
497.8258972167969
488.3541564941406
479.0464172363281
461.11138916015625
443.9596252441406
427.513427734375
411.82293701171875
396.9020080566406
382.56298828125
368.7454833984375
355.5080261230469
342.8136291503906
330.97174072265625
319.4163513183594
308.7900085449219
298.72412109375
289.20648193359375
280.00885009765625
271.1650085449219
262.6654052734375
254.617431640625
247.02017211914062
