1499.9996337890625
1500.00537109375
1500.0
1500.0
1500.0
1500.0
1500.0
1500.0
1500.0
1500.0
1500.0
1500.0
1500.0
1500.0
1500.0
1500.0
1500.0
1500.0
1500.0
1500.0
1500.0
1500.0
1500.0
1500.0
1500.0
1500.0
1500.0
1500.0
1500.0
1500.0
1500.0
1500.0
99.98729705810547
100.0
100.0
100.0
100.0
100.0
1500.0
1500.0
1500.0
1500.0
1500.0
1500.0
1500.0
1500.0
1500.0
1500.0
1500.0
1483.6041259765625
1439.2119140625
1395.8939208984375
1351.8778076171875
1307.2947998046875
1262.3785400390625
1217.6270751953125
1173.1495361328125
1128.823974609375
1084.78076171875
1041.446044921875
998.9763793945312
957.7088623046875
917.8353881835938
880.096435546875
844.4342651367188
810.39208984375
777.8446044921875
746.5779418945312
716.4951171875
687.488525390625
659.5079345703125
632.5099487304688
606.4633178710938
581.2874755859375
556.9973754882812
533.6321411132812
511.16729736328125
489.5592346191406
468.7700500488281
448.7615051269531
429.54180908203125
411.1233825683594
393.3724060058594
376.02874755859375
359.880615234375
344.42864990234375
329.6850280761719
315.36578369140625
301.59515380859375
288.8628845214844
276.59039306640625
264.7870788574219
