1499.9998779296875
1499.603515625
1500.0
1500.0
1500.0
1500.0
1500.0
1500.0
1499.9998779296875
1500.0
1500.0
1500.0
1500.0
1500.0
1500.0
1500.0
1500.0
1500.0
1500.0
1500.0
1499.4114990234375
1486.26318359375
1475.4622802734375
1464.9798583984375
1454.116455078125
1441.9853515625
1427.9202880859375
1411.9534912109375
1394.75830078125
1376.5711669921875
1357.125
1336.309814453125
99.99859619140625
100.0
100.0
100.0
100.0
100.0
1500.0
1500.0
1487.1531982421875
1386.9449462890625
1315.848388671875
1258.220947265625
1210.2869873046875
1169.0914306640625
1132.2520751953125
1098.245361328125
1066.2333984375
1035.59814453125
1005.0308837890625
976.3492431640625
962.6836547851562
948.9556274414062
921.4322509765625
893.9522094726562
866.6141357421875
839.6810913085938
813.0946044921875
786.6625366210938
773.9243774414062
761.212646484375
735.874267578125
710.165283203125
684.7750854492188
659.8134765625
634.023193359375
626.195556640625
610.1268920898438
586.0824584960938
563.7691650390625
542.6104125976562
522.645263671875
504.4236755371094
487.71295166015625
472.11553955078125
457.2689514160156
443.0110778808594
429.1698913574219
415.668701171875
402.6947021484375
390.34686279296875
378.52288818359375
367.0893249511719
356.1179504394531
345.5346984863281
335.3088684082031
325.1174621582031
315.4051208496094
306.4821472167969
298.1733703613281
290.1697082519531
282.4625549316406
275.1056823730469
268.4226989746094
