1499.9989013671875
1500.0
1500.0
1500.0
1500.0
1500.0
1500.0
1500.0
1500.0
1500.0
1500.0
1500.0
1500.0
1500.0
1464.1849365234375
1428.1380615234375
1404.530029296875
1385.852783203125
1366.62060546875
1346.211669921875
1325.7801513671875
1304.52392578125
1282.805419921875
1261.7518310546875
1240.5089111328125
1218.484375
1197.4896240234375
1177.477783203125
1156.288818359375
1134.8460693359375
1112.5928955078125
1089.915283203125
100.0
100.0
100.0
100.0
100.0
100.0
1499.999755859375
1165.327392578125
1055.361083984375
995.3831176757812
951.8792724609375
915.1223754882812
879.0342407226562
847.3551025390625
815.9091186523438
785.32666015625
755.5343017578125
726.0673828125
704.0352783203125
685.0217895507812
677.6869506835938
670.0847778320312
654.5260009765625
639.352294921875
624.3667602539062
609.7872924804688
595.7059936523438
582.1170654296875
568.8841552734375
555.90185546875
543.1266479492188
530.5726928710938
518.2512817382812
506.1969299316406
494.326416015625
482.56658935546875
470.8452453613281
459.11566162109375
447.413330078125
435.81689453125
424.4242858886719
413.3338623046875
402.5917053222656
392.146728515625
381.957763671875
372.00836181640625
362.2700500488281
352.7411804199219
343.424072265625
334.3042297363281
325.4067077636719
316.7658996582031
308.5566101074219
300.6244812011719
293.01885986328125
285.7116394042969
278.6712646484375
271.92498779296875
265.4915466308594
259.3236083984375
253.4117889404297
