1499.9996337890625
1500.0
1500.00048828125
1500.0
1500.0
1500.0
1500.0
1500.0
1500.0
1500.0
1500.0
1500.0
1500.0
1500.0
1500.0
1500.0
1500.0
1500.0
1500.0
1500.0
1500.0
1500.0
1500.0
1500.0
1500.0
1500.0
1500.0
1500.0
1500.0
1500.0
1500.0
1500.0
100.00003814697266
100.0
100.0
100.0
100.0
100.0
1497.751953125
1500.0
1500.0
1500.0
1500.0
1456.158203125
1416.0574951171875
1385.729248046875
1358.0865478515625
1330.4403076171875
1301.0989990234375
1270.409912109375
1238.9761962890625
1207.000244140625
1191.1527099609375
1174.9947509765625
1141.632568359375
1107.7861328125
1073.7952880859375
1039.9915771484375
1006.4758911132812
973.3264770507812
940.427001953125
907.6187133789062
874.97802734375
842.667724609375
810.7948608398438
779.50048828125
748.8627319335938
718.9848022460938
689.9732666015625
661.8550415039062
634.7459716796875
608.74609375
583.8564453125
559.9140625
536.9307250976562
514.8512573242188
493.611083984375
473.0998840332031
453.4995422363281
434.6465759277344
416.5336608886719
399.0980224609375
382.3085021972656
366.021728515625
350.65771484375
335.4012756347656
322.0535888671875
308.96875
296.55560302734375
284.5198669433594
273.24639892578125
262.4710998535156
252.2026824951172
