2047.315673828125
1842.3934326171875
1832.892822265625
1712.6490478515625
1593.8997802734375
1524.6568603515625
1480.6138916015625
1447.50732421875
1427.132080078125
1417.848388671875
1407.050537109375
1398.0362548828125
1392.0804443359375
1386.908203125
1380.75244140625
1373.767578125
1366.2501220703125
1358.8861083984375
1354.310546875
1350.9307861328125
1347.770263671875
1345.9100341796875
1345.3780517578125
1345.8682861328125
1347.9241943359375
1352.484619140625
1361.8671875
1377.0755615234375
1398.0078125
1423.8912353515625
1453.7196044921875
1486.55810546875
117.51923370361328
121.07875061035156
122.22455596923828
122.82295989990234
123.2360610961914
123.55282592773438
1423.2896728515625
1724.887939453125
1780.3857421875
1802.4898681640625
1819.6539306640625
1837.1385498046875
1856.7288818359375
1878.9127197265625
1903.587646484375
1930.40087890625
1958.86328125
1988.47021484375
2018.6708984375
2048.91357421875
2078.81201171875
2108.140625
2136.926513671875
2165.541259765625
2194.19921875
2229.237548828125
2249.951904296875
2268.5341796875
2310.388916015625
2370.306640625
2424.55615234375
2473.899658203125
2523.405029296875
2570.3369140625
2611.495361328125
2645.891845703125
2674.17041015625
2696.67626953125
2713.661376953125
2725.284912109375
2732.321533203125
2735.005126953125
2733.632080078125
2728.575439453125
2719.95068359375
2708.04296875
2693.275634765625
2676.15283203125
2656.937744140625
2635.232421875
2611.171142578125
2585.029296875
2556.927001953125
2527.03466796875
2495.554443359375
2462.696044921875
2428.621826171875
2393.30078125
2356.072265625
2318.440673828125
2280.28466796875
