2074.067138671875
2048.285888671875
2012.877685546875
2030.156494140625
2091.458740234375
2110.8603515625
2142.718017578125
2179.60595703125
2199.508544921875
2204.525146484375
2200.071533203125
2196.807373046875
2203.179443359375
2219.60595703125
2240.885498046875
2262.232177734375
2278.69580078125
2286.7109375
2289.031494140625
2289.471923828125
2290.60693359375
2294.85888671875
2302.57763671875
2312.762939453125
2324.847900390625
2338.23974609375
2357.86767578125
2379.77099609375
2405.378662109375
2441.1630859375
2495.963623046875
2566.66845703125
122.9020767211914
123.98453521728516
124.1700210571289
124.17691802978516
124.1876449584961
124.2318344116211
1839.57861328125
2136.916748046875
2540.05322265625
2796.324462890625
2982.922607421875
3132.940185546875
3263.183837890625
3385.23095703125
3505.89990234375
3629.833251953125
3760.477294921875
3898.359375
4044.0078125
4196.34619140625
4353.76904296875
4517.43603515625
4687.2802734375
4861.36572265625
5037.91796875
5217.0419921875
5307.64501953125
5398.75146484375
5585.70947265625
5788.19921875
6028.708984375
6241.279296875
6440.08642578125
6635.0791015625
6827.03466796875
7017.30126953125
7209.6728515625
7407.11474609375
7617.763671875
7832.544921875
8039.0859375
7997.9697265625
7896.92626953125
7819.05419921875
7745.5947265625
7671.07958984375
7593.29736328125
7511.71533203125
7427.0576171875
7339.4111328125
7247.53564453125
7200.7021484375
7152.70703125
7053.49072265625
6949.11279296875
6838.75146484375
6723.98193359375
6606.47216796875
6487.49658203125
6367.94287109375
6247.4970703125
6126.763671875
