2077.12744140625
2048.799072265625
2018.9322509765625
1993.8687744140625
2052.647216796875
2056.307861328125
2040.5660400390625
2069.533447265625
2104.563720703125
2121.83447265625
2143.84716796875
2161.555419921875
2178.51171875
2202.4287109375
2229.900634765625
2257.57421875
2288.632080078125
2321.7041015625
2355.75
2389.51806640625
2422.155517578125
2454.3720703125
2486.3056640625
2515.667236328125
2546.6865234375
2587.6083984375
2640.650634765625
2704.026611328125
2775.02783203125
2852.640869140625
2936.353271484375
3025.950927734375
123.56607055664062
123.32232666015625
124.32968139648438
125.162109375
125.77275085449219
126.24616241455078
2041.599365234375
2516.32080078125
2805.224365234375
3042.381591796875
3249.513916015625
3437.490478515625
3611.393310546875
3775.91259765625
3936.29736328125
4093.763671875
4250.42724609375
4405.62646484375
4558.2587890625
4707.79541015625
4854.90380859375
5000.1357421875
5145.2421875
5290.54248046875
5437.1884765625
5584.00634765625
5746.51953125
5924.09033203125
6104.36767578125
6294.0966796875
6470.63623046875
6627.37744140625
6770.96484375
6902.24658203125
7030.498046875
7147.19189453125
7248.685546875
7339.103515625
7421.67333984375
7497.80517578125
7567.41552734375
7630.61572265625
7693.39501953125
7750.26123046875
7802.201171875
7846.78759765625
7887.146484375
7924.845703125
7960.376953125
7994.99560546875
8027.64990234375
8057.98779296875
7966.5068359375
7700.54638671875
7463.41162109375
7242.71875
7030.77490234375
6824.34228515625
6622.1953125
6422.33251953125
