2085.0
2063.0654296875
2031.8104248046875
2037.0633544921875
2054.94384765625
2058.575927734375
2080.32177734375
2075.734375
2074.733154296875
2073.30224609375
2076.048583984375
2077.480224609375
2075.50244140625
2082.129150390625
2043.324951171875
2004.2359619140625
1966.2767333984375
1928.2646484375
1898.589111328125
1873.7242431640625
1849.3109130859375
1831.0020751953125
1807.875
1785.30029296875
1762.5682373046875
1741.8250732421875
1721.9320068359375
1706.4742431640625
1699.3466796875
1691.0789794921875
1685.4576416015625
1681.21142578125
118.34674072265625
119.3685302734375
120.08837127685547
120.68212127685547
121.21748352050781
121.69837188720703
1634.87353515625
1624.8189697265625
1710.830078125
1736.6588134765625
1742.11865234375
1762.1195068359375
1784.238525390625
1811.478515625
1842.2958984375
1904.845703125
1982.4144287109375
2054.226806640625
2119.533935546875
2179.4111328125
2235.1669921875
2288.20361328125
2337.98828125
2384.396240234375
2428.009521484375
2468.905517578125
2506.49560546875
2540.042724609375
2569.57373046875
2595.175537109375
2616.90576171875
2634.89013671875
2649.330078125
2660.234619140625
2667.215576171875
2670.32861328125
2669.93505859375
2666.72412109375
2661.13623046875
2653.03271484375
2642.94482421875
2631.157470703125
2618.223388671875
2603.453369140625
2586.772705078125
2568.30029296875
2549.279296875
2529.26708984375
2507.465087890625
2483.9619140625
2458.7109375
2431.809814453125
2403.455078125
2373.91796875
2343.437255859375
2312.092041015625
2280.04296875
2247.390869140625
2214.35791015625
2181.045654296875
