2073.450439453125
2044.6983642578125
2015.9677734375
1992.172607421875
2059.744384765625
2078.826171875
2065.618896484375
2053.4501953125
2060.091796875
2105.5634765625
2156.049560546875
2190.251708984375
2220.475830078125
2254.10009765625
2283.69970703125
2317.77099609375
2359.228515625
2404.883544921875
2454.156005859375
2504.5517578125
2557.91943359375
2617.443115234375
2682.689453125
2754.520751953125
2833.639404296875
2920.927734375
3017.63671875
3123.9033203125
3239.317626953125
3362.476806640625
3492.8701171875
3630.48583984375
121.45520782470703
122.8179702758789
123.64340209960938
124.19583129882812
124.60134887695312
124.91764831542969
2896.391357421875
3542.93798828125
3845.974365234375
4037.472412109375
4188.0615234375
4329.93212890625
4476.17919921875
4631.4140625
4797.330078125
4972.97412109375
5157.4228515625
5349.37890625
5558.0283203125
5783.3447265625
6035.8564453125
6304.5849609375
6568.763671875
6828.2822265625
7092.4375
7366.173828125
7648.609375
7937.2802734375
8208.9130859375
8492.224609375
8746.4443359375
8975.2783203125
9185.611328125
9381.6669921875
9396.3154296875
9227.46484375
9074.8740234375
8928.591796875
8783.5380859375
8638.9853515625
8494.4951171875
8349.2001953125
8203.2314453125
8057.9677734375
7913.154296875
7767.90869140625
7623.5556640625
7480.7734375
7338.21728515625
7194.5908203125
7049.78369140625
6904.06494140625
6758.01171875
6612.34619140625
6467.35546875
6322.9052734375
6178.72314453125
6035.67041015625
5894.0205078125
5753.94140625
