2070.07421875
2037.3619384765625
2053.429443359375
2073.960693359375
2059.37158203125
2050.10009765625
2042.3895263671875
2036.721435546875
2038.0203857421875
2035.0196533203125
2039.5250244140625
2041.138916015625
2053.22119140625
2051.20947265625
2051.5986328125
2056.540771484375
2061.77099609375
2077.688232421875
2082.522216796875
2088.541259765625
2098.158935546875
2109.498779296875
2129.783203125
2155.7705078125
2180.20263671875
2207.904052734375
2248.069580078125
2296.970458984375
2361.495361328125
2435.996826171875
2520.172607421875
2637.65087890625
113.124755859375
115.26715087890625
116.85835266113281
118.19905090332031
119.36323547363281
120.37755584716797
1855.57958984375
2226.365478515625
2697.446044921875
3096.587890625
3172.799560546875
3110.330810546875
3033.991455078125
2943.3095703125
2842.755615234375
2804.796630859375
2828.072021484375
2861.509765625
2900.185791015625
2926.22314453125
2931.82080078125
2933.69091796875
2935.9755859375
2936.196044921875
2932.52294921875
2920.625244140625
2895.641357421875
2868.416015625
2832.11181640625
2791.251708984375
2746.5634765625
2695.3955078125
2647.37890625
2604.28955078125
2565.47119140625
2527.99072265625
2490.1201171875
2451.98486328125
2414.662841796875
2380.998291015625
2349.833984375
2320.782958984375
2292.525390625
2264.646240234375
2236.93798828125
2208.650146484375
2179.220458984375
2147.4443359375
2113.1220703125
2076.72607421875
2038.8231201171875
1999.3759765625
1958.8128662109375
1917.57080078125
1876.571044921875
1836.5323486328125
1797.223876953125
1758.5277099609375
1720.525146484375
1683.0821533203125
