2064.310302734375
2023.910400390625
1989.3404541015625
2108.2373046875
2079.705810546875
2059.72412109375
2046.2001953125
2038.549072265625
2030.87890625
2031.766357421875
2052.300537109375
2061.19189453125
2068.625
2075.57958984375
2075.8447265625
2075.10107421875
2080.882568359375
2101.37939453125
2117.34619140625
2130.936279296875
2148.12841796875
2163.882568359375
2177.31884765625
2191.71484375
2206.26611328125
2221.27099609375
2240.773193359375
2265.14990234375
2293.6845703125
2330.05224609375
2386.843017578125
2457.433349609375
121.6917953491211
121.92534637451172
122.16650390625
122.38806915283203
122.59661102294922
122.79782104492188
1848.093017578125
2189.412841796875
2380.52734375
2540.1806640625
2679.4150390625
2811.265625
2947.270751953125
3085.763916015625
3217.91650390625
3338.74560546875
3451.985107421875
3569.61962890625
3693.79638671875
3833.3076171875
3995.993896484375
4177.1005859375
4367.7724609375
4534.5166015625
4724.23193359375
4957.95703125
4784.44580078125
4608.5302734375
4433.50244140625
4253.5849609375
4056.5009765625
3842.826416015625
3611.544677734375
3355.72705078125
3083.06298828125
2800.101318359375
2511.40478515625
2216.201904296875
2027.4334716796875
1973.8331298828125
1963.93408203125
1953.8056640625
1932.91162109375
1904.590576171875
1871.176513671875
1832.2532958984375
1783.8134765625
1736.760986328125
1695.332275390625
1655.2646484375
1618.06640625
1581.5897216796875
1544.0145263671875
1505.4783935546875
1465.95849609375
1425.141845703125
1384.2119140625
1342.642822265625
1300.3607177734375
1257.7508544921875
