2029.146728515625
2380.091552734375
2499.488037109375
2298.3154296875
2221.76611328125
2192.657470703125
2154.924560546875
2132.727783203125
2121.04931640625
2120.221923828125
2129.593994140625
2146.43212890625
2169.881591796875
2192.3515625
2211.365478515625
2239.053466796875
2264.2724609375
2288.45166015625
2312.78857421875
2339.587158203125
2369.030517578125
2403.219482421875
2451.817138671875
2521.09228515625
2609.280029296875
2713.572509765625
2831.972412109375
2961.313720703125
3098.4306640625
3241.179443359375
3389.36181640625
3542.516357421875
117.65284729003906
108.25032043457031
106.67521667480469
107.69937133789062
108.78436279296875
109.70504760742188
2711.1884765625
3550.770263671875
3839.58837890625
3977.53125
3939.271728515625
3945.56689453125
3972.41552734375
4009.094482421875
4051.1044921875
4096.466796875
4142.86474609375
4197.9189453125
4243.6279296875
4281.79345703125
4312.6552734375
4345.216796875
4367.93359375
4399.0166015625
4416.15283203125
4423.982421875
4421.638671875
4411.345703125
4396.14501953125
4372.296875
4339.736328125
4298.2763671875
4248.84033203125
4191.64697265625
4127.314453125
4057.010009765625
3981.537109375
3901.445068359375
3817.898681640625
3731.77099609375
3645.498779296875
3558.97802734375
3472.274658203125
3386.014404296875
3300.649169921875
3216.81787109375
3134.448486328125
3053.251953125
2972.160400390625
2891.42822265625
2811.1484375
2731.51953125
2653.9248046875
2578.62890625
2504.936767578125
2432.4375
2361.4443359375
2291.945556640625
2223.983642578125
2157.9541015625
