1981.29638671875
3807.58251953125
4193.31884765625
3294.42724609375
2944.79541015625
2821.057373046875
2671.996337890625
2383.992919921875
2229.057373046875
2162.412353515625
2117.68896484375
1988.8369140625
1877.7371826171875
1685.3839111328125
1536.7735595703125
1421.241943359375
1326.1351318359375
1244.8240966796875
1176.5028076171875
1120.5718994140625
1074.6424560546875
1036.947998046875
1006.0089721679688
980.7832641601562
960.5595092773438
945.1182861328125
933.2295532226562
923.8641967773438
916.3511962890625
910.2626342773438
905.2728271484375
901.1241455078125
897.5844116210938
894.442626953125
891.5609741210938
888.8515625
886.1695556640625
883.4766235351562
70.90574645996094
72.74958038330078
74.25892639160156
75.4168930053711
76.48036193847656
77.4405288696289
967.5521850585938
1151.45947265625
1095.69775390625
1034.3602294921875
1015.8479614257812
1020.2669677734375
1029.3369140625
1027.7633056640625
1004.488037109375
987.2705688476562
977.6002807617188
969.7078857421875
961.605224609375
953.2835083007812
945.0001831054688
937.4068603515625
930.8861694335938
925.7340087890625
922.0465698242188
919.7294921875
918.6380004882812
918.5457763671875
919.272216796875
920.6932983398438
922.7838134765625
925.529052734375
928.9339599609375
932.9830322265625
937.6138305664062
942.7373657226562
948.2508544921875
954.0330810546875
959.9461059570312
965.9063720703125
971.8450317382812
977.7577514648438
983.662353515625
989.5824584960938
995.5184936523438
1001.4778442382812
1007.4357299804688
1013.3369750976562
1019.1205444335938
1024.7366943359375
1030.1573486328125
1035.3790283203125
1040.411376953125
1045.2646484375
1049.937744140625
1054.4150390625
1058.67578125
1062.7059326171875
1066.500244140625
1070.05908203125
1073.3831787109375
1076.6080322265625
1079.7913818359375
1082.7974853515625
