2000.674560546875
3100.872802734375
3221.226318359375
3352.7978515625
2901.47265625
2619.0419921875
2392.64013671875
2205.489990234375
2055.16748046875
1939.180419921875
1850.4097900390625
1781.2017822265625
1726.9737548828125
1684.244384765625
1650.169677734375
1622.6697998046875
1600.47998046875
1582.4095458984375
1567.046142578125
1554.192138671875
1548.2891845703125
1545.034912109375
1542.970703125
1542.8416748046875
1546.0885009765625
1554.0626220703125
1568.87353515625
1590.6181640625
1617.0615234375
1646.7274169921875
1678.869384765625
1712.673828125
121.34371185302734
104.77396392822266
95.23030090332031
94.49987030029297
95.96123504638672
94.36497497558594
1454.43505859375
1921.7779541015625
2044.369873046875
1877.7982177734375
1871.1719970703125
1986.5936279296875
2060.578369140625
2082.983642578125
2080.57861328125
2070.77587890625
2061.99755859375
2057.509765625
2057.9091796875
2062.944580078125
2071.943603515625
2083.61767578125
2096.73486328125
2110.253662109375
2123.45654296875
2135.8984375
2150.02392578125
2170.021728515625
2185.42041015625
2200.03564453125
2213.717041015625
2225.828857421875
2236.072509765625
2244.435302734375
2251.02880859375
2256.031005859375
2259.6396484375
2262.04931640625
2264.4775390625
2266.41455078125
2267.646484375
2267.988525390625
2267.396240234375
2266.046142578125
2268.45849609375
2268.761962890625
2267.724609375
2265.943603515625
2264.2373046875
2262.598388671875
2263.046630859375
2265.047607421875
2265.805908203125
2264.6943359375
2262.7236328125
2259.538818359375
2255.228271484375
2250.102783203125
2244.461669921875
2237.7109375
2229.732666015625
2220.656494140625
2210.77001953125
