2005.771240234375
2572.836181640625
4044.188720703125
5271.54638671875
6727.7138671875
6670.8095703125
3111.570556640625
2591.581787109375
2283.587646484375
2094.406982421875
2010.7357177734375
1955.326416015625
1902.7122802734375
1848.7225341796875
1798.050537109375
1747.755859375
1695.3656005859375
1645.183349609375
1594.93701171875
1544.380126953125
1494.8876953125
1447.5206298828125
1404.341796875
1364.0538330078125
1325.977783203125
1292.0682373046875
1259.9136962890625
1229.189697265625
1201.30908203125
1177.7877197265625
1158.0743408203125
1140.0963134765625
1124.09228515625
1110.1746826171875
1098.0313720703125
56.70494079589844
60.057640075683594
62.483680725097656
64.55300903320312
66.2050552368164
67.57881164550781
2011.03955078125
2354.736083984375
2036.9500732421875
1438.7965087890625
1240.734375
1213.314208984375
1197.9664306640625
1164.6820068359375
1143.982421875
1133.3668212890625
1129.88330078125
1135.77978515625
1148.64697265625
1165.3670654296875
1184.0433349609375
1204.049072265625
1224.3115234375
1244.324951171875
1263.3345947265625
1281.0003662109375
1297.0616455078125
1311.560791015625
1324.5037841796875
1336.0833740234375
1346.556884765625
1356.1817626953125
1365.2037353515625
1373.7991943359375
1382.0947265625
1390.2493896484375
1398.316650390625
1406.2763671875
1414.1488037109375
1422.2781982421875
1430.491455078125
1438.67724609375
1446.95263671875
1454.9183349609375
1462.7406005859375
1470.4608154296875
1478.06787109375
1485.607177734375
1493.9306640625
1501.95947265625
1509.0809326171875
1515.87060546875
1522.4461669921875
1528.9239501953125
1535.322509765625
1541.510986328125
1547.3138427734375
1552.6214599609375
1557.3956298828125
1561.65087890625
1565.437744140625
1568.793701171875
1572.0675048828125
