1996.9801025390625
3076.39111328125
4105.60498046875
4817.52001953125
4194.60498046875
3480.41259765625
2842.60009765625
2142.583740234375
1750.60009765625
1520.958984375
1391.959228515625
1310.144287109375
1261.902099609375
1242.390380859375
1225.0162353515625
1207.69580078125
1190.1729736328125
1172.972412109375
1156.2576904296875
1139.7633056640625
1123.3931884765625
1107.12890625
1090.9049072265625
1074.610107421875
1058.2322998046875
1042.1895751953125
1026.6639404296875
1011.625732421875
996.9959106445312
982.5638427734375
968.0917358398438
953.65380859375
939.2864990234375
926.0206298828125
913.0416870117188
88.47708129882812
84.48872375488281
77.35600280761719
76.42906188964844
76.11311340332031
75.47655487060547
1256.145751953125
1308.2698974609375
1206.673828125
998.9422607421875
929.2130126953125
955.2490844726562
950.7240600585938
922.5145263671875
886.0216674804688
857.5470581054688
845.2345581054688
833.1700439453125
812.647216796875
795.0531005859375
778.8649291992188
762.318603515625
747.8616943359375
735.3565673828125
723.4259033203125
713.0403442382812
706.0011596679688
699.4077758789062
694.9342651367188
693.0343627929688
693.3475952148438
696.97607421875
701.2444458007812
704.97119140625
709.8521728515625
717.4340209960938
727.468994140625
738.140625
747.9814453125
756.7026977539062
764.1854248046875
770.6878662109375
776.4035034179688
782.2899780273438
789.7562255859375
798.5863037109375
808.4144897460938
818.9031982421875
829.3789672851562
835.5844116210938
840.0576171875
848.1010131835938
856.737060546875
864.8877563476562
872.9347534179688
881.0309448242188
889.256591796875
897.4706420898438
905.8900756835938
914.6036987304688
923.4611206054688
932.150146484375
940.3929443359375
948.13232421875
955.3885498046875
