237.1741180419922
233.52825927734375
221.0392608642578
210.6429443359375
202.6261444091797
198.6237335205078
190.21493530273438
176.73886108398438
170.8953094482422
167.82228088378906
164.21694946289062
167.80799865722656
169.78221130371094
170.26690673828125
169.6591033935547
168.33145141601562
166.89608764648438
165.5984649658203
164.52552795410156
163.66128540039062
162.94699096679688
162.31814575195312
161.7117919921875
161.0811004638672
160.37864685058594
159.6175537109375
158.8072967529297
157.9576416015625
157.0763397216797
156.20249938964844
155.3719940185547
154.583251953125
153.8504638671875
153.15692138671875
152.64256286621094
152.1764373779297
150.85128784179688
148.562255859375
145.76776123046875
142.90272521972656
140.11834716796875
139.3263702392578
139.4251251220703
139.5517578125
139.85858154296875
140.62875366210938
141.71022033691406
144.91229248046875
149.5731658935547
155.0898895263672
160.87335205078125
163.8624725341797
166.63674926757812
170.02186584472656
173.29302978515625
176.23045349121094
178.84677124023438
181.1751708984375
183.2447967529297
185.06884765625
186.71737670898438
188.2032470703125
189.54244995117188
190.7445526123047
191.81410217285156
192.75289916992188
193.5552978515625
194.2329559326172
194.80221557617188
195.271240234375
195.64053344726562
195.8870391845703
196.03445434570312
196.09068298339844
196.06198120117188
195.9568634033203
195.779541015625
195.53370666503906
195.2333984375
194.8837127685547
194.4849090576172
194.0394287109375
193.56056213378906
192.9627227783203
192.58828735351562
192.19020080566406
191.34841918945312
190.48622131347656
189.5987548828125
188.69505310058594
188.44053649902344
188.31488037109375
188.0123748779297
187.59056091308594
187.07669067382812
186.44537353515625
185.71669006347656
184.91201782226562
184.03778076171875
183.10693359375
