1536.1876220703125
1035.745849609375
745.8424072265625
692.6605834960938
667.6041259765625
632.3191528320312
630.2321166992188
626.5859375
617.9847412109375
594.88037109375
584.1857299804688
575.2355346679688
569.1984252929688
562.1482543945312
553.3629760742188
543.2617797851562
532.7959594726562
522.8969116210938
514.4124755859375
507.36480712890625
501.23583984375
495.54681396484375
490.0364074707031
484.5403747558594
478.912841796875
473.3168640136719
467.7160949707031
462.12530517578125
456.54901123046875
450.99578857421875
446.251220703125
442.3929748535156
438.92901611328125
435.38006591796875
431.5232849121094
107.54078674316406
110.72383117675781
112.62673950195312
113.10774993896484
113.58458709716797
114.05977630615234
503.5578918457031
456.2497863769531
404.9339294433594
432.6329650878906
436.2763671875
425.8328857421875
439.30224609375
447.27935791015625
452.5018615722656
453.1557922363281
448.8937072753906
441.2884521484375
432.35516357421875
423.1170654296875
414.1410827636719
405.56768798828125
397.5743713378906
390.3559875488281
383.8161315917969
377.8594665527344
372.41650390625
367.36383056640625
362.7154235839844
358.4380798339844
354.4372863769531
350.6905822753906
347.2339782714844
344.07733154296875
341.1885681152344
338.52264404296875
336.0402526855469
333.7231750488281
331.511474609375
329.3614501953125
327.2845153808594
325.31842041015625
323.5027160644531
321.8570251464844
320.3681640625
319.03240966796875
317.82427978515625
316.6734619140625
315.5464782714844
314.43072509765625
313.31396484375
312.2059631347656
311.50286865234375
311.04058837890625
310.412841796875
309.58258056640625
308.6922607421875
307.7334289550781
306.67474365234375
305.63555908203125
304.6888427734375
303.8233947753906
302.972900390625
303.75994873046875
