2063.668212890625
2027.0780029296875
2024.602294921875
2107.0693359375
2116.965087890625
2180.992919921875
2198.560546875
2194.183837890625
2202.17236328125
2213.249755859375
2219.295166015625
2219.517578125
2224.42041015625
2227.14404296875
2233.723388671875
2240.771240234375
2249.010498046875
2262.68603515625
2291.52392578125
2347.77001953125
2441.412841796875
2559.1044921875
2697.848876953125
2855.28857421875
3028.6103515625
3215.710693359375
3413.4931640625
3617.06787109375
3823.943603515625
4032.78515625
4242.625
4453.04833984375
201.05368041992188
186.77359008789062
183.4183807373047
186.492919921875
191.18231201171875
194.86607360839844
196.60157775878906
4281.7431640625
4522.33642578125
4607.626953125
4757.9365234375
4890.21923828125
5039.55615234375
5222.36181640625
5441.6865234375
5696.20361328125
5941.9873046875
6187.9833984375
6441.45947265625
6697.6845703125
6956.1376953125
7215.77197265625
7090.998046875
6971.3330078125
6851.576171875
6724.64794921875
6591.736328125
6449.96337890625
6302.0654296875
6146.80419921875
6038.90185546875
5983.974609375
5808.75537109375
5621.10498046875
5427.40625
5235.68310546875
5052.4345703125
4868.51611328125
4681.650390625
4482.57861328125
4288.00927734375
4114.8798828125
3954.643798828125
3807.8720703125
3664.17431640625
3516.6162109375
3375.61669921875
3210.935546875
3000.95849609375
2802.77294921875
2603.749755859375
2400.57470703125
2277.91748046875
2193.47412109375
2118.908203125
2048.555419921875
1978.4832763671875
1904.1624755859375
1824.09619140625
1744.7593994140625
1668.6982421875
1594.9393310546875
1522.5106201171875
