2085.116455078125
2062.447021484375
2032.9073486328125
2022.2064208984375
2010.9989013671875
2034.3355712890625
2047.7218017578125
2056.537109375
2054.346435546875
2046.250732421875
2044.30419921875
2067.28662109375
2090.67578125
2109.93408203125
2132.43994140625
2157.340087890625
2184.77001953125
2212.910400390625
2263.054443359375
2337.41015625
2441.531982421875
2563.2236328125
2697.225830078125
2843.415283203125
3001.8671875
3171.6474609375
3350.923583984375
3538.66748046875
3733.0693359375
3931.2998046875
4129.11376953125
4323.7421875
200.87643432617188
185.4652099609375
180.76451110839844
178.80398559570312
177.42510986328125
175.52142333984375
172.95826721191406
3763.56591796875
3838.572998046875
3851.76611328125
3980.13330078125
4193.45947265625
4457.16259765625
4744.72705078125
5043.08642578125
5362.43212890625
5686.3828125
6005.8466796875
6342.45751953125
6691.7705078125
7017.16015625
7298.60791015625
7536.92626953125
7733.93896484375
7901.71337890625
8037.0927734375
8141.49072265625
8226.6396484375
8288.3603515625
8322.640625
8328.859375
8326.89453125
8289.9423828125
8239.03515625
8193.45703125
8165.779296875
8155.31591796875
8146.7587890625
8149.9033203125
8164.759765625
8195.421875
8236.912109375
8278.701171875
8318.4892578125
8310.7275390625
8262.9365234375
7959.59228515625
7616.7998046875
7294.029296875
6985.0390625
6688.0439453125
6400.92919921875
6124.77978515625
5857.22705078125
5597.52490234375
5336.70947265625
5062.01416015625
4781.41064453125
4525.85107421875
4271.6689453125
4049.009765625
3840.02734375
3593.502685546875
