2075.36181640625
2047.032470703125
2042.9100341796875
2038.4605712890625
2030.6143798828125
2023.79638671875
2023.5701904296875
2035.2603759765625
2030.1898193359375
2031.0938720703125
2060.6328125
2083.2578125
2110.66064453125
2154.410400390625
2204.623291015625
2270.4658203125
2376.424072265625
2508.71484375
2658.664306640625
2820.8232421875
2995.27392578125
3181.63818359375
3379.5791015625
3589.5595703125
3812.334228515625
4048.2607421875
4297.5859375
4561.3388671875
4840.55615234375
5142.189453125
5465.09326171875
5807.6494140625
292.2118835449219
293.19647216796875
291.2535705566406
283.51959228515625
278.2800598144531
275.6252746582031
274.75421142578125
6021.43212890625
6197.7109375
6246.794921875
6462.39208984375
6764.16357421875
7102.3857421875
7466.9267578125
7856.228515625
8269.4833984375
8697.486328125
9138.5419921875
9589.1416015625
10033.4111328125
10462.548828125
10868.2919921875
11251.7666015625
11594.6298828125
11904.021484375
12184.412109375
12436.5419921875
12659.4736328125
12853.439453125
13011.5537109375
13107.0986328125
13147.3701171875
13221.9365234375
13256.6748046875
13255.162109375
13224.5166015625
13172.068359375
13106.4931640625
13027.1123046875
12938.48828125
12808.1240234375
12239.4091796875
11731.98046875
11261.5224609375
10817.451171875
10394.9482421875
9991.8359375
9606.0166015625
9235.208984375
8878.46875
8535.3154296875
8205.0966796875
7887.37255859375
7582.41552734375
7289.96728515625
7008.64306640625
6736.62109375
6475.87890625
6227.15966796875
5990.33203125
5765.0859375
5550.7607421875
5346.86767578125
