2085.53955078125
2058.505859375
2030.4207763671875
2028.54150390625
2014.933349609375
2038.7222900390625
2050.555908203125
2058.7626953125
2068.681640625
2074.18359375
2085.993896484375
2094.341796875
2115.052734375
2146.177734375
2169.42919921875
2191.134033203125
2211.759765625
2235.68896484375
2270.502197265625
2321.772705078125
2394.1123046875
2484.9521484375
2587.871826171875
2698.587646484375
2815.1123046875
2939.473876953125
3071.931884765625
3215.322021484375
3366.47265625
3520.9609375
3677.1669921875
3834.279541015625
180.86058044433594
167.7974395751953
160.22817993164062
153.6448211669922
149.88450622558594
147.92857360839844
146.71469116210938
3315.496826171875
3545.0751953125
3620.6005859375
3781.1298828125
3947.689208984375
4141.51123046875
4363.40478515625
4607.3740234375
4866.3251953125
5143.17822265625
5453.8525390625
5779.841796875
6101.63330078125
6425.84228515625
6728.38671875
6994.68994140625
7207.7490234375
7362.087890625
7474.388671875
7560.50732421875
7628.83984375
7678.06494140625
7720.71630859375
7746.25244140625
7760.0869140625
7791.244140625
7808.76220703125
7801.02880859375
7778.98388671875
7749.18603515625
7718.8916015625
7680.599609375
7631.455078125
7497.31591796875
7178.505859375
6898.654296875
6645.3837890625
6409.72900390625
6192.373046875
5989.86279296875
5792.4267578125
5584.67333984375
5372.0302734375
5166.91943359375
4978.07470703125
4805.15087890625
4653.43798828125
4511.51904296875
4364.3525390625
4214.13037109375
4066.26318359375
3922.4404296875
3782.02783203125
3638.66259765625
3503.474365234375
3375.185546875
