2059.928466796875
2029.9775390625
2039.8309326171875
2033.705322265625
2025.5880126953125
2034.778564453125
2069.706787109375
2081.418701171875
2094.4296875
2118.600341796875
2143.58984375
2180.874755859375
2231.142333984375
2270.217041015625
2305.46630859375
2345.903076171875
2406.61328125
2494.664306640625
2613.290771484375
2751.63671875
2905.59765625
3073.955810546875
3257.590576171875
3457.8232421875
3668.488525390625
3887.453125
4116.23095703125
4353.6357421875
4596.2490234375
4842.92041015625
5093.255859375
5350.6591796875
264.3561096191406
262.91156005859375
257.07952880859375
238.8880157470703
222.06910705566406
208.1277313232422
197.0040283203125
4702.0419921875
5140.6630859375
5442.68310546875
5719.17529296875
5994.75537109375
6284.3173828125
6597.0576171875
6924.69580078125
7251.63232421875
7581.501953125
7906.6640625
8230.1943359375
8532.826171875
8784.662109375
8992.79296875
9164.390625
9296.986328125
9390.2529296875
9446.826171875
9010.021484375
8608.818359375
8228.8310546875
7867.62890625
7524.1533203125
7195.34716796875
6870.54150390625
6547.78662109375
6232.79052734375
5931.70458984375
5643.5634765625
5365.41162109375
5095.20458984375
4857.2451171875
4631.19970703125
4419.0166015625
4229.54833984375
4066.23193359375
3916.75
3777.0126953125
3643.958984375
3509.37744140625
3376.387939453125
3252.135986328125
3139.00732421875
3034.876708984375
2928.185302734375
2820.231689453125
2712.36767578125
2604.7900390625
2512.9970703125
2402.190673828125
2283.559326171875
2171.619873046875
2050.294677734375
