2062.783935546875
2025.8341064453125
2031.0567626953125
2101.785888671875
2121.149169921875
2179.606201171875
2193.898193359375
2189.636962890625
2200.052001953125
2211.312744140625
2216.2177734375
2215.661376953125
2220.39404296875
2224.676025390625
2232.6220703125
2240.38818359375
2249.918212890625
2265.693115234375
2300.516845703125
2364.128662109375
2464.9970703125
2590.76611328125
2738.37890625
2903.91455078125
3084.105224609375
3276.5166015625
3476.108154296875
3679.436279296875
3885.25927734375
4092.4345703125
4300.595703125
4509.43505859375
201.61231994628906
188.89476013183594
186.92263793945312
190.79986572265625
195.49278259277344
198.80990600585938
199.8089599609375
4333.07080078125
4519.5732421875
4631.4208984375
4753.39111328125
4864.32275390625
5000.00341796875
5175.30029296875
5390.4814453125
5656.51611328125
5920.1005859375
6185.44580078125
6454.306640625
6711.49658203125
6960.6826171875
7087.61328125
6949.3642578125
6826.66064453125
6699.20361328125
6565.21630859375
6430.0078125
6286.525390625
6135.58154296875
6058.37890625
5978.994140625
5804.94384765625
5622.65478515625
5441.74609375
5259.4140625
5070.48486328125
4872.32763671875
4671.51025390625
4476.60986328125
4304.310546875
4138.1357421875
3983.734619140625
3828.479736328125
3671.77099609375
3521.43603515625
3303.002685546875
3081.300537109375
2859.359375
2631.8642578125
2480.8984375
2387.304443359375
2303.56298828125
2227.550537109375
2155.24658203125
2077.19140625
1989.4593505859375
1901.0802001953125
1815.28955078125
1733.8878173828125
1656.7049560546875
1584.48681640625
1513.508056640625
1445.0281982421875
