2075.092041015625
2046.4718017578125
2042.776611328125
2038.1197509765625
2030.356689453125
2023.5614013671875
2024.8551025390625
2034.7369384765625
2028.7620849609375
2029.7113037109375
2062.213134765625
2086.233154296875
2115.5283203125
2161.519775390625
2214.40185546875
2285.774658203125
2398.63525390625
2536.188232421875
2691.1591796875
2858.553466796875
3038.48388671875
3229.585693359375
3432.726318359375
3647.70703125
3875.849853515625
4117.45166015625
4371.81396484375
4640.919921875
4925.47705078125
5231.1904296875
5559.41015625
5913.5673828125
296.9764404296875
297.8239440917969
295.57666015625
287.85687255859375
282.845703125
280.4517517089844
279.8216552734375
6131.59375
6284.14990234375
6355.1337890625
6573.9287109375
6874.59375
7209.2333984375
7565.88037109375
7952.91748046875
8355.9189453125
8773.556640625
9206.8291015625
9643.5703125
10074.9501953125
10488.7509765625
10883.0205078125
11248.6904296875
11575.2119140625
11869.720703125
12134.7900390625
12371.4169921875
12578.6484375
12750.50390625
12826.38671875
12894.955078125
13001.4404296875
13059.1943359375
13079.6904296875
13065.9541015625
13024.234375
12959.48828125
12880.484375
12787.8955078125
12688.220703125
12401.5693359375
11858.578125
11367.62890625
10909.3828125
10475.802734375
10063.2890625
9669.8984375
9293.1728515625
8931.54296875
8584.19140625
8250.40625
7929.3232421875
7620.1435546875
7322.5908203125
7036.06005859375
6759.9140625
6494.31640625
6240.04541015625
5999.548828125
5772.3740234375
5557.84423828125
5355.1630859375
5164.314453125
