2080.69775390625
2054.27880859375
2042.132080078125
2026.0091552734375
2061.236083984375
2068.204833984375
2062.080322265625
2068.527587890625
2083.029052734375
2102.347412109375
2128.864990234375
2140.32958984375
2156.9775390625
2179.884521484375
2200.72900390625
2216.1826171875
2228.45068359375
2242.15185546875
2267.014892578125
2296.513916015625
2320.886962890625
2347.214111328125
2384.093017578125
2447.34326171875
2538.60693359375
2640.68505859375
2748.61279296875
2857.832275390625
2988.3330078125
3138.12353515625
3299.066162109375
3474.021484375
173.3890380859375
169.23069763183594
165.9153289794922
157.9559326171875
147.23171997070312
138.21592712402344
131.93919372558594
2516.014404296875
2827.464111328125
3094.615966796875
3530.414306640625
3937.03759765625
4331.46044921875
4728.60302734375
5084.7548828125
5339.31494140625
5654.427734375
5971.9296875
6297.30029296875
6671.3427734375
6997.134765625
7239.220703125
7453.794921875
7659.22998046875
7856.89013671875
8019.70361328125
8173.99853515625
8249.232421875
7944.22265625
7564.54150390625
7276.01025390625
6832.21240234375
6450.70263671875
6126.28955078125
5792.287109375
5381.56884765625
5162.37548828125
4984.296875
4815.45166015625
4649.44384765625
4484.11279296875
4315.09326171875
4149.76220703125
3999.9013671875
3867.40234375
3745.538330078125
3630.99462890625
3522.77099609375
3423.71630859375
3323.85986328125
3229.063232421875
3135.273193359375
3043.365478515625
2952.618408203125
2867.1796875
2784.12841796875
2703.19970703125
2625.736083984375
2549.345458984375
2474.620849609375
2401.30859375
2329.932373046875
2260.8203125
