2034.658203125
2074.412841796875
2441.6240234375
2473.22900390625
2379.951171875
2299.023193359375
2242.829833984375
2214.74462890625
2218.455078125
2241.92724609375
2267.433349609375
2288.8349609375
2322.862060546875
2374.510986328125
2442.013671875
2526.93115234375
2631.101318359375
2753.953857421875
2895.16552734375
3053.328857421875
3228.417236328125
3420.552001953125
3629.959716796875
3855.32275390625
4097.4970703125
4352.3994140625
4625.935546875
4913.83251953125
5219.8203125
5339.63134765625
5414.51171875
5513.2958984375
222.82296752929688
168.68641662597656
149.9310760498047
143.139892578125
141.56192016601562
142.267578125
6670.90087890625
6762.638671875
6493.8515625
6375.61279296875
6464.8037109375
6622.732421875
6792.13232421875
6889.80810546875
6945.00439453125
7054.39404296875
7128.02392578125
7170.466796875
7189.6533203125
7188.822265625
7167.869140625
7126.703125
7066.9189453125
6991.6455078125
6904.1884765625
6806.39697265625
6698.958984375
6651.0634765625
6582.27099609375
6456.998046875
6324.8662109375
6187.064453125
6044.65771484375
5899.1767578125
5751.01611328125
5601.14794921875
5450.697265625
5301.13427734375
5226.59716796875
5152.57421875
5007.63623046875
4865.99755859375
4727.69677734375
4592.84619140625
4462.09814453125
4335.47314453125
4252.9228515625
4212.0908203125
4093.89306640625
3979.80126953125
3869.428955078125
3762.831298828125
3659.872802734375
3560.52734375
3464.859130859375
3372.703369140625
3283.92822265625
3198.443603515625
3116.200927734375
3036.981689453125
2960.529541015625
2886.8095703125
2815.7431640625
2747.320556640625
2681.306640625
