1628.322998046875
1203.6844482421875
908.7910766601562
758.8248901367188
751.39599609375
724.2527465820312
696.4520263671875
671.4563598632812
649.2084350585938
628.9306640625
612.6519165039062
598.39892578125
583.9168701171875
569.6423950195312
563.5361938476562
556.1416015625
548.0218505859375
539.6997680664062
530.949951171875
521.5593872070312
511.61431884765625
501.1933898925781
490.48291015625
481.24041748046875
472.7525939941406
463.7096862792969
454.9465637207031
447.0743103027344
441.2619323730469
434.8341369628906
427.85284423828125
420.4158935546875
121.83198547363281
123.6180419921875
124.85326385498047
124.92816925048828
125.0915298461914
125.26082611083984
669.6710205078125
427.22833251953125
383.83660888671875
403.8349304199219
411.54949951171875
407.0621337890625
405.9561767578125
403.3041076660156
396.4429626464844
391.3997497558594
381.4442443847656
368.5951232910156
357.1132507324219
347.5735778808594
339.247802734375
332.0525207519531
326.6416015625
322.5480041503906
318.3174743652344
314.661376953125
311.0841064453125
307.48956298828125
304.58331298828125
302.1737976074219
300.0238952636719
298.420654296875
296.9778747558594
295.0316467285156
292.61065673828125
290.38714599609375
290.6395263671875
291.32757568359375
291.364501953125
291.31463623046875
291.5513610839844
292.8723449707031
296.42022705078125
301.69775390625
308.1414489746094
316.5329895019531
324.2099609375
331.6027526855469
338.7900695800781
346.3055114746094
356.03076171875
366.2331237792969
376.4804382324219
386.3908386230469
395.9884948730469
405.2622375488281
414.09637451171875
422.3285827636719
430.0680236816406
437.5790100097656
444.82562255859375
451.7578430175781
458.5430908203125
465.2909240722656
