2055.197998046875
2029.8995361328125
2034.7130126953125
2034.416748046875
2042.300537109375
2062.39892578125
2065.561767578125
2089.8759765625
2119.349853515625
2160.1318359375
2208.77880859375
2252.994873046875
2300.05126953125
2344.6064453125
2387.482177734375
2439.431396484375
2523.797119140625
2646.49169921875
2796.214599609375
2964.372802734375
3144.461181640625
3330.4765625
3520.38818359375
3714.948486328125
3912.9931640625
4116.86865234375
4326.05029296875
4540.4521484375
4759.88671875
4984.77685546875
5217.26806640625
5453.95458984375
5694.466796875
252.052978515625
239.4068145751953
231.2151641845703
223.024169921875
219.5559844970703
218.97772216796875
219.85440063476562
5227.67041015625
5430.67529296875
5511.6845703125
5747.14404296875
6057.1826171875
6362.5009765625
6666.45263671875
6966.32275390625
7261.78125
7571.099609375
7880.38330078125
8104.755859375
7972.9775390625
7862.61962890625
7761.4873046875
7654.869140625
7539.166015625
7413.7919921875
7278.6025390625
7134.55908203125
6982.99853515625
6823.49853515625
6657.34912109375
6486.3681640625
6312.3388671875
6138.36376953125
5964.05224609375
5789.10400390625
5615.5322265625
5443.98291015625
5275.07666015625
5109.279296875
4947.248046875
4790.02978515625
4637.2802734375
4489.92822265625
4349.357421875
4214.70654296875
4085.69873046875
3961.6259765625
3841.9482421875
3726.281005859375
3614.311767578125
3505.7109375
3400.296630859375
3297.970703125
3198.5400390625
3101.923828125
3008.50927734375
2918.01123046875
2830.0205078125
2744.653076171875
2662.166259765625
2582.51220703125
2505.587890625
