2021.4212646484375
2179.864990234375
2549.522705078125
2658.74609375
2868.8857421875
3018.209228515625
3098.8017578125
3211.59130859375
3276.669677734375
3283.15478515625
3206.55078125
3044.18798828125
2846.703857421875
2658.67822265625
2501.517822265625
2381.58642578125
2299.6181640625
2249.763916015625
2225.378173828125
2220.84130859375
2223.343994140625
2224.960205078125
2228.5341796875
2233.488525390625
2233.344482421875
2227.6748046875
2228.958251953125
2240.204833984375
2261.1513671875
2289.112548828125
2325.13916015625
2371.029541015625
2424.564697265625
2482.2548828125
2541.474609375
2602.28125
2665.889892578125
109.11946868896484
96.32769012451172
92.73443603515625
91.06623077392578
91.70140838623047
92.46853637695312
1422.9046630859375
1446.48291015625
1447.64892578125
1840.7464599609375
2211.235595703125
2727.329833984375
3113.774658203125
3293.30419921875
3203.890625
3136.421630859375
3087.45947265625
3051.412841796875
3025.08935546875
3006.121337890625
2992.328369140625
2981.88525390625
2973.09375
2964.6982421875
2955.896728515625
2946.268310546875
2935.58056640625
2923.564208984375
2910.310302734375
2896.78271484375
2884.2353515625
2873.160400390625
2863.3681640625
2854.307861328125
2845.8154296875
2837.54345703125
2829.22802734375
2821.071044921875
2813.691162109375
2807.2060546875
2801.4560546875
2795.95361328125
2790.25244140625
2784.052490234375
2781.101806640625
2777.4267578125
2768.9267578125
2760.0556640625
2750.636962890625
2740.731689453125
2730.335205078125
2720.260986328125
2708.9775390625
2696.40087890625
2687.147705078125
2678.175048828125
2668.45703125
2658.2373046875
2646.300537109375
2632.7431640625
2618.059326171875
2603.083740234375
2587.27685546875
