2033.0462646484375
2016.7581787109375
2118.95751953125
2192.986083984375
2211.263427734375
2233.577392578125
2244.07861328125
2262.5205078125
2332.82470703125
2398.65576171875
2418.174560546875
2397.487548828125
2389.25
2385.57470703125
2383.025146484375
2395.822265625
2410.496826171875
2437.817626953125
2469.0693359375
2510.7314453125
2566.187744140625
2576.587890625
2597.8671875
2629.4453125
2668.44287109375
2712.8984375
2761.473388671875
2813.2470703125
2867.389892578125
2923.371337890625
2981.673583984375
3042.8896484375
3106.78173828125
3172.5634765625
3239.256103515625
3306.15234375
3372.45361328125
224.34829711914062
207.45091247558594
197.84669494628906
193.41567993164062
191.1956024169922
190.48097229003906
3697.6328125
3806.0419921875
3836.002197265625
3898.248779296875
3937.27197265625
3962.48779296875
3990.7451171875
4030.6298828125
4084.929443359375
4147.34033203125
4218.06640625
4294.4453125
4393.13525390625
4515.1005859375
4637.37646484375
4757.0009765625
4874.37939453125
4989.59814453125
5107.669921875
5228.8671875
5341.40283203125
5447.2412109375
5548.36181640625
5644.212890625
5733.6416015625
5816.6904296875
5894.03564453125
5966.1494140625
6033.5517578125
6095.8740234375
6153.17529296875
6205.8271484375
6253.779296875
6297.53564453125
6336.953125
6371.96435546875
6402.62158203125
6430.16552734375
6442.8935546875
6454.70068359375
6475.1611328125
6491.9541015625
6505.16015625
6514.98974609375
6521.56982421875
6525.16064453125
6526.01708984375
6524.259765625
6520.08349609375
6513.72119140625
6505.462890625
6495.66943359375
6484.34765625
6471.0
6456.3212890625
6440.609375
6423.8759765625
