1774.0670166015625
1298.78857421875
998.1466674804688
904.0763549804688
870.0028686523438
857.0263671875
829.0259399414062
803.16748046875
787.089599609375
767.4658813476562
747.3765869140625
726.6827392578125
705.5957641601562
684.9917602539062
664.7479248046875
644.5557861328125
624.63427734375
604.83203125
584.7677612304688
564.6471557617188
545.0982666015625
532.4662475585938
519.0285034179688
503.8334045410156
487.852783203125
471.3855895996094
456.1788330078125
445.83697509765625
436.32220458984375
426.1984558105469
415.9071350097656
406.98046875
397.2852783203125
120.80278015136719
123.21481323242188
123.57151794433594
123.94702911376953
124.24421691894531
124.47657775878906
409.61456298828125
342.6568603515625
486.44793701171875
462.04913330078125
393.4027404785156
352.5961608886719
339.291748046875
337.1165771484375
337.93280029296875
339.9879150390625
342.5057373046875
344.4483337402344
347.9404296875
352.4041442871094
357.4272155761719
364.514404296875
376.4681091308594
392.0200500488281
409.9526672363281
428.6979064941406
449.2303466796875
472.70721435546875
499.3910217285156
530.0548706054688
563.0817260742188
595.751708984375
625.6732177734375
651.8207397460938
674.1895141601562
693.434814453125
710.9267578125
722.0824584960938
727.5924682617188
742.2329711914062
756.3857421875
769.5139770507812
781.5614624023438
791.8236083984375
796.3756713867188
800.6009521484375
806.6068725585938
810.919189453125
813.3753051757812
814.0595703125
813.1651611328125
810.8250732421875
807.1434936523438
802.2816772460938
796.3561401367188
789.4254760742188
781.614501953125
773.27734375
764.4579467773438
755.1304931640625
745.3223266601562
735.1114501953125
724.5916748046875
713.8605346679688
