2083.02880859375
2057.487060546875
2022.0411376953125
2006.5087890625
2013.531005859375
2046.380859375
2041.0855712890625
2028.2325439453125
2035.2799072265625
2049.072509765625
2077.21337890625
2095.130615234375
2116.655029296875
2143.494140625
2175.855224609375
2200.208740234375
2217.751953125
2234.32373046875
2267.993896484375
2324.05126953125
2401.91748046875
2494.80859375
2602.484375
2724.00537109375
2861.462158203125
3015.388916015625
3178.912841796875
3349.831298828125
3528.44775390625
3716.490478515625
3912.673095703125
4115.39990234375
4323.91162109375
171.2688751220703
158.76124572753906
155.20899963378906
153.4727020263672
152.18338012695312
151.53909301757812
3831.41064453125
3960.833984375
4021.50537109375
4159.5849609375
4329.48681640625
4531.73828125
4763.29736328125
4888.9658203125
5025.18798828125
5309.4990234375
5614.451171875
5956.90283203125
6298.65771484375
6629.8740234375
6940.49560546875
7219.66845703125
7462.509765625
7663.7109375
7838.5048828125
7989.37255859375
8103.2314453125
8178.94482421875
8229.6904296875
8268.1767578125
8297.634765625
8320.26171875
8338.1982421875
8348.2119140625
8339.8330078125
8312.1845703125
8265.19140625
8228.435546875
8209.13671875
8142.2763671875
8075.2666015625
7999.6005859375
7916.68798828125
7840.78759765625
7806.720703125
7766.8203125
7487.23974609375
7210.0107421875
6948.54833984375
6698.056640625
6458.06982421875
6227.89794921875
6002.50048828125
5783.07666015625
5573.80908203125
5373.66357421875
5183.2783203125
5002.763671875
4828.31201171875
4654.64599609375
4497.5
4340.4609375
4189.16015625
4049.4765625
