2000.2452392578125
3138.600830078125
2861.306640625
2574.219970703125
2501.169677734375
2434.980224609375
2379.240234375
2342.338134765625
2322.19189453125
2319.173828125
2326.2060546875
2333.9658203125
2334.113037109375
2330.75146484375
2332.2041015625
2328.786865234375
2324.531005859375
2278.604248046875
2248.289794921875
2232.098876953125
2240.946533203125
2267.092529296875
2307.584228515625
2357.656494140625
2412.813720703125
2469.6015625
2525.61328125
2578.41064453125
2627.257568359375
2671.88037109375
2711.60791015625
2746.47412109375
184.4552764892578
139.4039764404297
139.88343811035156
129.30508422851562
123.22400665283203
122.57457733154297
122.11359405517578
2948.65576171875
2980.07275390625
2860.4208984375
2818.622802734375
2804.674072265625
2801.436767578125
2812.997314453125
2824.713623046875
2836.8974609375
2842.29833984375
2843.032958984375
2844.533447265625
2838.40185546875
2824.15869140625
2800.46875
2763.4658203125
2716.547119140625
2660.94775390625
2598.761962890625
2530.302490234375
2454.779052734375
2376.192138671875
2300.0771484375
2248.76318359375
2223.485107421875
2146.884765625
2070.001220703125
1996.747314453125
1928.636962890625
1865.083251953125
1806.317626953125
1750.3524169921875
1697.279296875
1646.6435546875
1598.272216796875
1551.48876953125
1509.0675048828125
1468.041015625
1427.4140625
1388.0869140625
1350.2125244140625
1313.9539794921875
1279.37109375
1246.363525390625
1213.859619140625
1180.9837646484375
1144.11328125
1106.88916015625
1070.8763427734375
1036.05126953125
1002.0950927734375
969.149169921875
936.5989990234375
904.1599731445312
871.7960205078125
839.7037353515625
