2012.5213623046875
2139.160400390625
2523.877197265625
3238.480224609375
5160.22509765625
6371.89697265625
4562.50830078125
4028.705322265625
3631.7001953125
2925.391357421875
2622.37158203125
2172.571044921875
1898.0491943359375
1714.6280517578125
1580.8543701171875
1485.936279296875
1417.08447265625
1365.9324951171875
1327.749267578125
1298.5013427734375
1275.0863037109375
1257.23193359375
1242.7852783203125
1230.1099853515625
1220.3380126953125
1211.2208251953125
1202.10205078125
1193.0830078125
1184.298583984375
1175.8082275390625
1167.6859130859375
1159.8780517578125
1152.3460693359375
1145.1490478515625
1138.2239990234375
1131.558837890625
60.44611740112305
66.22854614257812
68.62659454345703
70.49346160888672
71.80193328857422
72.67866516113281
1611.3214111328125
2070.61865234375
2326.590576171875
1831.5531005859375
1523.794677734375
1451.1451416015625
1403.0335693359375
1320.5989990234375
1261.474853515625
1220.053466796875
1189.5858154296875
1165.838623046875
1147.9656982421875
1134.467041015625
1124.212158203125
1116.803466796875
1110.956787109375
1105.5699462890625
1100.1221923828125
1095.20166015625
1090.9661865234375
1087.078125
1083.91552734375
1081.670654296875
1079.955322265625
1080.0072021484375
1081.4920654296875
1083.280029296875
1084.7239990234375
1085.4810791015625
1085.5135498046875
1085.0921630859375
1084.5120849609375
1083.8463134765625
1083.2122802734375
1082.7376708984375
1082.483642578125
1082.37451171875
1082.497314453125
1082.463623046875
1082.016357421875
1081.3125
1080.5809326171875
1079.961181640625
1079.32421875
1078.567138671875
1077.496337890625
1076.3330078125
1075.71337890625
1076.1439208984375
1078.09521484375
1081.7281494140625
1086.154052734375
1090.7811279296875
1095.190185546875
1098.88427734375
1101.2181396484375
