2020.810791015625
2147.306640625
3383.543212890625
4173.86328125
4929.99951171875
4948.19775390625
3878.1748046875
3584.389404296875
3382.068603515625
2982.602783203125
2802.880126953125
2442.9267578125
2168.884033203125
1973.44140625
1843.7891845703125
1754.5753173828125
1693.4215087890625
1653.524658203125
1627.2962646484375
1607.320556640625
1589.87548828125
1573.8736572265625
1559.0872802734375
1545.9354248046875
1533.8912353515625
1525.1148681640625
1517.4288330078125
1509.2620849609375
1500.313232421875
1490.8507080078125
1481.2286376953125
1471.7001953125
1464.5550537109375
1458.3458251953125
1451.4954833984375
1444.27294921875
65.22417449951172
69.18109893798828
72.08201599121094
73.929443359375
75.2490234375
76.1090087890625
1460.613525390625
1698.6817626953125
1678.8419189453125
2028.6373291015625
2025.96044921875
1899.213623046875
1771.704345703125
1616.911865234375
1523.8682861328125
1476.820556640625
1454.5640869140625
1440.999755859375
1431.806396484375
1425.7442626953125
1421.807861328125
1418.804931640625
1416.829345703125
1415.7789306640625
1415.36865234375
1416.00537109375
1417.889892578125
1420.65380859375
1423.8931884765625
1427.1649169921875
1430.134521484375
1432.567138671875
1434.6376953125
1436.718505859375
1439.4171142578125
1443.18115234375
1447.5220947265625
1451.799072265625
1455.6292724609375
1458.7225341796875
1461.0875244140625
1462.9429931640625
1464.5089111328125
1465.9000244140625
1467.22314453125
1468.7542724609375
1470.637451171875
1472.9097900390625
1475.596923828125
1478.6746826171875
1482.01171875
1485.3658447265625
1488.556396484375
1491.5150146484375
1494.2366943359375
1496.7041015625
1498.8377685546875
1500.4898681640625
1501.5716552734375
1502.0770263671875
1502.051513671875
1501.662109375
1501.104736328125
