2033.5714111328125
1871.1090087890625
1775.489501953125
1601.1195068359375
1497.0191650390625
1431.625244140625
1404.245361328125
1391.9652099609375
1381.3680419921875
1369.94775390625
1357.66015625
1344.6446533203125
1330.703125
1321.507568359375
1315.3778076171875
1309.7169189453125
1304.40380859375
1299.9307861328125
1299.268310546875
1302.144287109375
1308.1248779296875
1317.18408203125
1331.467041015625
1352.154052734375
1379.41943359375
1412.421142578125
1449.8721923828125
1490.5811767578125
1533.9923095703125
1582.0040283203125
1633.49658203125
1684.7386474609375
123.48430633544922
122.13805389404297
122.94512939453125
124.25595092773438
125.74516296386719
127.30047607421875
1915.7177734375
2037.451416015625
2031.8917236328125
2038.8050537109375
2057.667236328125
2084.498779296875
2116.474609375
2151.65478515625
2189.708984375
2229.32275390625
2271.728515625
2332.29345703125
2416.96923828125
2500.481689453125
2589.15869140625
2674.340576171875
2750.44140625
2816.18603515625
2872.57373046875
2920.392578125
2959.71630859375
2990.4140625
3012.675537109375
3026.34619140625
3032.052001953125
3030.452392578125
3022.404296875
3008.275634765625
2988.7294921875
2964.768310546875
2937.71337890625
2907.423095703125
2873.68603515625
2837.088623046875
2797.460693359375
2753.995361328125
2708.007568359375
2659.97412109375
2610.174560546875
2558.6552734375
2506.26513671875
2453.1826171875
2399.64404296875
2346.119384765625
2291.52880859375
2236.932373046875
2183.001953125
2129.79833984375
2077.4697265625
2026.0069580078125
1975.388671875
1925.3238525390625
1876.330078125
1828.3450927734375
