2032.082763671875
1864.76953125
1772.151123046875
1587.0902099609375
1485.1263427734375
1423.5931396484375
1400.560302734375
1391.15771484375
1378.689453125
1365.4193115234375
1352.84375
1339.3035888671875
1325.1209716796875
1316.033447265625
1310.1378173828125
1304.6634521484375
1299.3621826171875
1295.1829833984375
1295.188232421875
1298.475341796875
1304.3502197265625
1312.916015625
1326.899169921875
1347.677978515625
1375.3851318359375
1409.0767822265625
1447.3189697265625
1488.8177490234375
1532.934326171875
1581.5872802734375
1633.4493408203125
1684.8619384765625
123.17473602294922
121.62068176269531
122.4655532836914
123.24027252197266
126.3284912109375
131.29136657714844
1930.085693359375
2040.23583984375
2032.0732421875
2038.9627685546875
2058.393310546875
2085.7548828125
2117.9970703125
2153.047119140625
2190.56640625
2229.625732421875
2270.78515625
2331.673828125
2413.3076171875
2492.63525390625
2579.106689453125
2664.70068359375
2740.72314453125
2806.395751953125
2863.1025390625
2911.337890625
2951.24169921875
2982.74853515625
3006.111083984375
3021.0595703125
3028.137939453125
3028.004150390625
3021.497802734375
3008.887939453125
2990.799072265625
2968.214599609375
2942.3662109375
2913.246826171875
2880.63818359375
2845.0390625
2806.5322265625
2764.297119140625
2719.39990234375
2672.32958984375
2623.59716796875
2573.2373046875
2521.767333984375
2469.52734375
2416.6513671875
2363.07666015625
2307.744384765625
2253.13916015625
2199.094482421875
2145.80322265625
2093.390625
2041.678466796875
1990.70068359375
1940.4207763671875
1890.9676513671875
1842.46826171875
