2084.99462890625
2070.4453125
2039.0362548828125
2009.5560302734375
2052.984619140625
2085.907470703125
2072.588134765625
2067.154296875
2068.009521484375
2075.8505859375
2097.333251953125
2111.9560546875
2119.739990234375
2119.468994140625
2119.00830078125
2114.001220703125
2105.5830078125
2110.46826171875
2123.041748046875
2135.4462890625
2145.0263671875
2161.8193359375
2177.575927734375
2202.7568359375
2228.788818359375
2251.521484375
2281.05615234375
2322.6435546875
2368.159912109375
2426.486083984375
2486.71533203125
2533.05322265625
111.88365936279297
103.5246353149414
104.48470306396484
104.64203643798828
105.01595306396484
105.45513916015625
1626.34765625
1637.3726806640625
2486.51416015625
3260.00341796875
3320.533447265625
3233.6728515625
3156.42919921875
3109.419189453125
3095.494140625
3125.475830078125
3177.25927734375
3253.6279296875
3351.475341796875
3465.111572265625
3585.654296875
3723.761962890625
3873.2041015625
3888.68603515625
3840.898681640625
3835.43798828125
3851.121337890625
3874.205810546875
3905.136962890625
3947.931884765625
4021.89892578125
4101.0732421875
4184.02978515625
4266.50146484375
4339.61279296875
4398.73681640625
4443.0556640625
4475.52001953125
4504.83984375
4539.8310546875
4580.6435546875
4624.88427734375
4669.76708984375
4710.046875
4742.13525390625
4763.36328125
4773.72998046875
4774.4462890625
4765.6123046875
4755.9150390625
4750.2822265625
4720.80859375
4684.8466796875
4641.2646484375
4591.21044921875
4535.2548828125
4474.66650390625
4410.59521484375
4343.93505859375
4274.943359375
4201.4580078125
