2085.1083984375
2064.2451171875
2034.76123046875
2026.9605712890625
2024.7862548828125
2016.44775390625
2038.0882568359375
2049.114990234375
2051.640380859375
2062.683837890625
2065.815185546875
2071.769287109375
2084.28662109375
2094.074462890625
2102.54296875
2122.590576171875
2147.3291015625
2166.518310546875
2184.3408203125
2200.450927734375
2217.285400390625
2235.474609375
2260.665771484375
2294.7763671875
2340.237548828125
2403.373779296875
2477.986572265625
2560.28369140625
2647.706787109375
2738.866455078125
2834.142333984375
2935.1533203125
137.11508178710938
132.48089599609375
130.6165771484375
129.5465850830078
128.7779541015625
128.2455291748047
2373.4716796875
2766.4736328125
2985.14404296875
3146.620849609375
3291.280029296875
3437.132080078125
3590.275390625
3750.977783203125
3912.920166015625
4073.74853515625
4234.08251953125
4394.8740234375
4560.43896484375
4726.65771484375
4894.24755859375
5066.3623046875
5250.30078125
5456.29345703125
5678.01708984375
5897.92822265625
6107.4501953125
6318.68212890625
6521.24609375
6716.80419921875
6906.2412109375
7077.18017578125
7222.34521484375
7333.20556640625
7415.1328125
7481.26953125
7541.09912109375
7591.9873046875
7638.24609375
7678.69384765625
7717.4619140625
7753.51123046875
7782.13232421875
7798.69091796875
7806.408203125
7792.95068359375
7771.20849609375
7747.30224609375
7723.013671875
7703.35986328125
7679.38818359375
7626.06689453125
7427.0185546875
7161.5439453125
6920.439453125
6696.48779296875
6484.85400390625
6279.81689453125
6087.779296875
5904.228515625
