2084.178955078125
2062.65625
2037.363037109375
2019.9603271484375
2008.14013671875
2005.5452880859375
2052.25927734375
2046.927490234375
2046.34765625
2040.35302734375
2041.6318359375
2056.69580078125
2067.62841796875
2080.586181640625
2088.962890625
2102.026611328125
2127.1953125
2159.087158203125
2194.966552734375
2238.468994140625
2294.240478515625
2375.44189453125
2476.760498046875
2594.7998046875
2728.267333984375
2874.632080078125
3030.411865234375
3193.366455078125
3364.255859375
3543.016845703125
3727.829833984375
3924.343505859375
165.74029541015625
167.5701446533203
180.07925415039062
191.31057739257812
200.45700073242188
207.73133850097656
4243.8896484375
4324.07568359375
4397.2822265625
4504.197265625
4648.13671875
4823.4716796875
5024.7890625
5246.90625
5484.65234375
5732.79736328125
5990.96240234375
6260.58740234375
6565.06884765625
6874.0595703125
7218.27880859375
7580.2421875
7935.32421875
8297.595703125
8650.8798828125
8991.2607421875
9321.3173828125
9639.3818359375
9946.33203125
10249.1845703125
10546.01953125
10835.5888671875
11117.021484375
11386.310546875
11641.6162109375
11884.4453125
12116.2314453125
12339.6376953125
12550.1611328125
12746.384765625
12929.9716796875
13097.1484375
13253.0625
13392.1181640625
13512.068359375
13614.4375
13702.5087890625
13773.5673828125
13834.98828125
13877.92578125
13907.08984375
13926.37109375
13932.58984375
13926.0673828125
13904.7626953125
13867.107421875
13813.5166015625
13744.9765625
13662.5849609375
13565.0419921875
