2041.6309814453125
2012.5230712890625
2055.390380859375
2054.504638671875
2038.0712890625
2026.22265625
2016.7503662109375
2034.1400146484375
2042.4505615234375
2045.71044921875
2047.8140869140625
2052.900390625
2068.760498046875
2100.475341796875
2133.323974609375
2161.7197265625
2200.84326171875
2257.97412109375
2337.552490234375
2434.556884765625
2543.690185546875
2663.88818359375
2793.072509765625
2931.817138671875
3080.34716796875
3237.013916015625
3401.816650390625
3577.620361328125
3766.81982421875
3973.930419921875
4203.54052734375
4453.1689453125
167.1954803466797
193.71923828125
204.7722625732422
208.45590209960938
210.48214721679688
212.8552703857422
5164.08056640625
5653.298828125
5961.875
6224.98095703125
6479.43212890625
6751.1591796875
7047.76318359375
7395.6455078125
7792.84716796875
8249.4091796875
8771.97265625
9308.2724609375
9868.4619140625
10470.3857421875
11106.615234375
11770.0927734375
12454.6669921875
13158.0361328125
13879.8310546875
14625.2939453125
15387.3623046875
15570.8583984375
15605.9580078125
15623.6005859375
15618.19921875
15589.77734375
15540.56640625
15470.6943359375
15380.52734375
15272.7763671875
15147.86328125
15006.806640625
14851.595703125
14680.787109375
14496.0224609375
14298.6337890625
14092.65625
13875.3486328125
13648.7421875
13413.09375
13154.33984375
12893.2705078125
12633.3212890625
12370.16796875
12104.2021484375
11838.658203125
11575.0341796875
11312.23828125
11055.0302734375
10799.12890625
10545.5673828125
10298.5576171875
10058.8203125
9821.2548828125
