2046.9658203125
1838.33837890625
1830.3326416015625
1712.828125
1591.7322998046875
1522.6024169921875
1479.076171875
1446.322265625
1426.2120361328125
1417.1048583984375
1406.2467041015625
1397.344970703125
1391.5611572265625
1386.365966796875
1380.19091796875
1373.3839111328125
1365.8017578125
1358.5072021484375
1354.14794921875
1350.72314453125
1347.6815185546875
1345.9263916015625
1345.2379150390625
1345.517822265625
1347.6121826171875
1352.8658447265625
1363.332763671875
1379.848876953125
1402.13134765625
1429.237060546875
1460.14208984375
1493.871337890625
117.54765319824219
121.07647705078125
122.34230041503906
122.94174194335938
123.36736297607422
124.61823272705078
1448.6392822265625
1738.0718994140625
1790.3651123046875
1811.8858642578125
1829.39208984375
1847.3480224609375
1867.3035888671875
1889.7081298828125
1914.46240234375
1941.2198486328125
1969.5086669921875
1998.8115234375
2028.5865478515625
2058.30908203125
2087.630615234375
2116.276123046875
2144.17138671875
2172.146728515625
2200.06201171875
2210.605224609375
2238.441162109375
2274.97998046875
2323.132568359375
2382.218017578125
2434.475341796875
2482.867431640625
2531.85791015625
2577.40869140625
2616.42138671875
2648.734375
2675.031494140625
2695.68115234375
2710.837646484375
2720.802978515625
2726.247314453125
2727.5107421875
2725.003662109375
2718.81396484375
2709.1513671875
2696.33740234375
2680.812255859375
2663.26513671875
2643.331787109375
2620.924560546875
2596.228759765625
2569.515625
2540.83837890625
2510.42138671875
2478.449951171875
2445.143798828125
2410.616455078125
2374.52197265625
2336.894287109375
2298.69384765625
2260.069091796875
