1499.9998779296875
1500.0
1500.0
1500.0
1500.0
1500.0
1500.0
1500.0
1500.0
1500.0
1500.0
1500.0
1500.0
1500.0
1500.0
1500.0
1500.0
1500.0
1500.0
1500.0
1500.0
1500.0
1500.0
1500.0
1500.0
1500.0
1500.0
1500.0
1500.0
1500.0
1500.0
1500.0
100.0344467163086
100.0
100.0
100.0
100.0
100.0
1500.0
1500.0
1500.0
1500.0
1500.0
1500.0
1500.0
1500.0
1500.0
1500.0
1500.0
1500.0
1500.0
1500.0
1500.0
1500.0
1500.0
1500.0
1500.0
1500.0
1500.0
1500.0
1500.0
1500.0
1500.0
1500.0
1489.3956298828125
1427.2899169921875
1369.591796875
1314.2891845703125
1261.043212890625
1209.7247314453125
1160.2720947265625
1112.6632080078125
1066.878173828125
1022.7637939453125
980.391357421875
939.7265625
900.634033203125
863.0274047851562
827.0154418945312
792.6268310546875
759.76611328125
728.0451049804688
697.5499267578125
668.7816162109375
641.1846313476562
614.6242065429688
588.26416015625
564.3926391601562
541.52587890625
519.4866943359375
498.54345703125
478.5693664550781
