1499.9998779296875
1500.0
1500.0
1500.0
1500.0001220703125
1500.0
1500.0
1500.0
1500.0
1500.0
1500.0
1500.0
1500.0
1500.0
1500.0
1500.0
1500.0
1500.0
1500.0
1500.0
1500.0
1500.0
1500.0
1500.0
1500.0
1500.0
1500.0
1500.0
1500.0
1500.0
1500.0
1500.0
100.03191375732422
100.0
100.0
100.0
100.0
100.0
1500.0
1500.0
1500.0
1500.0
1500.0
1500.0
1500.0
1500.0
1500.0
1500.0
1500.0
1500.0
1500.0
1500.0
1500.0
1500.0
1500.0
1500.0
1500.0
1500.0
1500.0
1500.0
1500.0
1500.0
1500.0
1462.345703125
1413.0565185546875
1365.8819580078125
1320.46044921875
1276.576171875
1234.0738525390625
1192.9273681640625
1153.208251953125
1114.7869873046875
1077.6014404296875
1041.592041015625
1006.917236328125
973.6998901367188
941.92529296875
911.467529296875
882.273193359375
854.321044921875
827.6290893554688
801.893798828125
777.2149658203125
753.5081787109375
730.6759643554688
708.6449584960938
687.3143920898438
666.6359252929688
646.8319091796875
627.918701171875
609.7308349609375
592.1865844726562
