1427.68212890625
1106.5233154296875
875.7020874023438
740.6159057617188
665.21484375
633.5806274414062
613.744873046875
595.4541015625
577.4237060546875
559.3905639648438
541.950439453125
524.8351440429688
507.6616516113281
490.3802185058594
473.4027404785156
456.8687438964844
441.2381896972656
425.1226806640625
410.4944152832031
399.8680114746094
389.18182373046875
378.2957458496094
367.010498046875
355.31561279296875
343.16510009765625
330.79278564453125
319.15667724609375
307.8799133300781
297.08770751953125
286.78485107421875
280.612548828125
275.3001403808594
100.0
100.0
100.0
100.0
100.0
100.0
370.771240234375
284.6157531738281
267.48712158203125
256.6197509765625
249.3623046875
244.2831573486328
240.29859924316406
237.3759002685547
235.15850830078125
233.13526916503906
231.11643981933594
229.01905822753906
226.8026885986328
224.4472198486328
221.9708251953125
219.41319274902344
218.1766815185547
216.91387939453125
214.15391540527344
211.27825927734375
208.30043029785156
205.29965209960938
202.27923583984375
199.2226104736328
196.1342010498047
193.05426025390625
190.05340576171875
187.0966339111328
184.072021484375
180.9665985107422
177.7863311767578
174.57093811035156
171.23263549804688
167.9762725830078
164.7459259033203
161.449951171875
158.10723876953125
154.7945556640625
151.50595092773438
148.22885131835938
144.96685791015625
141.71470642089844
138.6115264892578
135.4959259033203
132.3942108154297
129.3179168701172
126.28089141845703
123.30683135986328
120.4199447631836
117.60972595214844
114.87567901611328
112.22892761230469
109.66777038574219
107.19233703613281
104.81462097167969
