1499.9998779296875
1500.0
1500.0
1500.0
1500.0
1500.0
1500.0
1500.0
1500.0
1500.0
1499.9989013671875
1500.0
1500.0
1500.0
1500.0
1500.0
1500.0
1500.0
1500.0
1500.0
1500.0
1500.0
1500.0
1500.0
1500.0
1500.0
1500.0
1500.0
1500.0
1500.0
1500.0
1500.0
99.99996185302734
100.0
100.0
100.0
100.0
100.0
1500.0
1499.9998779296875
1499.962890625
1500.0
1500.0
1500.0
1500.0
1500.0
1500.0
1500.0
1500.0
1500.0
1500.0
1500.0
1500.0
1500.0
1500.0
1500.0
1500.0
1500.0
1500.0
1500.0
1500.0
1500.0
1500.0
1500.0
1499.722900390625
1446.05078125
1396.679931640625
1348.7193603515625
1301.71337890625
1255.6446533203125
1210.61328125
1166.5028076171875
1123.93408203125
1083.4432373046875
1044.7867431640625
1007.7000732421875
971.9330444335938
934.3773193359375
899.5435180664062
865.0645751953125
832.2771606445312
800.794677734375
770.4625244140625
741.1773681640625
713.0936889648438
686.1495971679688
660.479248046875
636.3054809570312
613.8600463867188
593.0675048828125
574.01904296875
556.4922485351562
540.2492065429688
