1381.4771728515625
1035.5399169921875
818.8157348632812
708.7738647460938
655.3385009765625
631.9324951171875
615.2586059570312
599.6222534179688
584.3323364257812
569.2636108398438
554.77880859375
539.9105224609375
527.089111328125
514.473388671875
502.18109130859375
490.0497741699219
477.43255615234375
464.2892150878906
450.74432373046875
437.3061828613281
423.59039306640625
409.4416198730469
394.92608642578125
380.4289855957031
365.9908142089844
352.4306640625
341.7638854980469
330.97296142578125
320.47735595703125
310.0492858886719
300.37652587890625
291.06732177734375
100.0
100.0
99.99995422363281
100.0
100.0
100.0
390.4704284667969
303.5130615234375
274.199951171875
262.2849426269531
255.98016357421875
253.9318389892578
252.50473022460938
250.75820922851562
248.6199188232422
246.18978881835938
243.54364013671875
240.76783752441406
237.9708251953125
235.14781188964844
232.28009033203125
229.4105987548828
226.54750061035156
223.70245361328125
220.78794860839844
217.7740478515625
214.59588623046875
211.27572631835938
208.0159454345703
204.74859619140625
201.49668884277344
198.2201690673828
194.8975372314453
191.50306701660156
188.06597900390625
184.5395965576172
181.14895629882812
177.88616943359375
174.66534423828125
171.34368896484375
167.90139770507812
164.3219451904297
160.6276092529297
156.8584747314453
153.09678649902344
149.3633575439453
145.7206268310547
142.22653198242188
139.01100158691406
135.90548706054688
132.8652801513672
129.87486267089844
126.92911529541016
124.0030746459961
121.10161590576172
118.23799133300781
115.42121124267578
112.66663360595703
109.99032592773438
107.40599822998047
104.91481018066406
