1500.0
1500.0
1500.0
1500.0
1500.0
1499.9998779296875
1500.0
1500.0
1500.0
1500.0
1500.0
1500.0
1500.0
1500.0
1500.0
1500.0
1500.0
1500.0
1500.0
1500.0
1500.0
1499.999755859375
1500.0
1500.0
1500.0
1500.0
1500.0
1500.0
1500.0
1500.0
1500.0
1500.0
1500.0
100.0
100.00012969970703
99.99775695800781
100.00033569335938
99.99986267089844
100.0
99.99999237060547
1500.0
1500.0
1500.0
1500.0
1500.0
1500.0
1500.0
1500.0
1500.0
1500.0
1500.0
1500.0
1500.0
1500.0
1469.162353515625
1405.088623046875
1346.6326904296875
1291.5391845703125
1239.0865478515625
1188.8988037109375
1140.876708984375
1094.8621826171875
1050.7767333984375
1008.56298828125
968.1991577148438
929.5223999023438
892.39501953125
856.8995361328125
822.9931640625
790.638916015625
759.74267578125
730.1528930664062
701.8756103515625
674.7999267578125
648.9783325195312
624.347412109375
600.85498046875
578.4332885742188
556.9860229492188
536.5175170898438
517.0307006835938
498.4328308105469
480.64324951171875
463.5748291015625
447.31658935546875
431.77581787109375
416.95086669921875
402.62518310546875
388.96185302734375
375.88677978515625
363.2414855957031
351.2460632324219
340.0664978027344
329.3006591796875
318.99639892578125
