1500.0
1500.0
1500.0
1500.0
1500.0
1500.0
1500.0
1500.0
1500.0
1500.0
1500.0
1500.0
1499.9998779296875
1500.0
1499.9998779296875
1500.0
1499.9996337890625
1499.9998779296875
1500.0
1499.9998779296875
1499.999755859375
1499.999755859375
1500.0
1500.0
1500.0
1500.0
1500.0
1500.0
1500.0
1500.0
1500.0
1500.0
1500.0
100.0
99.99999237060547
99.99967956542969
100.0
100.0
100.0
100.0
1500.0
1499.9998779296875
1500.0
1500.0
1500.0
1500.0
1500.0
1500.0
1500.0
1500.0
1500.0
1500.0
1500.0
1500.0
1500.0
1500.0
1500.0
1500.0
1500.0
1500.0
1500.0
1500.0
1500.0
1500.0
1500.0
1500.0
1500.0
1500.0
1489.3800048828125
1410.025390625
1344.393310546875
1283.2393798828125
1225.0504150390625
1169.3428955078125
1116.62744140625
1066.933349609375
1020.6439819335938
977.6221313476562
937.8457641601562
901.3336791992188
867.9398803710938
837.379150390625
809.3526000976562
783.5758056640625
759.8494262695312
738.0010375976562
717.6769409179688
698.667236328125
680.9881591796875
664.50537109375
648.8502807617188
634.438720703125
621.20947265625
609.0634765625
