1500.0
1500.0
1500.0
1500.0
1500.036376953125
1500.0
1500.0
1499.998779296875
1500.0
1499.9998779296875
1499.999267578125
1500.0
1500.0
1500.0
1499.9998779296875
1499.999755859375
1499.999755859375
1499.9998779296875
1499.9993896484375
1499.9993896484375
1499.9996337890625
1499.9971923828125
1499.9998779296875
1499.999267578125
1499.9998779296875
1499.999267578125
1499.9993896484375
1499.9970703125
1500.0
1500.0
1499.9986572265625
1500.0
1499.9990234375
1500.0
99.99507141113281
99.99830627441406
99.99981689453125
99.99994659423828
99.99993896484375
99.99992370605469
99.99972534179688
1499.9365234375
1499.99951171875
1471.7662353515625
1499.9990234375
1499.9998779296875
1500.0
1500.0
1500.0
1500.0
1483.7205810546875
1438.3936767578125
1398.3507080078125
1362.05517578125
1328.1475830078125
1295.421630859375
1262.9393310546875
1230.64013671875
1199.2415771484375
1168.7384033203125
1138.8673095703125
1109.2965087890625
1080.0181884765625
1051.1259765625
1022.9334716796875
994.9093627929688
966.9304809570312
939.314208984375
912.5903930664062
886.978271484375
862.1947021484375
838.19970703125
814.99365234375
792.4923095703125
770.8535766601562
749.7304077148438
729.18896484375
709.2906494140625
690.0540161132812
671.4910888671875
653.6287231445312
636.5177001953125
620.1384887695312
604.4002685546875
589.3524780273438
575.0869750976562
561.3389282226562
548.0317993164062
535.11767578125
522.6746826171875
510.66534423828125
499.0622863769531
487.8441467285156
477.01763916015625
466.5840759277344
456.5472106933594
