1500.0
1499.999267578125
1500.0
1500.0
1500.0
1500.0
1500.0
1500.0
1500.0
1500.0
1500.0
1500.0
1500.0
1500.0
1500.0
1500.0
1500.0
1500.0
1500.0
1500.0
1500.0
1500.0
1500.0
1500.0
1500.0
1500.0
1500.0
1500.0
1500.0
1500.0
1500.0
1500.0
1500.0
100.0
100.0
100.0
99.99948120117188
100.0
99.99998474121094
1500.0
1500.0
1500.0
1500.0
1500.0
1500.0
1500.0
1500.0
1500.0
1500.0
1500.0
1500.0
1500.0
1446.7518310546875
1391.9110107421875
1338.1881103515625
1285.7203369140625
1234.6463623046875
1185.0838623046875
1137.30224609375
1091.327880859375
1047.157958984375
1004.723876953125
963.885009765625
924.5369873046875
886.5831298828125
850.0790405273438
815.0479736328125
781.4115600585938
749.158447265625
718.1820068359375
688.5438842773438
660.1439819335938
632.7843017578125
606.7138671875
581.5960083007812
557.8555908203125
535.2185668945312
513.6195068359375
492.2619934082031
472.74029541015625
454.0633544921875
436.2116394042969
419.3087463378906
403.262451171875
387.97259521484375
373.3753967285156
359.4561462402344
346.19134521484375
333.507568359375
321.4046936035156
309.8320007324219
298.6651916503906
288.0296630859375
