1499.997314453125
1206.8260498046875
1061.3189697265625
1019.8631591796875
1001.58544921875
985.230224609375
969.9949951171875
957.1320190429688
944.9174194335938
933.4611206054688
922.6728515625
911.5684814453125
900.2240600585938
889.1614379882812
878.4940185546875
867.4168090820312
856.1396484375
844.778076171875
832.7028198242188
818.9820556640625
803.3673706054688
786.0387573242188
767.3558349609375
747.664306640625
727.5115966796875
708.2095947265625
689.5125122070312
670.9691772460938
652.816162109375
634.663818359375
616.3585815429688
597.9127807617188
100.0
99.97774505615234
100.0
100.0
100.0
100.0
100.0
569.9963989257812
546.2402954101562
530.2781982421875
512.4935913085938
496.731689453125
480.7752685546875
464.6124572753906
448.708984375
433.3021545410156
417.6241760253906
401.7591552734375
386.1359558105469
370.8351135253906
355.7835998535156
340.9442443847656
326.2987976074219
311.9394226074219
297.9473876953125
284.3897399902344
271.2601013183594
258.6630554199219
246.72390747070312
235.37213134765625
224.47975158691406
214.01046752929688
203.9405517578125
194.2731170654297
185.0123748779297
176.12033081054688
167.59730529785156
159.17337036132812
151.29978942871094
143.8682403564453
136.8263702392578
130.10023498535156
123.61811828613281
117.53077697753906
111.74612426757812
106.2381362915039
100.59073638916016
95.5321273803711
90.90768432617188
86.60749816894531
82.56005859375
78.75557708740234
75.17586517333984
71.8117446899414
68.66542053222656
65.72084045410156
62.961883544921875
60.372535705566406
57.93246078491211
55.63359069824219
53.46492385864258
51.41724395751953
