1500.0
1499.9998779296875
1500.0
1500.0
1500.0
1500.0
1500.00244140625
1500.0
1500.0
1500.0
1500.0
1500.0
1500.0
1500.0
1500.0
1500.0
1500.0
1500.0
1500.0
1500.0
1500.0
1500.0
1500.0
1500.0
1500.0
1500.0
1500.0
1500.0
1500.0
1500.0
1500.0
1500.0
1500.0
1500.0
100.0
99.99901580810547
99.99966430664062
100.0
100.0
100.0
99.99998474121094
1500.0
1500.0
1500.0
1500.0
1500.0
1500.0
1500.0
1500.0
1500.0
1500.0
1500.0
1500.0
1500.0
1500.0
1500.0
1500.0
1500.0
1500.0
1500.0
1500.0
1500.0
1500.0
1500.0
1500.0
1500.0
1500.0
1500.0
1500.0
1500.0
1500.0
1500.0
1500.0
1500.0
1500.0
1500.0
1500.0
1500.0
1500.0
1499.9998779296875
1499.9996337890625
1499.9996337890625
1499.999755859375
1499.9998779296875
1499.9989013671875
1497.1290283203125
1450.5999755859375
1407.2591552734375
1365.244140625
1326.44482421875
1292.91845703125
1262.2373046875
1231.9993896484375
1201.1800537109375
1171.5943603515625
1144.974853515625
1119.4432373046875
