1500.0
1500.0010986328125
1500.0
1500.0
1500.0
1500.0
1500.0
1500.0
1500.0
1500.0
1500.0
1500.0
1500.0
1500.0
1500.0
1500.0
1500.0
1500.0
1500.0
1500.0
1500.0
1500.0
1500.0
1500.0
1500.0
1500.0
1500.0
1500.0
1500.0
1487.42578125
1404.2965087890625
1312.00244140625
1213.787353515625
100.0
99.99986267089844
99.9998550415039
100.0
100.0
100.0
100.0
1500.0
1470.7159423828125
1328.8839111328125
1114.2725830078125
972.8361206054688
884.00341796875
826.864990234375
777.2246704101562
738.4301147460938
707.690673828125
680.203125
654.85595703125
631.9938354492188
610.7236938476562
589.89404296875
568.9263305664062
548.1739501953125
528.3510131835938
509.4740905761719
491.4028625488281
474.1957702636719
457.7264099121094
442.00738525390625
427.02838134765625
412.7720642089844
399.0827331542969
385.8465576171875
373.0281677246094
360.6101379394531
348.7243957519531
337.59710693359375
326.8861083984375
316.319091796875
305.9533996582031
295.93896484375
289.4898681640625
286.3154296875
277.3643493652344
268.8622741699219
260.75390625
253.0423126220703
245.74436950683594
238.92286682128906
232.5042724609375
226.40768432617188
220.61465454101562
215.12294006347656
209.86587524414062
204.82850646972656
200.02491760253906
195.49510192871094
191.14552307128906
186.98143005371094
183.04742431640625
179.2588653564453
175.56967163085938
