1500.0
1500.0
1500.0
1500.0
1500.0
1500.0
1500.0
1500.0
1500.0
1499.9979248046875
1500.0
1494.9556884765625
1470.1182861328125
1442.4552001953125
1413.8231201171875
1382.8323974609375
1349.9161376953125
1318.6011962890625
1290.6988525390625
1267.2275390625
1244.5186767578125
1223.615478515625
1200.7860107421875
1176.259033203125
1145.599365234375
1113.9747314453125
1082.59716796875
1048.6195068359375
1013.3878784179688
974.5325927734375
934.49365234375
894.3545532226562
100.0
100.0
100.0
100.0
100.0
100.0
1116.8516845703125
959.529296875
864.4247436523438
785.203125
744.7129516601562
710.214599609375
685.7074584960938
665.793701171875
647.66357421875
629.7654418945312
611.8035278320312
593.9891357421875
576.3856811523438
559.0720825195312
541.9653930664062
524.9644165039062
508.12567138671875
491.5776062011719
475.36151123046875
459.50860595703125
444.1402587890625
429.30816650390625
414.9765930175781
401.07366943359375
387.5783386230469
374.56121826171875
362.11260986328125
350.23492431640625
338.901611328125
328.0390625
317.5780029296875
307.4842529296875
297.7359619140625
288.3103332519531
279.2528991699219
270.7156982421875
262.49871826171875
254.59963989257812
247.0041046142578
239.7142333984375
232.75111389160156
226.1088409423828
219.78555297851562
213.78729248046875
208.0909423828125
202.6825408935547
197.54776000976562
192.6768035888672
188.05099487304688
183.64700317382812
179.455322265625
175.46763610839844
171.67861938476562
168.0713653564453
164.6333465576172
