1500.0
1499.999755859375
1500.0
1500.0
1500.0
1500.0
1500.0
1500.0
1500.0
1500.0
1500.0
1500.0
1500.0
1500.0
1500.0
1500.0
1500.0
1500.0
1500.0
1500.0
1500.0
1500.0
1500.0
1500.0
1500.0
1500.0
1500.0
1500.0
1500.0
1500.0
1500.0
1500.0
1500.0
100.02025604248047
100.0
100.0
100.0
100.0
100.0
1500.0
1500.0
1499.9998779296875
1500.0
1500.0
1500.0
1500.0
1500.0
1500.0
1500.0
1500.0
1473.0714111328125
1409.283203125
1346.940185546875
1284.828369140625
1224.2218017578125
1165.79296875
1109.7857666015625
1056.3013916015625
1005.0364990234375
955.9779663085938
909.7017211914062
866.0658569335938
824.9251098632812
786.0154418945312
749.1144409179688
713.8643798828125
680.4286499023438
648.7565307617188
619.8633422851562
593.0383911132812
567.85107421875
544.034423828125
521.4244384765625
500.0093078613281
479.4971618652344
459.6410827636719
441.6907043457031
424.8952941894531
409.114501953125
394.3542175292969
380.5535583496094
367.6211242675781
355.46087646484375
344.05108642578125
333.3069152832031
323.1544494628906
313.5120544433594
304.3242492675781
295.540283203125
287.1805114746094
279.23663330078125
271.6863708496094
264.51263427734375
257.6999816894531
