1500.0
1500.0
1500.0
1500.0
1500.0
1499.9998779296875
1500.0
1500.0
1500.0
1500.0
1500.0
1500.0
1500.0
1500.0
1500.0
1500.0
1500.0
1500.0
1500.0
1500.0
1500.0
1500.0
1500.0
1500.0
1500.0
1500.0
1500.0
1500.0
1500.0
1500.0
1500.0
1500.0
1500.0
100.0
99.9767074584961
100.0
100.0
100.0
100.0
99.9999771118164
1500.0062255859375
1500.0
1500.0
1500.0
1500.0
1500.0
1500.0
1500.0
1500.0
1500.0
1500.0
1500.0
1500.0
1500.0
1452.7059326171875
1392.3126220703125
1335.1865234375
1283.4515380859375
1233.24560546875
1179.0906982421875
1123.2982177734375
1069.6883544921875
1016.9588012695312
965.6392822265625
919.1807861328125
874.04052734375
828.25244140625
781.737548828125
734.66650390625
688.4080200195312
646.8108520507812
615.1547241210938
584.830810546875
555.7857055664062
523.0192260742188
497.322021484375
467.9589538574219
435.2498474121094
402.8525085449219
376.0185852050781
350.97930908203125
325.9337463378906
300.6103210449219
286.8638000488281
275.915771484375
266.2609558105469
257.23736572265625
248.1690216064453
239.20681762695312
230.8511199951172
222.14439392089844
212.0542755126953
201.31639099121094
200.2855987548828
198.00379943847656
