1499.9996337890625
1500.0
1500.0
1500.0
1500.0
1500.0
1500.0
1500.0
1500.0
1500.0
1500.0
1500.0
1500.0
1500.0
1500.0
1500.0
1500.0
1500.0
1500.0
1500.0
1500.0
1500.0
1500.0
1500.0
1500.0
1500.0
1500.0
1500.0
1500.0
1500.0
1500.0
1500.0
99.95392608642578
100.0
100.0
100.0
100.0
100.0
1500.0
1499.9996337890625
1500.0
1484.2974853515625
1418.0904541015625
1361.303466796875
1308.6796875
1258.587646484375
1209.9837646484375
1162.24755859375
1115.0045166015625
1068.0445556640625
1021.4349975585938
975.4103393554688
930.26611328125
886.2638549804688
843.5055541992188
802.9610595703125
764.753173828125
728.5813598632812
694.1791381835938
661.3316040039062
629.950439453125
599.9544067382812
571.2241821289062
543.783203125
517.62939453125
492.72625732421875
468.9339599609375
446.2973937988281
424.7970275878906
404.3857421875
385.02227783203125
366.6292724609375
349.08953857421875
332.14605712890625
316.12615966796875
301.163818359375
286.6304626464844
272.94970703125
260.22442626953125
248.1585693359375
236.5254364013672
225.68418884277344
215.60670471191406
206.11697387695312
197.1976318359375
188.7898406982422
180.77972412109375
173.251220703125
166.17355346679688
159.48046875
153.1377410888672
147.120361328125
