1499.9998779296875
1500.0
1500.0
1500.0
1500.0
1500.0
1500.0
1500.0
1500.0
1500.0
1500.0
1500.0
1500.0
1500.0
1500.0
1500.0
1500.0
1500.0
1500.0
1500.0
1500.0
1500.0
1500.0
1500.0
1500.0
1500.0
1500.0
1500.0
1500.0
1500.0
1500.0
1500.0
99.99999237060547
100.0
100.0
100.0
100.0
100.0
1500.0
1499.99951171875
1500.0
1500.0
1500.0
1500.0
1500.0
1500.0
1500.0
1500.0
1500.0
1500.0
1500.0
1500.0
1500.0
1500.0
1500.0
1500.0
1500.0
1500.0
1500.0
1500.0
1500.0
1500.0
1500.0
1500.0
1500.0
1500.0
1500.0
1485.2930908203125
1424.40625
1373.906005859375
1328.034423828125
1285.138671875
1243.36083984375
1202.585205078125
1164.8880615234375
1130.115966796875
1097.123291015625
1065.7099609375
1035.1195068359375
1004.7249755859375
974.5640258789062
944.6683959960938
915.8046264648438
888.2635498046875
865.1856689453125
842.5225219726562
818.9254760742188
795.308349609375
772.846923828125
750.498046875
728.1701049804688
705.9307250976562
