1312.0084228515625
961.8154907226562
763.3255615234375
662.0445556640625
627.5657958984375
608.2249145507812
590.7215576171875
575.418212890625
561.4356689453125
548.13818359375
535.2635498046875
522.1411743164062
509.3937683105469
496.9903869628906
484.5368957519531
471.62457275390625
458.6290588378906
445.89434814453125
433.1985168457031
420.28118896484375
407.1280517578125
393.99395751953125
381.1938171386719
372.1746826171875
363.2227783203125
354.39935302734375
345.538330078125
336.5907287597656
327.4359130859375
318.1692810058594
309.50103759765625
301.65478515625
100.0
100.0
100.0
100.0
100.0
100.0
382.10089111328125
277.2594909667969
257.8428955078125
254.4370880126953
252.54908752441406
250.3538818359375
247.53785705566406
244.26222229003906
240.73226928710938
237.44642639160156
234.072509765625
230.46749877929688
226.78904724121094
222.98004150390625
219.10964965820312
215.28233337402344
211.38351440429688
207.4384765625
203.46287536621094
199.3559112548828
195.3490447998047
191.301025390625
187.2589874267578
183.24874877929688
179.22251892089844
175.1260223388672
170.87628173828125
166.5598907470703
162.2444305419922
157.91888427734375
153.61215209960938
149.409423828125
145.33084106445312
141.41213989257812
137.67262268066406
134.11846923828125
130.7071533203125
127.43207550048828
124.321044921875
121.24903106689453
118.2306137084961
115.28571319580078
112.442626953125
109.68601989746094
107.02285766601562
104.45999908447266
101.9972915649414
99.63814544677734
97.38191223144531
95.236572265625
93.19486999511719
91.2465591430664
89.39476013183594
87.62625885009766
