1500.0
1500.0
1500.0
1499.9930419921875
1500.0
1500.0001220703125
1500.0
1500.0
1500.0
1500.0
1500.0
1500.0
1500.0
1500.0
1500.0
1500.0
1500.0
1500.0
1500.0
1500.0
1500.0
1500.0
1500.0
1500.0
1500.0
1500.0
1500.0
1500.0
1500.0
1500.0
1500.0
1500.0
1500.0
100.0
99.99742126464844
99.99793243408203
100.0
99.99983215332031
100.0
99.99999237060547
1499.9998779296875
1499.9998779296875
1500.0
1500.0
1500.0
1500.0
1500.0
1500.0
1500.0
1500.0
1500.0
1500.0
1500.0
1500.0
1500.0
1500.0
1500.0
1500.0
1500.0
1500.0
1500.0
1500.0
1500.0
1500.0
1500.0
1500.0
1500.0
1500.0
1500.0
1500.0
1500.0
1500.0
1500.0
1500.0
1500.0
1500.0
1499.9990234375
1500.0
1499.9989013671875
1490.0345458984375
1452.954345703125
1417.748779296875
1381.3380126953125
1344.841796875
1307.926513671875
1270.8985595703125
1238.015625
1213.2855224609375
1192.8414306640625
1172.8438720703125
1146.004638671875
1116.53173828125
1085.5743408203125
1051.794189453125
1020.4712524414062
990.99755859375
