1500.0
1500.0
1499.99853515625
1500.0
1500.0
1500.0
1500.0
1500.0
1500.0
1500.0
1500.0
1485.0760498046875
1456.4447021484375
1425.9813232421875
1394.8778076171875
1361.449951171875
1330.74169921875
1302.728515625
1278.5478515625
1255.774169921875
1232.7264404296875
1209.372314453125
1184.2364501953125
1154.7127685546875
1122.3419189453125
1090.7222900390625
1055.114501953125
1018.6484375
978.7174072265625
936.9346313476562
895.493408203125
859.982421875
100.0
100.0
100.0
100.0
100.0
100.0
100.0
1038.5509033203125
901.490478515625
813.028076171875
749.2522583007812
709.791015625
683.742919921875
664.0514526367188
645.4540405273438
627.0169067382812
608.4009399414062
589.7472534179688
571.360107421875
553.3562622070312
535.6146240234375
518.0579223632812
500.7093505859375
483.68524169921875
467.0204162597656
450.8053283691406
435.15582275390625
420.07574462890625
405.5166320800781
391.4383544921875
377.8623962402344
364.9134826660156
352.5890808105469
340.8463439941406
329.6339416503906
318.86492919921875
308.5099792480469
298.54815673828125
288.9648132324219
279.7916259765625
271.12890625
262.7660827636719
254.7141876220703
246.98509216308594
239.5829620361328
232.5203857421875
225.76634216308594
219.32650756835938
213.2157745361328
207.42742919921875
201.95718383789062
196.786376953125
191.89312744140625
187.24978637695312
182.83132934570312
178.6169891357422
174.59681701660156
170.76556396484375
167.10638427734375
163.61483764648438
160.28082275390625
157.093017578125
