1499.999755859375
1500.3216552734375
1500.0
1500.0
1499.999755859375
1500.0
1500.0
1500.0
1500.0
1500.0
1500.0
1500.0
1500.0
1500.0
1500.0
1500.0
1500.0
1500.0
1500.0
1500.0
1500.0
1500.0
1500.0
1500.0
1500.0
1500.0
1500.0
1500.0
1500.0
1500.0
1500.0
1500.0
99.99993896484375
100.0
99.99998474121094
100.0
100.0
100.0
1500.0
1500.0
1500.016357421875
1500.0
1500.0
1500.0
1500.0
1468.339111328125
1433.8995361328125
1397.32177734375
1359.062744140625
1319.6337890625
1279.06298828125
1238.2493896484375
1198.0391845703125
1159.175048828125
1122.4559326171875
1086.133056640625
1050.2896728515625
1014.9285278320312
980.5313110351562
947.4773559570312
915.650146484375
884.7438354492188
854.6360473632812
825.2265625
796.5845336914062
768.78271484375
741.5260620117188
714.9190673828125
689.18603515625
664.45703125
640.8785400390625
618.3733520507812
596.8751220703125
576.2896118164062
556.4205322265625
536.861572265625
517.929443359375
499.69781494140625
482.0540466308594
464.9811706542969
448.4059143066406
432.3806457519531
416.8704528808594
401.88311767578125
387.49542236328125
373.6794128417969
360.5185852050781
347.8444519042969
341.6252136230469
335.485107421875
324.1116638183594
313.62213134765625
303.8293762207031
294.6224670410156
