1499.9993896484375
1500.0
1500.0
1497.7783203125
1500.0
1500.0
1500.0
1500.0
1500.0
1500.0
1500.0
1500.0
1500.0
1500.0
1500.0
1500.0
1500.0
1500.0
1500.0
1500.0
1500.0
1500.0
1500.0
1500.0
1500.0
1500.0
1500.0
1500.0
1500.0
1500.0
1500.0
1500.0
99.93595886230469
100.0
100.0
100.0
100.0
100.0
1499.9998779296875
1500.0
1500.0
1500.0
1500.0
1500.0
1500.0
1500.0
1500.0
1500.0
1500.0
1500.0
1500.0
1500.0
1500.0
1500.0
1500.0
1500.0
1500.0
1500.0
1500.0
1500.0
1500.0
1500.0
1500.0
1500.0
1500.0
1500.0
1500.0
1500.0
1500.0
1500.0
1500.0
1500.0
1494.771728515625
1444.17919921875
1397.907958984375
1354.6456298828125
1313.5791015625
1274.0908203125
1235.6038818359375
1197.7569580078125
1160.61083984375
1124.0777587890625
1088.473388671875
1053.6510009765625
1019.493896484375
985.865478515625
952.8599853515625
920.3861083984375
888.9199829101562
858.8171997070312
830.4182739257812
807.0020141601562
