1500.0
1500.0
1500.0
1500.0
1500.0
1500.0
1500.0
1500.0
1500.0
1500.0
1500.0
1500.0
1500.0
1500.0
1500.0
1500.0
1500.0
1500.0
1500.0
1500.0
1500.0
1500.0
1500.0
1500.0
1500.0
1500.0
1500.0
1500.0
1500.0
1500.0
1500.0
1500.0
100.0
99.99998474121094
100.0
100.0
100.0
100.0
1500.0
1500.0
1500.0
1500.0
1500.0
1500.0
1500.0
1500.0
1500.0
1500.0
1500.0
1500.0
1500.0
1500.0
1463.4539794921875
1392.0369873046875
1325.71630859375
1266.1578369140625
1211.7152099609375
1161.2418212890625
1113.8369140625
1069.9124755859375
1028.3817138671875
988.2477416992188
948.4544677734375
907.902587890625
867.8722534179688
828.6234741210938
791.62451171875
757.0430908203125
724.0162353515625
691.6395263671875
660.616455078125
630.6389770507812
600.524169921875
571.0302124023438
542.30615234375
514.7864990234375
491.96197509765625
470.78985595703125
450.34564208984375
430.2314147949219
410.6138916015625
391.4119567871094
373.11492919921875
356.37969970703125
341.3940124511719
327.08917236328125
313.0660095214844
299.66455078125
287.8897399902344
277.3627014160156
267.5869445800781
258.6968994140625
