1425.1439208984375
1099.128662109375
865.3953857421875
731.1170654296875
658.5964965820312
630.5723876953125
612.5857543945312
595.6373291015625
578.9147338867188
562.6246337890625
546.8484497070312
530.9902954101562
514.7825317382812
498.7040710449219
482.8973388671875
467.333740234375
452.6227111816406
436.71875
421.6703796386719
409.1168518066406
398.4902038574219
387.7040710449219
376.52587890625
364.9625549316406
353.1137390136719
342.82928466796875
332.3727111816406
321.9159851074219
312.0790710449219
302.9211120605469
293.8720397949219
286.58880615234375
100.0
99.99996948242188
100.0
100.0
100.0
100.0
393.2154541015625
293.138671875
275.088134765625
263.88653564453125
256.19873046875
250.98570251464844
246.99560546875
244.0710906982422
241.73129272460938
239.6229705810547
237.5245819091797
235.344970703125
233.0446014404297
230.63453674316406
228.08270263671875
225.4166717529297
222.691162109375
219.89111328125
216.93714904785156
213.93496704101562
210.9414520263672
207.93063354492188
204.89088439941406
201.85406494140625
198.85227966308594
195.90562438964844
192.9569549560547
189.9422607421875
186.868408203125
183.73049926757812
180.48577880859375
177.09503173828125
173.71597290039062
170.326904296875
166.8353271484375
163.27627563476562
159.72412109375
156.19979858398438
152.7149200439453
149.33522033691406
145.9895477294922
142.7144775390625
139.58267211914062
136.4719696044922
133.3992919921875
130.37681579589844
127.41592407226562
124.54590606689453
121.74440002441406
119.02537536621094
116.39456939697266
113.85101318359375
111.38971710205078
109.01585388183594
