2069.40380859375
2033.8218994140625
2007.64501953125
2062.365234375
2074.2392578125
2061.129150390625
2047.6314697265625
2041.2862548828125
2047.4814453125
2060.73486328125
2068.30517578125
2065.970458984375
2070.350341796875
2078.62939453125
2082.743408203125
2089.767822265625
2097.277099609375
2104.256591796875
2114.467529296875
2122.8291015625
2128.0625
2135.724853515625
2160.190185546875
2197.6083984375
2239.522705078125
2282.89892578125
2326.597900390625
2376.51806640625
2437.912841796875
2512.4189453125
2595.40087890625
2684.679931640625
121.70903778076172
123.30167388916016
123.83090209960938
124.1510238647461
124.29441833496094
124.37544250488281
1945.6949462890625
2470.3115234375
2641.055908203125
2774.58349609375
2986.921630859375
3183.71826171875
3377.421142578125
3573.0712890625
3771.694091796875
3970.959228515625
4170.36572265625
4365.2900390625
4569.10595703125
4775.2685546875
4980.109375
5191.28564453125
5406.0390625
5430.49072265625
5331.4169921875
5238.4609375
5148.935546875
5077.16259765625
5001.91455078125
4917.9375
4827.31396484375
4729.427734375
4627.5888671875
4523.19775390625
4416.40576171875
4318.47314453125
4217.1650390625
4110.6416015625
3997.55859375
3877.761474609375
3757.955322265625
3628.925537109375
3498.28515625
3370.089599609375
3245.35009765625
3122.85107421875
3000.016845703125
2880.216552734375
2760.480712890625
2649.41796875
2539.165771484375
2484.5166015625
2429.83056640625
2321.135498046875
2214.038818359375
2108.38037109375
2008.375244140625
1920.45068359375
1839.414794921875
1776.372314453125
1717.886962890625
1663.3779296875
