2060.408935546875
2023.7520751953125
2038.25634765625
2104.02783203125
2096.87060546875
2142.84228515625
2188.0478515625
2209.1513671875
2215.396240234375
2214.658447265625
2202.113037109375
2197.498779296875
2198.26611328125
2201.9443359375
2209.63330078125
2219.3623046875
2232.98046875
2244.981689453125
2254.658447265625
2267.89404296875
2284.576416015625
2300.19091796875
2314.1220703125
2327.5927734375
2340.27880859375
2352.1376953125
2363.887451171875
2378.21484375
2391.34033203125
2413.909912109375
2453.222900390625
2509.4931640625
121.62715911865234
121.41757202148438
120.54849243164062
120.19139099121094
119.94902801513672
119.71240997314453
1746.2664794921875
1866.2596435546875
2141.4990234375
2456.33544921875
2736.42431640625
2946.850830078125
3097.25537109375
3210.6669921875
3300.968505859375
3378.92919921875
3453.911376953125
3535.952392578125
3625.93115234375
3724.564453125
3826.6611328125
3930.581298828125
4043.445068359375
4169.47607421875
4306.63134765625
4447.0888671875
4591.787109375
4742.2783203125
4889.07421875
5052.4580078125
5214.40869140625
5383.08056640625
5600.3193359375
5815.5205078125
6021.27197265625
6226.0634765625
6484.7890625
6837.1689453125
6566.40771484375
6180.861328125
5874.45947265625
5611.41943359375
5363.0869140625
5121.654296875
4882.3173828125
4660.427734375
4463.94677734375
4258.99365234375
4077.23046875
3909.89306640625
3753.44873046875
3613.326416015625
3465.4169921875
3312.22607421875
3153.956787109375
2987.680419921875
2852.732666015625
2760.378662109375
2688.2001953125
2613.736083984375
