1990.0146484375
1524.2840576171875
1192.061767578125
1004.361572265625
904.0570678710938
879.1597290039062
863.7067260742188
841.5582885742188
818.3165283203125
795.573974609375
773.39501953125
752.1555786132812
731.478515625
710.889892578125
690.3167724609375
670.5103149414062
652.5473022460938
640.1226196289062
629.39599609375
617.0639038085938
603.1390380859375
594.7036743164062
583.2695922851562
570.3063354492188
556.2241821289062
541.2831420898438
525.8209228515625
512.7616577148438
499.40277099609375
485.6727600097656
471.7447509765625
457.62628173828125
125.79149627685547
127.70735168457031
128.91778564453125
129.71620178222656
129.8384246826172
129.96058654785156
553.7952270507812
407.66595458984375
419.9674987792969
459.2907409667969
476.0830078125
471.15325927734375
452.3952331542969
426.0971374511719
404.3515625
387.3512878417969
375.1225280761719
367.1690673828125
362.5238952636719
359.755859375
358.1959533691406
357.3310241699219
356.6777648925781
356.1470031738281
356.2176818847656
358.3913879394531
364.7551574707031
371.0559997558594
375.7047424316406
378.206787109375
379.1493835449219
379.3814392089844
380.0131530761719
381.7637023925781
385.6142578125
391.2999572753906
398.1919250488281
407.015380859375
419.1595458984375
438.5555725097656
461.768798828125
487.05560302734375
514.6763916015625
544.0620727539062
573.3308715820312
601.3721923828125
628.2568359375
654.3301391601562
679.5204467773438
703.8577880859375
726.8353881835938
748.247314453125
768.03369140625
786.5597534179688
803.5405883789062
818.7955932617188
832.3045043945312
844.0979614257812
854.1917724609375
862.5856323242188
