2079.312744140625
2051.322265625
2018.8455810546875
2033.0469970703125
2085.901611328125
2072.23388671875
2064.395751953125
2061.4658203125
2056.1025390625
2054.771240234375
2051.81591796875
2050.503173828125
2062.056396484375
2062.633056640625
2067.095947265625
2071.564697265625
2076.060302734375
2084.41259765625
2090.060791015625
2093.00146484375
2095.25830078125
2097.57568359375
2104.181640625
2117.10009765625
2125.304443359375
2132.6669921875
2144.393310546875
2159.290771484375
2178.817138671875
2197.73681640625
2219.634033203125
2242.84228515625
118.13602447509766
118.7823715209961
119.3504638671875
119.87459564208984
120.35468292236328
120.8058090209961
1784.331787109375
2066.516357421875
2237.157470703125
2402.581298828125
2547.63623046875
2687.6357421875
2842.564453125
3021.67529296875
3213.71533203125
3220.072021484375
3140.978271484375
3055.2041015625
2939.662841796875
2805.611572265625
2655.497314453125
2583.78955078125
2622.372802734375
2646.3544921875
2680.3486328125
2700.740966796875
2718.35009765625
2742.209716796875
2754.4345703125
2764.931396484375
2776.6767578125
2785.736083984375
2789.423583984375
2787.25830078125
2780.05419921875
2768.033935546875
2751.83544921875
2730.1875
2704.57080078125
2678.044921875
2662.921142578125
2651.46044921875
2623.477783203125
2594.31201171875
2564.378173828125
2534.10595703125
2503.53271484375
2473.899658203125
2446.374267578125
2420.085693359375
2395.536865234375
2372.56396484375
2351.56396484375
2333.337646484375
2317.299560546875
2301.263671875
2283.72998046875
2264.380126953125
2243.343017578125
2219.927001953125
2194.966552734375
2169.63671875
