2072.95361328125
2044.5269775390625
2016.47900390625
2000.221435546875
2054.49462890625
2069.3037109375
2057.617431640625
2044.28662109375
2048.501708984375
2083.086669921875
2111.429931640625
2144.66064453125
2171.828125
2204.462890625
2228.013427734375
2251.333740234375
2278.400390625
2310.878173828125
2347.4873046875
2385.75537109375
2425.51025390625
2472.543212890625
2528.114501953125
2593.34765625
2669.762939453125
2756.995361328125
2853.46630859375
2958.689453125
3071.571533203125
3189.894775390625
3312.42529296875
3439.4677734375
122.6060791015625
123.89517974853516
124.63880920410156
125.12835693359375
125.48682403564453
125.76864624023438
2957.558837890625
3482.375732421875
3684.32666015625
3810.056396484375
3923.95068359375
4046.65234375
4182.255859375
4328.70068359375
4484.56640625
4648.8369140625
4820.39892578125
4997.51611328125
5179.9599609375
5368.96826171875
5565.1982421875
5767.56201171875
5977.1630859375
6220.28369140625
6498.13818359375
6639.3525390625
6780.46142578125
7068.5341796875
7356.32470703125
7664.60302734375
7951.607421875
8233.498046875
8510.8505859375
8765.35546875
9001.642578125
9228.453125
9416.14453125
9250.908203125
9100.74609375
8956.638671875
8874.7177734375
8812.9814453125
8667.6796875
8520.171875
8370.4072265625
8219.0361328125
8066.7705078125
7913.52587890625
7759.1513671875
7603.8408203125
7448.69287109375
7294.14501953125
7140.93017578125
6989.73388671875
6840.91650390625
6694.6591796875
6551.00048828125
6409.6962890625
6269.78173828125
6130.65234375
5992.78759765625
5856.1005859375
