2085.108154296875
2063.87939453125
2034.1453857421875
2016.423583984375
2026.03076171875
2018.6343994140625
2032.0789794921875
2050.2529296875
2056.483642578125
2071.951171875
2077.537109375
2081.021240234375
2093.787841796875
2101.05419921875
2114.84130859375
2135.758544921875
2157.914306640625
2177.0380859375
2195.896728515625
2213.996826171875
2235.1953125
2258.28662109375
2290.948974609375
2334.278076171875
2393.38818359375
2467.6025390625
2551.34326171875
2641.479248046875
2736.3369140625
2835.11376953125
2939.73779296875
3050.09716796875
138.07208251953125
133.49937438964844
131.93606567382812
130.8302001953125
129.98362731933594
129.34677124023438
2493.488037109375
2874.033203125
3089.11328125
3251.560791015625
3401.985595703125
3555.12353515625
3716.385986328125
3883.42138671875
4050.948974609375
4217.1591796875
4381.697265625
4548.87744140625
4718.82666015625
4889.74951171875
5066.21826171875
5255.61669921875
5466.80908203125
5691.38720703125
5912.126953125
6128.19580078125
6337.1796875
6539.07275390625
6731.26708984375
6914.18359375
7078.49365234375
7213.638671875
7314.32666015625
7390.2060546875
7455.09619140625
7513.77685546875
7561.453125
7602.1484375
7635.53466796875
7652.18408203125
7669.240234375
7699.38427734375
7722.841796875
7742.63134765625
7741.8349609375
7727.39990234375
7710.50390625
7688.93505859375
7668.0908203125
7647.26220703125
7605.2099609375
7467.013671875
7197.822265625
6958.49755859375
6737.7646484375
6527.658203125
6324.74365234375
6132.40966796875
5948.58203125
5771.74658203125
5602.81982421875
