2064.705078125
2026.6531982421875
1991.3809814453125
2103.625732421875
2079.89794921875
2062.14111328125
2049.889892578125
2040.7305908203125
2034.8092041015625
2030.142822265625
2036.64208984375
2056.46435546875
2057.11328125
2064.3544921875
2068.056884765625
2066.243896484375
2063.405517578125
2062.34814453125
2076.571533203125
2090.490234375
2103.749755859375
2117.57373046875
2131.84521484375
2142.383544921875
2152.856689453125
2165.8779296875
2178.63232421875
2193.316162109375
2212.12646484375
2241.211669921875
2282.260986328125
2333.7041015625
123.04078674316406
123.27363586425781
123.50558471679688
123.71586608886719
123.91454315185547
124.10566711425781
1853.3612060546875
2125.416748046875
2305.920654296875
2446.75146484375
2561.86669921875
2664.64501953125
2768.752197265625
2877.0439453125
2986.040771484375
3096.023193359375
3201.50732421875
3300.8896484375
3395.662841796875
3493.21728515625
3604.01123046875
3719.79150390625
3842.52587890625
3989.60107421875
4222.7724609375
4382.0859375
4642.47509765625
5001.1435546875
4839.45849609375
4668.3740234375
4494.447265625
4305.9091796875
4098.78173828125
3875.554443359375
3635.2939453125
3367.751953125
3077.863525390625
2776.231689453125
2470.030517578125
2182.696044921875
2103.302978515625
2060.85302734375
2041.238037109375
2014.0870361328125
1980.5023193359375
1941.0908203125
1895.986572265625
1842.05908203125
1794.81005859375
1752.072021484375
1708.4066162109375
1666.9197998046875
1624.5426025390625
1582.073974609375
1537.2724609375
1490.6341552734375
1443.880859375
1396.59521484375
1348.5491943359375
1300.4942626953125
