2067.689208984375
2037.6707763671875
2008.272216796875
2024.3089599609375
2041.8199462890625
2048.6708984375
2069.892822265625
2084.013916015625
2092.25634765625
2101.391357421875
2113.602294921875
2119.92529296875
2134.130859375
2151.272705078125
2174.413330078125
2203.840087890625
2231.488525390625
2257.469970703125
2283.3837890625
2311.716796875
2350.0419921875
2404.750244140625
2475.288330078125
2560.822509765625
2659.1787109375
2768.54833984375
2886.781005859375
3012.3232421875
3147.024169921875
3292.103515625
3446.71240234375
3607.74658203125
129.0977783203125
124.70426940917969
125.72115325927734
127.12788391113281
128.1750030517578
128.8209991455078
3074.83544921875
3561.4453125
3785.48828125
3948.826171875
4111.11376953125
4289.2919921875
4486.46240234375
4702.75537109375
4936.65869140625
5197.57470703125
5486.53125
5798.35302734375
6104.9794921875
6408.29296875
6718.43798828125
7023.18359375
7297.67041015625
7557.59228515625
7809.61962890625
8039.17138671875
8251.8330078125
8452.9873046875
8643.9072265625
8811.3583984375
8961.283203125
9092.916015625
9211.5908203125
9317.6787109375
9412.80859375
9499.1123046875
9577.96484375
9358.869140625
9039.271484375
8739.94140625
8450.1953125
8164.54443359375
7881.03662109375
7600.75439453125
7325.05712890625
7054.21923828125
6786.2353515625
6522.3056640625
6262.84814453125
6011.349609375
5765.9169921875
5526.033203125
5289.0537109375
5084.072265625
4897.88916015625
4723.578125
4556.9130859375
4399.36767578125
4251.099609375
4111.849609375
