2027.8668212890625
1985.7174072265625
3012.012939453125
3996.40869140625
5257.50439453125
5886.60791015625
4983.5380859375
4222.63623046875
3652.673828125
3059.81298828125
2632.086669921875
2101.806396484375
1786.3192138671875
1563.08056640625
1402.317138671875
1287.1168212890625
1203.60400390625
1140.7376708984375
1091.739013671875
1053.8988037109375
1026.3536376953125
1005.1272583007812
987.3302001953125
971.5278930664062
957.3395385742188
944.6405639648438
934.0881958007812
926.103515625
919.02783203125
912.10498046875
905.5172119140625
899.483154296875
894.147216796875
889.6452026367188
885.8532104492188
882.5112915039062
879.2769775390625
75.98995971679688
69.73748016357422
75.76118469238281
79.19905853271484
81.15390014648438
82.37809753417969
1383.189208984375
1617.6658935546875
1456.7437744140625
1270.2774658203125
1133.8448486328125
1094.03564453125
1066.557861328125
1042.8857421875
1022.9628295898438
1000.6557006835938
977.1417846679688
954.8912963867188
935.111572265625
918.0639038085938
903.8363037109375
892.4266357421875
884.703857421875
880.0772094726562
877.3397216796875
875.5588989257812
874.5359497070312
874.6627197265625
876.1655883789062
878.6610107421875
881.554443359375
884.4138793945312
887.0634155273438
889.4713745117188
891.7024536132812
893.8786010742188
896.1022338867188
898.6043090820312
901.1740112304688
903.7033081054688
906.1985473632812
908.6437377929688
911.0092163085938
913.185546875
915.1000366210938
916.7952270507812
918.3145141601562
919.6949462890625
920.9425659179688
922.0685424804688
923.0746459960938
923.9944458007812
924.8240356445312
925.5921020507812
926.3305053710938
927.0654296875
927.8043823242188
928.56787109375
929.3523559570312
930.1091918945312
930.7938842773438
931.3578491210938
931.7437133789062
