1212.9453125
824.582275390625
615.65185546875
531.9852294921875
473.3221130371094
469.0998229980469
482.3216247558594
486.2422790527344
486.0686340332031
483.2894287109375
479.90032958984375
473.30133056640625
467.1089172363281
462.2149353027344
460.5242919921875
458.9712829589844
456.4774475097656
453.4552917480469
450.31390380859375
447.22747802734375
444.28057861328125
441.4402770996094
438.7463684082031
436.1604309082031
433.580322265625
430.93487548828125
428.1886291503906
425.3663635253906
422.1794128417969
418.447998046875
414.22357177734375
409.5503845214844
405.4436340332031
401.7408752441406
397.4635314941406
392.63555908203125
387.4655456542969
124.33806610107422
127.42121887207031
129.30784606933594
130.0231475830078
130.37901306152344
130.70144653320312
461.5300598144531
415.4320983886719
375.556640625
396.58880615234375
384.27154541015625
377.6542663574219
372.9750061035156
368.5238952636719
362.3206787109375
354.39111328125
345.4141845703125
335.8872985839844
326.1407470703125
316.37322998046875
306.72283935546875
297.17474365234375
287.8503723144531
279.779541015625
281.35235595703125
283.0591735839844
283.482177734375
282.5830993652344
277.720947265625
270.2213134765625
264.09320068359375
258.5024108886719
252.96942138671875
247.04135131835938
241.213134765625
236.5627899169922
232.13731384277344
228.11474609375
224.57485961914062
221.2145233154297
217.72503662109375
214.22250366210938
211.00445556640625
208.19703674316406
205.70474243164062
203.4517059326172
201.5641632080078
200.05650329589844
198.81027221679688
197.5271453857422
195.97317504882812
194.2554473876953
192.7035675048828
191.42556762695312
190.3002471923828
189.16644287109375
188.04713439941406
187.0970001220703
186.48753356933594
186.36041259765625
186.59988403320312
187.02955627441406
187.530029296875
