1050.953857421875
900.3736572265625
776.766357421875
818.2359619140625
801.9359741210938
772.8707885742188
756.6217651367188
744.1270141601562
735.8300170898438
733.9952392578125
730.6629638671875
714.0083618164062
700.9066162109375
705.5643920898438
710.3302001953125
709.301025390625
704.1110229492188
699.68212890625
696.7781372070312
694.7543334960938
693.4784545898438
692.6409912109375
691.645263671875
689.80712890625
687.4703979492188
684.106689453125
679.4603271484375
674.1942749023438
668.7892456054688
663.3692016601562
657.8855590820312
652.2584228515625
646.6702880859375
641.2079467773438
635.8919067382812
630.8045654296875
625.9596557617188
118.19837188720703
120.87677001953125
121.31580352783203
121.51970672607422
121.73548126220703
121.95997619628906
586.7584838867188
583.0968627929688
550.6126708984375
573.8922729492188
578.401123046875
582.101318359375
586.97314453125
603.325439453125
619.7047119140625
631.2532348632812
638.8571166992188
644.0380859375
647.888916015625
651.1967163085938
654.4198608398438
657.7760620117188
661.4422607421875
665.52734375
670.0591430664062
675.031494140625
680.3883056640625
686.0638427734375
692.0117797851562
698.1991577148438
704.5956420898438
711.1785278320312
717.9153442382812
724.7327880859375
731.5773315429688
738.3697509765625
745.0896606445312
751.7424926757812
758.330322265625
764.8411865234375
771.2550048828125
777.546630859375
783.6910400390625
789.6632080078125
795.4356689453125
800.9772338867188
806.2566528320312
811.246826171875
815.9620361328125
820.5082397460938
824.8501586914062
828.9225463867188
832.6979370117188
836.184326171875
839.3721313476562
842.2549438476562
844.8320922851562
847.11279296875
849.1063232421875
850.8129272460938
852.2362060546875
853.3739624023438
854.2237548828125
