2080.15869140625
2052.73974609375
2020.03515625
2020.497314453125
2089.734619140625
2075.097900390625
2066.7373046875
2064.479736328125
2059.32421875
2056.488037109375
2055.25390625
2049.80029296875
2057.63330078125
2064.394287109375
2064.062744140625
2072.861083984375
2076.986083984375
2082.7490234375
2090.443603515625
2095.473876953125
2098.3603515625
2100.91552734375
2104.489990234375
2115.56298828125
2126.373291015625
2133.919189453125
2142.56640625
2155.777099609375
2172.230224609375
2193.70947265625
2214.63134765625
2236.734375
118.6192626953125
119.19377136230469
119.70685577392578
120.17779541015625
120.61035919189453
121.01582336425781
1769.7645263671875
2067.395263671875
2209.81787109375
2367.494384765625
2495.23779296875
2616.42333984375
2750.605224609375
2909.127197265625
3093.37939453125
3279.043701171875
3205.362548828125
3122.716796875
3028.21875
2917.4521484375
2790.3583984375
2648.8037109375
2579.945556640625
2620.03466796875
2643.66552734375
2675.850341796875
2711.1201171875
2736.246826171875
2749.894287109375
2758.997802734375
2767.739013671875
2776.180908203125
2780.576416015625
2779.7890625
2773.511962890625
2762.63427734375
2748.45166015625
2728.41064453125
2703.0517578125
2676.45947265625
2649.724609375
2621.545166015625
2593.720703125
2565.19091796875
2536.52001953125
2507.6806640625
2479.17041015625
2452.0087890625
2424.999755859375
2399.604248046875
2375.917236328125
2354.315185546875
2335.66455078125
2319.535400390625
2304.45849609375
2288.4443359375
2270.87646484375
2251.73974609375
2230.642578125
2207.16455078125
