2077.74951171875
2045.9705810546875
2005.6046142578125
2021.4739990234375
2045.1988525390625
2051.673583984375
2063.404052734375
2066.014404296875
2084.125732421875
2104.611083984375
2143.39013671875
2178.392578125
2201.505126953125
2215.226318359375
2225.116455078125
2234.699462890625
2250.6064453125
2280.048583984375
2313.72705078125
2351.4384765625
2409.916015625
2483.35009765625
2572.532470703125
2673.777587890625
2788.724365234375
2915.123291015625
3048.193115234375
3187.718505859375
3336.552490234375
3492.933837890625
3654.811767578125
3821.318603515625
3990.840576171875
154.90184020996094
143.67189025878906
140.72067260742188
138.89195251464844
136.8274688720703
134.56039428710938
3397.048828125
3684.161376953125
3844.12158203125
4018.35107421875
4171.6708984375
4347.1826171875
4545.23193359375
4760.23876953125
4999.61279296875
5263.26513671875
5542.09375
5810.609375
6036.546875
6225.3818359375
6383.17919921875
6515.970703125
6610.84814453125
6674.26953125
6717.8828125
6747.48291015625
6762.3115234375
6771.45068359375
6787.9609375
6805.810546875
6829.48486328125
6859.958984375
6726.11181640625
6407.9345703125
6121.564453125
5860.5634765625
5620.95849609375
5403.98876953125
5209.599609375
5021.865234375
4843.02685546875
4672.15673828125
4504.30224609375
4349.01416015625
4209.8505859375
4081.2841796875
3953.265625
3822.957275390625
3682.87451171875
3537.188232421875
3396.562744140625
3267.12939453125
3147.40234375
3034.40673828125
2926.174560546875
2822.923828125
2725.5625
2632.98583984375
2544.506103515625
2457.86328125
2374.585693359375
