2057.197509765625
2025.735595703125
2013.9298095703125
2032.390869140625
2064.435546875
2084.5546875
2108.215087890625
2121.654296875
2132.8896484375
2151.484619140625
2185.7529296875
2226.880126953125
2261.7998046875
2292.3544921875
2318.337890625
2341.1171875
2378.525634765625
2442.61181640625
2532.50439453125
2648.3359375
2788.040283203125
2947.860107421875
3123.640625
3316.48974609375
3526.28515625
3750.4423828125
3985.302734375
4230.02197265625
4487.36376953125
4761.75
5058.126953125
5383.3515625
5733.95166015625
210.87014770507812
186.1716766357422
182.30955505371094
184.98489379882812
189.74411010742188
192.6500244140625
5425.0166015625
5785.47021484375
5874.849609375
5960.021484375
6100.6630859375
6306.8720703125
6566.31005859375
6868.6796875
7208.3095703125
7565.830078125
7927.2060546875
8284.263671875
8623.1044921875
8939.6396484375
9212.34765625
9453.6513671875
9497.857421875
9133.5205078125
8799.20703125
8472.2978515625
8143.62939453125
7813.1396484375
7482.44189453125
7149.1025390625
6824.98876953125
6512.11767578125
6206.306640625
5906.63720703125
5618.64404296875
5378.28857421875
5161.4677734375
4957.6630859375
4763.4091796875
4578.15966796875
4403.20703125
4236.69775390625
4077.841064453125
3930.645263671875
3794.178955078125
3664.6796875
3539.168212890625
3417.650146484375
3300.350341796875
3188.33984375
3081.8388671875
2977.680419921875
2875.884033203125
2777.01513671875
2681.109375
2590.25
2503.969482421875
2422.215087890625
2345.090576171875
2268.5224609375
2191.932373046875
