1754.1859130859375
1594.631103515625
1608.7440185546875
1469.2265625
1287.13916015625
1221.4454345703125
1203.2767333984375
1193.217529296875
1181.7802734375
1167.782958984375
1151.8851318359375
1134.587646484375
1121.521728515625
1111.6788330078125
1103.9593505859375
1097.6513671875
1097.6278076171875
1101.915283203125
1110.344970703125
1127.580810546875
1154.875732421875
1190.77001953125
1232.9613037109375
1280.18017578125
1335.135498046875
1390.0462646484375
1443.974853515625
1497.50439453125
1550.4442138671875
1602.896240234375
1654.2186279296875
1705.8724365234375
1757.2344970703125
302.6230773925781
299.45916748046875
307.9012451171875
334.45306396484375
357.4327392578125
375.7889099121094
391.08343505859375
2115.023681640625
2106.451904296875
2110.274658203125
2156.0751953125
2199.208251953125
2233.7578125
2269.949951171875
2303.999267578125
2332.306640625
2354.33251953125
2370.572265625
2381.460205078125
2386.66552734375
2386.466552734375
2381.6513671875
2372.3251953125
2358.395263671875
2340.27490234375
2319.03173828125
2294.898193359375
2268.227294921875
2238.8037109375
2206.808349609375
2172.376708984375
2134.632080078125
2095.7099609375
2055.47705078125
2014.345947265625
1972.572998046875
1930.3995361328125
1887.9378662109375
1845.4632568359375
1803.256103515625
1761.565673828125
1720.4105224609375
1679.9326171875
1639.642822265625
1599.3319091796875
1559.6947021484375
1520.7950439453125
1482.6346435546875
1445.1846923828125
1408.5960693359375
1372.8839111328125
1338.1043701171875
1304.2164306640625
1271.1961669921875
1239.0574951171875
1207.8375244140625
1177.5072021484375
1148.106201171875
1119.67822265625
1092.2681884765625
1065.8233642578125
1040.31298828125
