1992.6702880859375
3354.74365234375
2844.626708984375
2489.69775390625
2436.755859375
2415.25244140625
2404.674560546875
2393.19091796875
2388.526123046875
2385.6328125
2381.94677734375
2370.401611328125
2358.031982421875
2343.583251953125
2329.310546875
2315.73046875
2295.69775390625
2290.8505859375
2289.79296875
2287.668701171875
2286.9736328125
2286.515625
2286.20556640625
2285.994140625
2285.647216796875
2284.400390625
2283.54541015625
2280.94873046875
2279.483642578125
2279.14013671875
2279.006103515625
2278.5078125
2278.244140625
2278.1650390625
2278.1630859375
