2042.6915283203125
2023.24267578125
2044.6588134765625
2037.5147705078125
2014.6356201171875
2044.0628662109375
2044.7545166015625
2069.001220703125
2106.21240234375
2164.857666015625
2254.14501953125
2327.520263671875
2397.8212890625
2483.588623046875
2600.60595703125
2746.523193359375
2911.646484375
3089.963623046875
3280.83203125
3482.134765625
3694.552734375
3922.557861328125
4167.24560546875
4429.8818359375
4708.6962890625
5001.93115234375
5303.8837890625
5619.3671875
5957.568359375
6312.62646484375
6685.01904296875
7098.3486328125
7557.5322265625
353.74237060546875
317.2878112792969
291.8133544921875
261.9525146484375
250.99754333496094
249.54119873046875
253.18251037597656
7919.0859375
8670.1376953125
9178.998046875
10029.70703125
10858.205078125
11657.271484375
12421.958984375
13162.0869140625
13886.271484375
14604.2548828125
15316.4697265625
15221.2978515625
15054.619140625
14884.58203125
14704.37109375
14510.4091796875
14302.7236328125
14081.9248046875
13849.388671875
13606.990234375
13355.8056640625
13096.60546875
12829.0263671875
12557.2265625
12282.615234375
12007.1962890625
11731.57421875
11455.7822265625
11180.974609375
10908.5146484375
10637.931640625
10370.263671875
10106.5146484375
9847.244140625
9593.078125
9344.01171875
9100.5869140625
8863.36328125
8633.3056640625
8408.412109375
8189.55908203125
7976.9375
7769.28369140625
7562.4462890625
7362.4912109375
7173.2451171875
6990.15478515625
6812.70751953125
6640.7626953125
6474.21044921875
6312.9140625
6156.79052734375
6005.83740234375
5859.76611328125
5718.5888671875
