2042.130615234375
2022.4150390625
2044.6971435546875
2036.77197265625
2014.4039306640625
2044.5233154296875
2044.74609375
2068.276123046875
2101.339599609375
2153.0302734375
2236.2451171875
2301.5751953125
2364.653076171875
2441.013427734375
2548.787109375
2685.68505859375
2842.21630859375
3011.344482421875
3191.853515625
3383.412353515625
3584.15283203125
3797.431640625
4023.7578125
4265.630859375
4525.228515625
4800.2255859375
5088.77197265625
5386.03271484375
5700.169921875
6036.12109375
6386.62255859375
6757.634765625
7174.14892578125
331.5956115722656
302.29510498046875
276.3878173828125
251.28379821777344
242.85794067382812
242.68173217773438
246.60791015625
7501.30859375
8161.7861328125
8636.4365234375
9437.017578125
10205.978515625
10969.498046875
11704.5048828125
12420.84765625
13126.7509765625
13824.931640625
14525.23828125
15224.6455078125
15343.6640625
15185.5947265625
15029.3447265625
14864.4228515625
14687.2666015625
14496.453125
14292.458984375
14076.1044921875
13848.6376953125
13611.7509765625
13366.6181640625
13112.6513671875
12851.7958984375
12586.69140625
12318.931640625
12050.02734375
11780.1650390625
11510.0107421875
11240.7802734375
10972.5830078125
10705.8984375
10442.375
10182.74609375
9927.5087890625
9677.138671875
9431.33203125
9191.431640625
8957.515625
8728.69140625
8505.4033203125
8287.8232421875
8072.3251953125
7860.27197265625
7658.015625
7463.240234375
7274.51123046875
7091.4306640625
6913.67529296875
6741.02978515625
6573.720703125
6411.5234375
6254.57470703125
6102.875
