2028.730712890625
1978.3511962890625
2406.197021484375
2926.48583984375
3455.819091796875
3464.72509765625
3238.213623046875
2974.650390625
2761.0947265625
2601.610107421875
2484.170166015625
2409.856689453125
2358.642822265625
2342.814208984375
2346.538818359375
2370.97216796875
2436.96923828125
2547.39697265625
2697.03955078125
2879.945556640625
2947.008056640625
2995.217041015625
3064.332275390625
3144.62158203125
3240.0263671875
3340.293212890625
3441.65771484375
3541.262939453125
3638.51611328125
3734.55712890625
3829.41455078125
3921.969482421875
4014.089599609375
260.3417053222656
252.9739990234375
257.9068298339844
264.1026611328125
257.62701416015625
250.1981964111328
251.4657440185547
5770.78076171875
5647.7109375
5662.79541015625
5638.400390625
5591.22265625
5554.8779296875
5543.18603515625
5553.92333984375
5582.171875
5622.87646484375
5669.64794921875
5714.78466796875
5753.3486328125
5782.9453125
5802.32080078125
5809.388671875
5804.05859375
5787.04638671875
5759.4580078125
5722.48193359375
5676.59423828125
5622.90283203125
5561.69482421875
5493.4013671875
5418.60888671875
5337.92236328125
5252.23486328125
5162.294921875
5069.06982421875
4973.140625
4875.59423828125
4776.94091796875
4676.20458984375
4574.818359375
4473.99462890625
4372.83837890625
4270.849609375
4168.36376953125
4069.16015625
3971.806640625
3876.184326171875
3782.4736328125
3690.74560546875
3601.1962890625
3514.127685546875
3429.75390625
3347.318603515625
3266.894775390625
3188.486572265625
3112.111083984375
3038.414306640625
2966.86669921875
2897.3623046875
2830.12255859375
2765.033935546875
