2057.526123046875
2021.921875
2038.80029296875
2059.184814453125
2081.277099609375
2077.206298828125
2098.1845703125
2119.553955078125
2127.031005859375
2139.631103515625
2136.435546875
2131.7275390625
2131.38720703125
2130.572509765625
2130.04443359375
2135.12451171875
2145.70849609375
2152.4306640625
2156.992431640625
2161.1318359375
2167.661376953125
2177.127197265625
2190.75927734375
2214.34326171875
2245.72216796875
2288.9189453125
2336.582275390625
2387.698486328125
2455.604248046875
2531.617919921875
2612.532958984375
2699.8720703125
120.49492645263672
123.0858383178711
124.36528778076172
125.12252044677734
125.39523315429688
125.4855728149414
2085.77685546875
2365.04931640625
2523.940673828125
2798.524169921875
3000.70068359375
3164.650390625
3308.21630859375
3441.60595703125
3570.7490234375
3699.538818359375
3827.917724609375
3955.446044921875
4082.28515625
4209.87890625
4339.021484375
4470.45947265625
4619.98681640625
4767.64013671875
4911.73046875
5056.2119140625
5203.08056640625
5350.76220703125
5497.7734375
5641.25146484375
5780.78076171875
5920.935546875
6047.16162109375
6148.15087890625
6230.9453125
6298.67724609375
6354.908203125
6401.27978515625
6438.72900390625
6471.1533203125
6501.26806640625
6534.84326171875
6562.17236328125
6590.3935546875
6623.86962890625
6659.900390625
6695.478515625
6732.51123046875
6724.66650390625
6471.53271484375
6254.4765625
6058.8212890625
5879.45947265625
5793.05029296875
5705.9189453125
5537.81396484375
5382.865234375
5238.1640625
5099.5
4965.0185546875
4833.86474609375
4699.72119140625
