2074.84814453125
2045.1636962890625
2011.5045166015625
2026.4254150390625
2032.06298828125
2054.692138671875
2065.28369140625
2064.884033203125
2069.1669921875
2077.71142578125
2092.87890625
2109.60205078125
2119.221923828125
2135.398193359375
2154.5068359375
2170.760009765625
2181.5556640625
2190.361572265625
2200.18701171875
2213.85791015625
2232.158203125
2258.68212890625
2293.168701171875
2339.002685546875
2399.393310546875
2471.944580078125
2550.68701171875
2635.881103515625
2730.135009765625
2834.614013671875
2947.149169921875
3064.822509765625
128.23764038085938
126.46199035644531
126.2659912109375
126.05873107910156
125.856689453125
125.68778228759766
2406.322021484375
2757.753662109375
2991.654052734375
3188.602783203125
3385.072265625
3592.558349609375
3809.6943359375
4034.822265625
4264.96875
4496.48193359375
4723.99755859375
4954.880859375
5178.68359375
5407.4287109375
5631.353515625
5846.9775390625
6054.01708984375
6240.060546875
6433.63916015625
6622.85009765625
6814.7783203125
7003.46728515625
7178.65478515625
7339.20263671875
7495.12109375
7648.81103515625
7800.57666015625
7951.36474609375
8102.21533203125
8252.1953125
8397.1953125
8507.958984375
8588.859375
8634.9736328125
8666.2001953125
8700.3232421875
8744.6943359375
8773.765625
8817.3076171875
8888.90234375
8975.9404296875
9058.2578125
9125.005859375
9190.751953125
9257.521484375
9283.3984375
9313.8740234375
9363.931640625
9416.50390625
9271.8291015625
8908.595703125
8588.4580078125
8287.0146484375
8001.46533203125
