2085.0595703125
2071.435302734375
2041.1322021484375
2018.36083984375
2003.89501953125
2013.8096923828125
2059.363037109375
2065.885009765625
2066.409912109375
2061.98681640625
2061.13232421875
2065.114990234375
2068.03759765625
2068.78515625
2073.336181640625
2081.842529296875
2087.042236328125
2089.783447265625
2100.2060546875
2114.8974609375
2126.69189453125
2136.91064453125
2154.824462890625
2175.487060546875
2205.42529296875
2237.453369140625
2271.6005859375
2307.290283203125
2355.576904296875
2407.781005859375
2462.049560546875
2529.19677734375
124.02422332763672
125.63593292236328
126.38201141357422
126.77124786376953
127.02252197265625
127.15727233886719
1973.130615234375
2391.189453125
2539.7939453125
2672.076171875
2896.04296875
3091.75244140625
3267.692626953125
3437.81396484375
3612.737060546875
3793.80322265625
3974.119384765625
4152.8125
4330.37890625
4507.751953125
4687.943359375
4876.939453125
5077.78466796875
5278.46728515625
5404.29150390625
5546.02099609375
5705.85107421875
5897.38232421875
6081.068359375
6249.9619140625
6412.62646484375
6636.40625
6820.22607421875
6996.4267578125
7164.779296875
7303.48876953125
7415.603515625
7527.56982421875
7642.9580078125
7761.3544921875
7886.96875
7983.82373046875
8060.013671875
8115.9423828125
8119.70166015625
8091.34765625
8137.642578125
8220.6416015625
7878.6953125
7564.70458984375
7418.65380859375
7028.44775390625
6625.41015625
6211.8310546875
5842.990234375
5569.5263671875
5327.34033203125
5081.3623046875
4843.7763671875
4607.20361328125
4348.9443359375
4124.66650390625
