2064.153076171875
2033.976806640625
2024.125732421875
2027.651123046875
2048.956298828125
2043.6600341796875
2048.043701171875
2055.96826171875
2069.147216796875
2093.79345703125
2117.1103515625
2152.587890625
2181.0
2212.85986328125
2248.52685546875
2290.877685546875
2332.223388671875
2382.32958984375
2457.656982421875
2558.93505859375
2678.62939453125
2811.907470703125
2956.194580078125
3108.436767578125
3265.64404296875
3425.969970703125
3590.286865234375
3757.753662109375
3926.93408203125
4099.09033203125
4274.31689453125
4452.9833984375
194.4617919921875
186.18760681152344
185.54232788085938
186.198974609375
187.27891540527344
188.54293823242188
4200.1904296875
4464.07421875
4613.33349609375
4769.1923828125
4946.5478515625
5139.9482421875
5343.68896484375
5555.1455078125
5778.54833984375
6010.59130859375
6249.447265625
6526.04638671875
6797.22705078125
7073.07373046875
7366.6865234375
7671.970703125
7978.93310546875
8276.0908203125
8560.3134765625
8827.94140625
8697.2666015625
8554.416015625
8413.0205078125
8268.302734375
8119.66552734375
7965.5546875
7806.4306640625
7643.419921875
7477.126953125
7307.64208984375
7135.107421875
6960.38916015625
6785.30517578125
6609.6513671875
6433.26318359375
6257.03466796875
6080.20068359375
5905.044921875
5732.5634765625
5563.2275390625
5397.29638671875
5235.75048828125
5078.23046875
4924.47216796875
4775.7744140625
4632.900390625
4495.79052734375
4363.96826171875
4236.80224609375
4113.69482421875
3994.242431640625
3878.373291015625
3765.62646484375
3655.64111328125
