2085.00146484375
2071.62060546875
2042.5660400390625
2016.3701171875
1995.7781982421875
2068.269287109375
2085.2119140625
2088.7626953125
2089.478515625
2096.609375
2118.939697265625
2146.575927734375
2144.7080078125
2135.58447265625
2139.48974609375
2149.0244140625
2171.236083984375
2179.089599609375
2180.371826171875
2188.419921875
2195.7880859375
2201.77783203125
2209.4638671875
2221.2939453125
2235.97705078125
2251.166259765625
2263.80859375
2277.607177734375
2300.009521484375
2330.154052734375
2368.72021484375
2414.8564453125
116.42230224609375
114.77606201171875
112.77857971191406
111.99568176269531
112.13916015625
112.27349090576172
1706.92333984375
1690.2216796875
2055.35791015625
2947.291015625
3139.86962890625
3072.583984375
3040.35888671875
3060.23974609375
3137.99609375
3252.251953125
3332.352783203125
3350.103271484375
3357.993896484375
3371.392578125
3409.241943359375
3485.9814453125
3569.364990234375
3651.4384765625
3748.1123046875
3850.070068359375
3899.390625
3948.8076171875
4066.609130859375
4194.48388671875
4090.6708984375
4057.777099609375
4057.48681640625
4066.142822265625
4080.48583984375
4102.84326171875
4133.1279296875
4176.9990234375
4233.1708984375
4294.67919921875
4354.0947265625
4405.306640625
4451.11572265625
4493.66162109375
4534.98828125
4576.681640625
4617.01171875
4656.0791015625
4694.61083984375
4731.3173828125
4766.3896484375
4799.71484375
4829.28076171875
4853.205078125
4870.70703125
4880.2451171875
4881.849609375
4875.39794921875
4861.455078125
4840.197265625
4812.2119140625
