2085.113525390625
2060.978515625
2028.18701171875
2028.6268310546875
2056.60791015625
2076.711181640625
2077.6513671875
2071.813720703125
2070.077880859375
2074.6484375
2075.480712890625
2084.67724609375
2071.03369140625
2030.2457275390625
1990.3326416015625
1953.260009765625
1918.191162109375
1893.489013671875
1866.9688720703125
1839.745849609375
1813.4371337890625
1792.263671875
1770.6993408203125
1753.3060302734375
1738.1304931640625
1726.0758056640625
1712.99462890625
1701.24609375
1690.781982421875
1679.934814453125
1669.2796630859375
1662.2860107421875
116.99974060058594
117.84407806396484
118.72857666015625
119.28460693359375
119.78661346435547
120.25452423095703
1654.9031982421875
1618.241455078125
1707.9674072265625
1725.21484375
1722.5701904296875
1732.2750244140625
1750.8363037109375
1768.62060546875
1783.762451171875
1797.0054931640625
1840.879150390625
1882.3916015625
1922.2823486328125
1961.30224609375
1997.5157470703125
2031.7098388671875
2062.60205078125
2091.48046875
2120.6943359375
2150.654296875
2180.501708984375
2208.955322265625
2235.753662109375
2260.372802734375
2282.478759765625
2302.02978515625
2319.080322265625
2333.5048828125
2344.959716796875
2352.6064453125
2356.357177734375
2355.328125
2349.6201171875
2339.193603515625
2325.45068359375
2309.578857421875
2293.5673828125
2277.423095703125
2261.24755859375
2245.0625
2230.058837890625
2214.328125
2197.2607421875
2178.775390625
2159.09619140625
2137.9111328125
2115.012939453125
2090.428466796875
2064.368896484375
2037.04150390625
2008.61083984375
1979.5172119140625
1949.96240234375
1919.9510498046875
