2063.3740234375
2025.2642822265625
2002.0321044921875
2100.75341796875
2075.98681640625
2059.212158203125
2047.417724609375
2038.6231689453125
2032.5107421875
2028.1365966796875
2043.6243896484375
2055.7294921875
2055.03564453125
2064.06201171875
2064.804443359375
2061.853759765625
2058.700439453125
2061.539794921875
2073.283447265625
2085.452392578125
2098.1474609375
2111.714599609375
2125.155029296875
2134.637451171875
2144.178955078125
2155.478759765625
2168.43603515625
2182.926513671875
2201.652587890625
2228.55908203125
2268.64892578125
2318.30419921875
123.10144805908203
123.36219787597656
123.61414337158203
123.84337615966797
124.0604476928711
124.26895904541016
1863.9874267578125
2120.049072265625
2297.0166015625
2432.978759765625
2544.017333984375
2643.562255859375
2742.631591796875
2846.15234375
2950.723388671875
3055.9794921875
3158.654052734375
3256.85205078125
3352.71044921875
3445.865234375
3542.810302734375
3650.05712890625
3764.1376953125
3893.8779296875
4061.58203125
4276.41162109375
4355.60888671875
4434.2294921875
4742.2333984375
4938.0078125
4779.6982421875
4606.3828125
4427.93408203125
4229.00927734375
4011.053955078125
3772.16552734375
3507.212158203125
3213.1767578125
2899.435302734375
2578.991455078125
2391.27392578125
2248.607666015625
2107.536865234375
2048.544189453125
2027.2518310546875
1999.6417236328125
1964.6552734375
1922.548583984375
1872.2454833984375
1823.6763916015625
1781.992431640625
1741.652099609375
1704.1109619140625
1665.4202880859375
1625.7991943359375
1585.6463623046875
1542.9620361328125
1497.5989990234375
1450.7232666015625
1403.2713623046875
1355.5281982421875
1307.1610107421875
