2050.789306640625
2010.4644775390625
2071.605712890625
2154.951416015625
2143.447998046875
2136.614501953125
2186.55908203125
2221.0576171875
2255.5166015625
2287.92578125
2308.383544921875
2317.76025390625
2328.49658203125
2354.806640625
2383.753173828125
2415.6826171875
2454.816650390625
2497.089111328125
2547.08447265625
2611.392333984375
2690.08740234375
2783.569091796875
2891.599609375
3013.1220703125
3147.593505859375
3293.13671875
3449.115234375
3615.2587890625
3790.675048828125
3975.025634765625
4167.20947265625
4366.96728515625
125.1852798461914
124.31124114990234
126.06562805175781
127.24993133544922
128.05752563476562
128.6761932373047
3661.45654296875
4849.27978515625
5358.6591796875
5635.41650390625
5813.3056640625
5948.3681640625
6070.69091796875
6197.30859375
6339.41015625
6504.927734375
6710.54150390625
6966.6630859375
7272.87841796875
7581.5234375
7936.3466796875
8325.10546875
8732.0078125
9147.0615234375
9562.6513671875
9621.0234375
9636.1162109375
9659.8212890625
9719.263671875
9778.5849609375
9833.3984375
9881.34765625
9915.0517578125
9932.296875
9932.68359375
9917.353515625
9887.515625
9842.7578125
9784.1669921875
9715.25390625
9673.0615234375
9640.1357421875
9560.70703125
9476.587890625
9387.3984375
9292.900390625
9193.8125
9090.9189453125
8984.7392578125
8875.6142578125
8763.6376953125
8649.236328125
8532.6962890625
8414.2421875
8294.22265625
8172.74267578125
8049.810546875
7926.4306640625
7803.078125
7679.64453125
7556.11376953125
7432.39111328125
