1886.9576416015625
1401.490478515625
1083.1236572265625
908.8988037109375
834.9191284179688
818.41064453125
791.4024658203125
763.6453247070312
737.3230590820312
716.0150756835938
699.681640625
682.2487182617188
671.5527954101562
664.7198486328125
656.663330078125
652.406494140625
647.0713500976562
639.9014282226562
631.549560546875
622.2776489257812
612.3717041015625
602.020751953125
591.5081176757812
580.8216552734375
569.8084106445312
558.41650390625
546.4954223632812
534.1087036132812
521.4036254882812
508.4900207519531
498.19671630859375
487.3638000488281
124.10344696044922
126.2364501953125
126.60890197753906
126.74491882324219
126.88829040527344
127.0347900390625
561.3490600585938
448.06866455078125
469.1090087890625
467.9599609375
456.8190002441406
442.2412414550781
428.1755065917969
415.8181457519531
403.5209655761719
392.11956787109375
381.94940185546875
375.92041015625
374.33050537109375
373.76873779296875
373.12896728515625
375.4454650878906
381.1155700683594
388.4442138671875
398.76580810546875
413.28265380859375
433.2415771484375
456.0310974121094
479.87860107421875
506.91790771484375
538.3829345703125
571.0689697265625
604.003173828125
636.7789916992188
668.1513061523438
697.4451904296875
723.8617553710938
747.5318603515625
768.6939697265625
787.3570556640625
803.7807006835938
818.136474609375
830.4826049804688
840.9326782226562
849.6698608398438
856.6607666015625
861.9417724609375
865.6217651367188
868.2174072265625
869.440185546875
869.2818603515625
867.7816772460938
865.0099487304688
861.122802734375
856.226806640625
850.4240112304688
843.9368286132812
836.7990112304688
829.0147094726562
820.8350219726562
