2038.6956787109375
2010.4693603515625
2063.507080078125
2048.43505859375
2032.933349609375
2021.57275390625
2022.53125
2036.4384765625
2037.0321044921875
2040.8980712890625
2047.01318359375
2056.857177734375
2078.766845703125
2113.236572265625
2142.375
2176.240966796875
2225.420654296875
2296.15771484375
2388.806884765625
2496.653564453125
2617.373291015625
2748.79931640625
2890.278076171875
3042.525390625
3203.989501953125
3374.215576171875
3555.98046875
3752.110107421875
3969.87646484375
4205.857421875
4463.0302734375
4738.1533203125
190.79928588867188
213.04327392578125
217.63583374023438
217.71534729003906
218.4160614013672
220.80917358398438
5564.57373046875
5948.1298828125
6187.802734375
6485.88671875
6737.427734375
6997.9833984375
7300.97314453125
7655.03955078125
8066.9296875
8548.8896484375
9079.994140625
9621.4921875
10200.1142578125
10814.130859375
11456.7646484375
12122.83203125
12811.4609375
13521.3134765625
14254.654296875
15009.599609375
15347.8671875
15374.6083984375
15385.2529296875
15373.2734375
15339.7978515625
15287.2685546875
15213.099609375
15118.5546875
15005.83984375
14876.3935546875
14730.0283203125
14568.4912109375
14390.1875
14196.7666015625
13990.4833984375
13773.427734375
13548.533203125
13312.3916015625
13063.7802734375
12797.5966796875
12525.1962890625
12255.3408203125
11983.2158203125
11710.3681640625
11438.34765625
11168.41015625
10899.9482421875
10636.388671875
10376.775390625
10120.79296875
9871.0537109375
9629.048828125
9389.4794921875
9152.3056640625
8918.2041015625
