2085.017333984375
2066.2841796875
2036.462646484375
2014.4129638671875
2011.5579833984375
2042.9453125
2048.92333984375
2039.824951171875
2030.771240234375
2023.732177734375
2030.1624755859375
2040.9866943359375
2058.277099609375
2074.071533203125
2083.567138671875
2096.884521484375
2113.660888671875
2133.82080078125
2156.046142578125
2176.0810546875
2194.916015625
2217.4970703125
2248.67138671875
2290.87646484375
2351.51708984375
2425.428466796875
2508.629150390625
2600.1845703125
2699.526123046875
2807.9453125
2926.233154296875
3051.158203125
129.20851135253906
126.7247085571289
126.42832946777344
126.272216796875
126.25404357910156
126.25106811523438
2564.57373046875
2772.597900390625
2870.239990234375
3020.73046875
3183.320556640625
3363.8486328125
3558.379638671875
3765.3994140625
3982.7763671875
4208.318359375
4436.81298828125
4664.45654296875
4890.34228515625
5112.3896484375
5335.50390625
5573.44873046875
5824.6982421875
6078.63720703125
6319.62353515625
6536.81494140625
6744.38525390625
6951.05908203125
7148.8984375
7341.580078125
7518.09716796875
7671.009765625
7799.037109375
7910.43017578125
8008.81689453125
8101.1953125
8187.6416015625
8271.259765625
8352.5283203125
8425.6689453125
8470.90234375
8490.013671875
8497.1953125
8498.8876953125
8486.94921875
8464.4697265625
8435.5546875
8413.275390625
8406.103515625
8400.306640625
8387.396484375
8395.7568359375
8425.93359375
8472.533203125
8514.818359375
8524.6591796875
8504.9208984375
8493.40625
8430.677734375
8117.03955078125
7836.40576171875
