2084.622802734375
2060.184326171875
2027.887939453125
2044.75634765625
2051.44482421875
2073.8583984375
2076.39453125
2071.683349609375
2072.425048828125
2077.907958984375
2079.570556640625
2080.236083984375
2054.447509765625
2015.8726806640625
1978.121337890625
1941.34521484375
1908.6368408203125
1884.726318359375
1858.2861328125
1834.335693359375
1810.4593505859375
1788.5361328125
1764.787353515625
1748.3883056640625
1733.255615234375
1720.0068359375
1706.56787109375
1694.48828125
1683.0709228515625
1672.463134765625
1660.359130859375
1651.447509765625
117.4170913696289
118.38468933105469
119.39530944824219
120.05097198486328
120.62973022460938
121.15704345703125
1646.1939697265625
1602.3409423828125
1656.021484375
1702.763427734375
1709.7886962890625
1705.6080322265625
1709.6800537109375
1728.1348876953125
1745.095703125
1759.130126953125
1767.7449951171875
1799.27392578125
1838.1910400390625
1877.2633056640625
1916.3594970703125
1952.9967041015625
1987.9400634765625
2019.466796875
2048.549072265625
2077.752685546875
2107.90087890625
2138.10595703125
2166.952880859375
2193.89697265625
2218.80419921875
2241.601806640625
2262.047607421875
2280.15576171875
2295.8203125
2308.892578125
2318.691650390625
2324.007568359375
2324.455322265625
2320.03515625
2310.66162109375
2297.59375
2282.100341796875
2266.1923828125
2250.365966796875
2234.620849609375
2219.322998046875
2205.35595703125
2190.51171875
2174.408935546875
2157.153076171875
2138.740478515625
2118.690185546875
2096.864013671875
2073.271240234375
2048.108642578125
2021.9654541015625
1994.7261962890625
1966.4454345703125
1937.458251953125
1907.9385986328125
