0.04297064244747162
0.04881127551198006
0.05418481305241585
0.05527820810675621
0.05583857744932175
0.056132592260837555
0.0564974807202816
0.05686444789171219
0.05721143260598183
0.057459957897663116
0.05765727907419205
0.05778636783361435
0.05791611224412918
0.058039240539073944
0.05815136060118675
0.05827413126826286
0.05840887501835823
0.0585252083837986
0.05864820256829262
0.0587833970785141
0.0589340478181839
0.05909650772809982
0.05932871624827385
0.05963221564888954
0.05997937172651291
0.0603945218026638
0.06089823693037033
0.061474207788705826
0.06212802603840828
0.06285471469163895
0.06362292170524597
0.06443073600530624
0.003551008179783821
0.0036205328069627285
0.003674797248095274
0.0036575268022716045
0.0035853947047144175
0.0035306422505527735
0.05883059650659561
0.06151844933629036
0.06356257200241089
0.06535467505455017
0.06697449088096619
0.0684681162238121
0.069861501455307
0.0711829662322998
0.07246153056621552
0.07371347397565842
0.07494819164276123
0.07619353383779526
0.07745137065649033
0.07872515916824341
0.08002954721450806
0.08138079196214676
0.08282594382762909
0.08434013277292252
0.08594534546136856
0.08757816255092621
0.0892496183514595
0.0910126343369484
0.0927090048789978
0.09391891211271286
0.09516142308712006
0.09646464139223099
0.09782323986291885
0.0992056280374527
0.10053076595067978
0.10183169692754745
0.10390590876340866
0.10579204559326172
0.10765837877988815
0.10951240360736847
0.11146761476993561
0.11367300897836685
0.11620131134986877
0.11889956146478653
0.12130072712898254
0.12378731369972229
0.12253129482269287
0.11834190785884857
0.11447792500257492
0.11074502766132355
0.10715504735708237
0.10361391305923462
0.10005605220794678
0.09702892601490021
0.09404009580612183
0.09101057052612305
0.08809637278318405
0.08524772524833679
0.08238393068313599
0.07943358272314072
