2084.9951171875
2072.629638671875
2040.6514892578125
2008.16455078125
2065.4287109375
2089.029296875
2074.026123046875
2067.740966796875
2067.904541015625
2073.22998046875
2073.417236328125
2083.966064453125
2089.129638671875
2087.710205078125
2086.99755859375
2097.5546875
2119.913818359375
2137.782958984375
2138.817626953125
2136.12255859375
2145.748779296875
2156.383056640625
2165.4765625
2179.44287109375
2193.587890625
2213.19775390625
2222.416015625
2230.57373046875
2249.198486328125
2272.605712890625
2303.02734375
2342.23291015625
120.1392822265625
118.5758056640625
115.5872573852539
115.61283111572266
115.83817291259766
116.10386657714844
1743.4085693359375
1807.222900390625
2429.793212890625
2778.13525390625
2915.82958984375
2934.1708984375
2940.9482421875
2975.15380859375
3019.8544921875
3062.157958984375
3073.58349609375
3100.028076171875
3149.9248046875
3230.498046875
3350.508544921875
3494.642822265625
3636.63916015625
3757.843017578125
3869.71875
3982.945556640625
4102.134765625
4217.30810546875
4338.87060546875
4277.1748046875
4208.76513671875
4189.45458984375
4187.41015625
4191.505859375
4200.51513671875
4212.3583984375
4225.3193359375
4238.9228515625
4256.33056640625
4283.36083984375
4324.42529296875
4376.80224609375
4429.21044921875
4474.47119140625
4508.697265625
4532.443359375
4548.640625
4562.1259765625
4576.7353515625
4591.48193359375
4605.7880859375
4618.3232421875
4627.677734375
4632.52099609375
4631.462890625
4624.24853515625
4609.455078125
4587.029296875
4557.47021484375
4521.97509765625
