2084.52294921875
2063.65966796875
2036.335205078125
2017.30322265625
2004.6651611328125
2004.070068359375
2050.431640625
2050.8310546875
2045.9256591796875
2042.8563232421875
2045.9852294921875
2055.33935546875
2064.43994140625
2073.4736328125
2082.595458984375
2090.468994140625
2108.2158203125
2129.44140625
2150.67626953125
2176.255615234375
2203.29833984375
2238.52490234375
2285.654541015625
2359.198974609375
2458.266357421875
2580.8017578125
2722.97119140625
2881.432861328125
3052.6767578125
3233.635986328125
3422.56494140625
3619.5849609375
163.24603271484375
165.44479370117188
175.2969207763672
182.97726440429688
188.36105346679688
192.0511474609375
3933.471923828125
4017.693359375
4074.547607421875
4176.72021484375
4331.546875
4531.22509765625
4767.931640625
5031.25634765625
5315.06201171875
5615.275390625
5929.4560546875
6255.33837890625
6595.47314453125
6954.6220703125
7338.14697265625
7740.919921875
8128.16552734375
8535.99609375
8955.66796875
9373.736328125
9791.51171875
10212.318359375
10640.787109375
11088.81640625
11545.47265625
12003.4765625
12465.205078125
12931.9248046875
13410.1865234375
13887.1767578125
14365.51953125
14851.873046875
15332.634765625
15797.0771484375
16249.90234375
16693.958984375
17131.55859375
17554.845703125
17963.81640625
18363.25
18746.763671875
19118.453125
19480.560546875
19824.73828125
20156.19921875
20460.0546875
20746.86328125
21004.904296875
21220.05078125
21412.73828125
21586.173828125
21717.71484375
21817.58984375
21890.39453125
