1924.293701171875
1478.072021484375
1166.4942626953125
985.064453125
897.226806640625
887.323486328125
864.0255126953125
838.5073852539062
813.1226806640625
788.3245239257812
764.0177612304688
740.50048828125
717.4255981445312
694.4801025390625
671.5130004882812
649.1854248046875
633.5968627929688
618.4532470703125
603.8927001953125
587.4793701171875
572.31201171875
561.9571533203125
548.5467529296875
532.635009765625
515.6569213867188
498.14288330078125
480.3282165527344
463.9367370605469
448.3648681640625
433.0960388183594
424.3271789550781
424.38525390625
125.3807144165039
127.37136840820312
128.65016174316406
129.4871368408203
130.00466918945312
130.17056274414062
466.3183898925781
363.8236083984375
411.5234069824219
432.5268859863281
443.0433654785156
431.5091857910156
410.1613464355469
391.5635070800781
374.1210021972656
359.5193176269531
349.7142333984375
344.1526794433594
341.3681335449219
340.21881103515625
339.6167297363281
339.0226135253906
338.0981140136719
336.7251281738281
334.8258361816406
333.3385925292969
332.83807373046875
335.046630859375
337.76300048828125
341.2884216308594
347.3098449707031
350.9816589355469
352.122802734375
352.7867736816406
353.29388427734375
353.9997863769531
356.98028564453125
363.1166076660156
370.7778625488281
379.9515380859375
390.1305236816406
401.4703063964844
419.9235534667969
441.18084716796875
463.32977294921875
486.0306396484375
508.0992736816406
528.67578125
548.435302734375
568.1155395507812
588.1099243164062
607.5439453125
626.2726440429688
644.42431640625
661.5203247070312
677.4085083007812
692.0885620117188
705.502685546875
717.8589477539062
728.8428955078125
