2076.3076171875
2045.9447021484375
2011.106689453125
2017.408447265625
2029.6749267578125
2054.662841796875
2060.245849609375
2058.251220703125
2063.39013671875
2073.69140625
2094.44091796875
2103.759521484375
2113.84716796875
2129.31298828125
2141.404541015625
2155.7294921875
2168.97705078125
2182.4599609375
2193.780029296875
2202.14501953125
2209.7138671875
2220.59716796875
2235.44189453125
2256.5361328125
2284.042724609375
2324.495849609375
2376.58203125
2437.3330078125
2503.174072265625
2571.021484375
2642.5869140625
2721.3515625
121.8726806640625
124.28514862060547
124.9229736328125
125.09989929199219
125.26898193359375
125.41371154785156
1891.10595703125
2348.86962890625
2671.03125
2882.62353515625
3047.98681640625
3193.72412109375
3332.6640625
3472.491455078125
3616.322509765625
3763.56982421875
3913.57275390625
4065.7890625
4221.51904296875
4382.2509765625
4546.76416015625
4719.41748046875
4893.59619140625
5063.1796875
5237.7421875
5413.77001953125
5589.90283203125
5750.5458984375
5899.12060546875
6042.02783203125
6182.5478515625
6329.5322265625
6465.96875
6607.73876953125
6767.771484375
6913.85400390625
7035.59765625
7140.29638671875
7238.185546875
7329.30224609375
7416.6650390625
7505.83251953125
7602.45703125
7697.3193359375
7781.48828125
7860.70556640625
7926.70263671875
7985.44921875
8042.08251953125
8093.71435546875
8136.431640625
8165.15234375
8170.18896484375
8163.009765625
8156.17138671875
8151.6201171875
8156.61181640625
8162.83984375
8173.73193359375
8213.86328125
8263.423828125
