2068.430419921875
2037.809326171875
2007.5732421875
2028.0250244140625
2059.141357421875
2047.8970947265625
2042.1080322265625
2052.1591796875
2055.510986328125
2073.837646484375
2101.770263671875
2134.56103515625
2156.389404296875
2172.219970703125
2191.056640625
2219.06201171875
2254.10302734375
2292.913818359375
2330.2509765625
2381.47900390625
2449.595703125
2535.9189453125
2635.501953125
2746.92236328125
2870.3115234375
3006.412841796875
3154.4189453125
3311.4521484375
3475.8818359375
3648.344970703125
3829.12451171875
4014.827392578125
146.03009033203125
145.42575073242188
150.03831481933594
153.97962951660156
157.9780731201172
163.53952026367188
3992.087890625
4305.6298828125
4443.42822265625
4541.51611328125
4650.9140625
4787.78466796875
4953.71630859375
5146.02685546875
5358.97265625
5589.14990234375
5834.7255859375
6093.6005859375
6368.02734375
6665.5556640625
6992.48828125
7349.06103515625
7732.392578125
8131.02099609375
8514.6806640625
8885.48828125
9249.9140625
9607.4130859375
9960.28515625
10306.49609375
10631.689453125
10523.8837890625
10433.6220703125
10348.259765625
10258.2705078125
10164.41015625
10061.73828125
9949.03125
9826.98828125
9697.7568359375
9562.5859375
9419.783203125
9269.888671875
9113.4404296875
8952.466796875
8788.2587890625
8620.619140625
8449.67578125
8275.8447265625
8100.228515625
7924.4697265625
7745.501953125
7564.97021484375
7383.73193359375
7208.4462890625
7037.99658203125
6871.47265625
6788.99072265625
6707.01953125
6544.828125
6384.06005859375
