2084.42333984375
2063.25927734375
2036.90966796875
2019.4888916015625
2008.0687255859375
2007.2354736328125
2049.74072265625
2045.0792236328125
2040.885009765625
2038.3746337890625
2034.6796875
2038.8958740234375
2055.928466796875
2065.373291015625
2076.410400390625
2086.244873046875
2097.502197265625
2120.218017578125
2147.595703125
2178.8271484375
2217.86865234375
2262.022216796875
2314.499755859375
2387.12548828125
2476.697509765625
2580.91015625
2698.84765625
2828.643798828125
2968.041015625
3116.40576171875
3272.529296875
3434.599365234375
146.11636352539062
139.64234924316406
149.46595764160156
159.5106964111328
168.0691680908203
175.21730041503906
3743.938720703125
3856.25390625
3896.841552734375
3986.4609375
4077.48486328125
4190.16455078125
4328.97216796875
4490.23583984375
4669.2294921875
4863.64990234375
5069.1669921875
5287.40966796875
5512.78857421875
5745.40673828125
5983.30126953125
6227.619140625
6484.166015625
6760.81103515625
7057.21826171875
7401.5390625
7750.2958984375
8099.37353515625
8464.6455078125
8819.7724609375
9166.8759765625
9513.0712890625
9853.22265625
10186.732421875
10515.8515625
10841.041015625
11165.4423828125
11484.689453125
11802.431640625
12115.76171875
12419.771484375
12718.5986328125
13020.34765625
13316.7861328125
13604.5908203125
13885.4794921875
14159.25390625
14426.814453125
14686.5205078125
14937.140625
15176.4638671875
15405.3193359375
15622.423828125
15825.7294921875
16008.6171875
16174.48046875
16322.2802734375
16450.427734375
16559.619140625
16651.4375
16728.53125
