2085.010009765625
2068.238037109375
2036.7789306640625
2011.984375
1996.384521484375
2027.1190185546875
2057.724365234375
2070.5263671875
2066.5390625
2061.439697265625
2065.71044921875
2068.623046875
2069.983642578125
2073.510009765625
2081.00390625
2086.655517578125
2092.3994140625
2096.6630859375
2106.595703125
2121.295654296875
2134.026611328125
2142.77392578125
2149.19189453125
2162.10302734375
2176.95458984375
2196.624267578125
2215.192138671875
2233.111572265625
2256.92626953125
2285.682861328125
2316.214599609375
2347.556884765625
125.30713653564453
127.09461212158203
127.927734375
128.39964294433594
128.61289978027344
128.75340270996094
1849.4522705078125
2006.046142578125
2245.615234375
2431.954833984375
2581.97607421875
2713.526123046875
2831.558837890625
2945.279296875
3058.38330078125
3172.714599609375
3286.998291015625
3401.919189453125
3526.94580078125
3662.360595703125
3806.61181640625
3956.428955078125
4108.693359375
4258.51806640625
4407.244140625
4559.49169921875
4714.22119140625
4870.39208984375
5029.30859375
5192.9814453125
5366.10498046875
5552.7783203125
5745.53515625
5878.44140625
6018.01904296875
6163.16796875
6311.00341796875
6459.52783203125
6611.28662109375
6753.68701171875
6862.35302734375
7017.3779296875
7176.22119140625
7307.759765625
7420.853515625
7515.19921875
7613.9482421875
7704.40576171875
7797.482421875
7898.71826171875
8000.4912109375
8097.103515625
8179.13427734375
8261.27734375
8354.54296875
8280.3134765625
7883.00927734375
7722.228515625
7575.4658203125
7313.8505859375
7070.9375
