2085.04052734375
2065.979736328125
2037.06884765625
2010.88525390625
1992.633056640625
2022.700439453125
2043.0159912109375
2055.626220703125
2063.306884765625
2092.0986328125
2105.924560546875
2120.70703125
2135.419677734375
2146.03662109375
2159.901123046875
2173.407470703125
2188.9775390625
2205.270263671875
2220.763916015625
2234.408203125
2248.50048828125
2263.5078125
2280.42138671875
2304.250732421875
2331.701904296875
2369.63037109375
2423.619140625
2487.40087890625
2555.687744140625
2629.591064453125
2711.32763671875
2800.625732421875
122.77059173583984
124.20586395263672
125.20137023925781
125.87721252441406
126.36862182617188
126.74320220947266
1994.50830078125
2417.76904296875
2713.68798828125
2928.48779296875
3106.8681640625
3268.919677734375
3425.629150390625
3581.1064453125
3734.212646484375
3886.536865234375
4037.69482421875
4187.35009765625
4335.86181640625
4484.0224609375
4631.77880859375
4779.1416015625
4926.16162109375
5074.73583984375
5228.0595703125
5383.64501953125
5542.87890625
5719.54443359375
5909.63134765625
6086.84326171875
6258.35107421875
6427.5966796875
6597.23779296875
6771.603515625
6941.1826171875
7108.07568359375
7259.029296875
7393.11669921875
7512.32421875
7613.01171875
7689.09619140625
7750.4453125
7807.314453125
7864.68359375
7913.76708984375
7958.47021484375
8001.27978515625
8049.6884765625
8086.666015625
8097.6611328125
8088.671875
8059.1123046875
8018.99755859375
7999.60986328125
8002.79541015625
8024.39013671875
7940.2041015625
7661.671875
7408.98291015625
7181.78173828125
