2030.41064453125
2358.806640625
2491.15625
2306.80224609375
2237.333984375
2210.5234375
2170.15869140625
2141.55908203125
2123.314208984375
2118.8603515625
2123.6982421875
2141.5078125
2158.27099609375
2179.51953125
2198.85595703125
2214.28564453125
2239.734130859375
2264.462646484375
2288.586181640625
2311.881591796875
2336.8740234375
2364.106689453125
2391.552490234375
2425.939208984375
2473.49755859375
2536.59765625
2614.134033203125
2704.000244140625
2804.925048828125
2915.3876953125
3033.8544921875
3158.815185546875
112.45731353759766
108.06562042236328
106.15274810791016
106.593017578125
107.06326293945312
107.56199645996094
2218.294189453125
2882.903076171875
3093.015380859375
3360.908935546875
3571.59619140625
3730.357421875
3868.789794921875
3896.822021484375
3914.34228515625
3949.12060546875
3991.573486328125
4037.833251953125
4085.32177734375
4131.56591796875
4175.4873046875
4223.09130859375
4279.30908203125
4323.61865234375
4358.216796875
4384.220703125
4405.771484375
4434.21337890625
4469.5205078125
4496.21875
4513.31787109375
4520.39208984375
4523.02685546875
4520.1943359375
4509.68310546875
4488.77392578125
4459.78564453125
4425.84521484375
4384.7451171875
4338.03759765625
4284.63623046875
4224.66650390625
4159.14599609375
4088.712158203125
4014.35595703125
3936.600341796875
3855.99755859375
3774.116455078125
3690.44677734375
3605.037109375
3518.392822265625
3430.95361328125
3343.646728515625
3256.269287109375
3169.640625
3083.95654296875
2998.67041015625
2913.84716796875
2833.429443359375
2756.9794921875
2683.665283203125
