2053.2431640625
2031.413330078125
2022.73583984375
2031.9371337890625
2021.8719482421875
2006.68994140625
2046.6134033203125
2058.574462890625
2064.663330078125
2078.746826171875
2107.519775390625
2162.80712890625
2224.7255859375
2281.10107421875
2347.527587890625
2439.8046875
2551.891845703125
2676.69677734375
2810.278076171875
2952.400634765625
3105.302978515625
3270.05224609375
3448.703125
3641.5185546875
3847.165771484375
4063.723388671875
4292.2392578125
4532.0048828125
4785.806640625
5052.78466796875
5338.66015625
5633.94091796875
5940.580078125
233.13002014160156
225.5874481201172
230.04306030273438
237.92138671875
246.67181396484375
255.33575439453125
6536.4775390625
7114.3818359375
7535.7607421875
7966.1455078125
8440.53125
8951.4404296875
9495.1337890625
10031.5712890625
10570.3271484375
11121.224609375
11674.1865234375
12231.2138671875
12799.33984375
13380.5439453125
13964.7509765625
14547.568359375
15130.9638671875
15717.3896484375
15594.7734375
15362.220703125
15134.1923828125
14898.9521484375
14653.3994140625
14397.416015625
14130.5068359375
13852.5556640625
13564.1357421875
13270.3037109375
12972.7880859375
12672.443359375
12373.4150390625
12076.0576171875
11779.0576171875
11483.255859375
11190.025390625
10900.3037109375
10614.5693359375
10333.865234375
10058.78515625
9789.8056640625
9527.138671875
9271.220703125
9021.82421875
8779.1669921875
8543.681640625
8315.212890625
8094.18115234375
7880.025390625
7672.349609375
7471.42041015625
7278.23974609375
7092.75537109375
6913.1748046875
6739.42919921875
