2029.4920654296875
2035.7899169921875
2121.24658203125
2212.90673828125
2223.8212890625
2174.87841796875
2199.540771484375
2218.925537109375
2246.358642578125
2285.53955078125
2323.60986328125
2368.274169921875
2419.9140625
2488.5615234375
2574.028076171875
2678.15087890625
2798.29150390625
2931.999755859375
3082.261962890625
3251.927001953125
3442.3564453125
3653.125732421875
3882.950439453125
4130.30859375
4391.802734375
4660.6962890625
4938.35302734375
5225.6865234375
5523.5244140625
5833.79248046875
6170.20947265625
6544.822265625
6981.73828125
208.7437744140625
187.11134338378906
189.0122833251953
201.2115936279297
218.64520263671875
236.2379913330078
6850.05029296875
8084.94775390625
8893.8095703125
9157.2822265625
9228.416015625
9321.2392578125
9378.5966796875
9396.380859375
9385.9560546875
9356.2451171875
9312.8251953125
9260.8818359375
9202.8359375
9135.515625
9056.4892578125
8964.7158203125
8858.6162109375
8737.9287109375
8610.0
8476.4111328125
8336.736328125
8190.9345703125
8039.6181640625
7883.1923828125
7721.92138671875
7556.8154296875
7388.74462890625
7218.8974609375
7048.947265625
6879.59423828125
6711.08837890625
6543.84814453125
6378.1015625
6214.44384765625
6053.5322265625
5895.51806640625
5740.7626953125
5589.49951171875
5442.23388671875
5298.9560546875
5158.90478515625
5020.64013671875
4887.9248046875
4759.80810546875
4635.9384765625
4516.32861328125
4400.60498046875
4288.275390625
4179.47705078125
4074.3203125
3972.551513671875
3874.08544921875
3778.97900390625
3687.022216796875
