2085.020751953125
2058.2744140625
2026.050537109375
2001.0274658203125
2028.1531982421875
2048.0322265625
2036.3150634765625
2024.511474609375
2027.3743896484375
2049.763916015625
2072.647705078125
2089.393798828125
2105.42822265625
2126.64453125
2152.70166015625
2182.397705078125
2208.3349609375
2234.27880859375
2266.094970703125
2309.62158203125
2366.828369140625
2440.990966796875
2526.5966796875
2624.677734375
2735.188232421875
2857.877197265625
2994.15380859375
3142.93798828125
3300.06298828125
3463.582275390625
3633.3046875
3810.066162109375
149.27609252929688
136.28857421875
135.3976287841797
136.08041381835938
136.6947784423828
137.05091857910156
3354.846435546875
3532.0791015625
3645.792236328125
3827.61083984375
3998.8623046875
4177.287109375
4371.87841796875
4586.072265625
4818.16064453125
5065.17822265625
5335.4892578125
5625.47119140625
5930.24169921875
6260.271484375
6577.7158203125
6911.181640625
7254.52294921875
7573.080078125
7872.5732421875
8148.30126953125
8392.8076171875
8609.9228515625
8806.2744140625
8989.3203125
9135.7529296875
9261.087890625
9369.248046875
9461.3935546875
9541.80859375
9600.140625
9631.767578125
9640.6201171875
9640.8935546875
9640.771484375
9654.6494140625
9672.51953125
9680.4794921875
9680.5908203125
9675.0947265625
9669.943359375
9485.791015625
9095.6259765625
8742.5
8411.65234375
8097.66357421875
7798.47900390625
7513.57275390625
7243.462890625
6988.77685546875
6748.6689453125
6522.3349609375
6309.02001953125
6107.70361328125
5915.81884765625
5732.01123046875
