2051.714599609375
2033.0972900390625
2046.602783203125
2027.5648193359375
2057.947265625
2071.66650390625
2103.3740234375
2139.789306640625
2166.200439453125
2175.36572265625
2178.25390625
2180.184814453125
2178.109619140625
2177.711181640625
2180.013427734375
2181.83544921875
2187.0380859375
2195.79736328125
2209.24755859375
2242.34814453125
2285.802734375
2338.17431640625
2407.783203125
2490.960205078125
2589.783447265625
2701.569091796875
2820.602294921875
2947.238037109375
3079.876220703125
3220.214599609375
3365.812744140625
3512.74462890625
157.02720642089844
158.2288360595703
157.88809204101562
154.77276611328125
149.71261596679688
144.9530029296875
140.06004333496094
2804.690185546875
3031.954345703125
3150.424560546875
3412.225341796875
3648.998291015625
3868.08642578125
4076.153076171875
4276.197265625
4470.0966796875
4667.349609375
4883.53515625
5105.2841796875
5331.3544921875
5556.158203125
5778.763671875
5996.53515625
6208.35546875
6416.46728515625
6605.6943359375
6787.62451171875
6953.19970703125
7113.15576171875
7267.22216796875
7388.1826171875
7488.18505859375
7574.7646484375
7664.70751953125
7776.9423828125
7907.54541015625
7986.84912109375
8062.79150390625
7715.73583984375
7399.744140625
7103.240234375
6819.39208984375
6550.5234375
6284.48876953125
6020.037109375
5764.138671875
5508.1796875
5265.4130859375
5031.83251953125
4800.8154296875
4570.0126953125
4340.51416015625
4112.9482421875
3929.9970703125
3665.72900390625
3239.164794921875
2787.03662109375
2614.100341796875
2560.011474609375
2493.008056640625
2421.16943359375
2348.153564453125
