2083.4990234375
2057.95703125
2021.6007080078125
2005.243896484375
2011.79248046875
2044.021484375
2042.6346435546875
2029.742431640625
2036.3387451171875
2052.909912109375
2080.180419921875
2096.060546875
2113.7177734375
2139.94091796875
2170.980224609375
2197.28076171875
2215.598388671875
2232.5673828125
2254.693115234375
2290.978271484375
2340.7822265625
2408.0224609375
2486.32568359375
2577.251220703125
2682.7294921875
2802.240966796875
2936.473876953125
3084.439453125
3242.689453125
3407.51611328125
3576.941650390625
3751.717041015625
3934.293212890625
155.82968139648438
139.9114532470703
136.83665466308594
135.69827270507812
135.06568908691406
134.48228454589844
3451.708251953125
3762.629638671875
3964.76708984375
4147.21875
4332.48974609375
4530.50927734375
4744.947265625
4978.4150390625
5239.57421875
5508.2451171875
5784.19580078125
6085.78125
6393.7490234375
6703.15869140625
7007.63720703125
7305.6005859375
7581.5126953125
7844.86083984375
8086.2666015625
8302.2490234375
8491.203125
8664.630859375
8806.03515625
8921.5615234375
9020.712890625
9109.544921875
9182.103515625
9238.05078125
9272.0048828125
9290.412109375
9302.2880859375
9321.541015625
9338.6748046875
9335.2998046875
9316.2890625
9289.4775390625
9262.529296875
9236.8740234375
8922.3828125
8597.578125
8298.3671875
8012.75048828125
7737.3564453125
7472.1806640625
7218.408203125
6977.34228515625
6750.9638671875
6538.86767578125
6340.83447265625
6151.130859375
5968.5458984375
5792.0
5622.494140625
5460.30810546875
