2015.48779296875
1808.7103271484375
1735.10400390625
1538.7430419921875
1463.561767578125
1426.7906494140625
1407.358642578125
1397.4403076171875
1384.822021484375
1372.5289306640625
1360.9864501953125
1350.2669677734375
1339.8233642578125
1326.927001953125
1316.4549560546875
1307.8245849609375
1301.5908203125
1298.58935546875
1300.1612548828125
1306.71923828125
1319.5318603515625
1341.8385009765625
1372.6187744140625
1410.4224853515625
1453.678955078125
1500.6842041015625
1551.191162109375
1606.4447021484375
1663.8504638671875
1720.4395751953125
1775.9381103515625
1830.5848388671875
169.89073181152344
163.47567749023438
165.78106689453125
187.88687133789062
211.4974365234375
230.82736206054688
245.7432403564453
2158.4833984375
2146.82421875
2120.308349609375
2137.47998046875
2171.238525390625
2207.8095703125
2244.850341796875
2282.186767578125
2319.459228515625
2382.1376953125
2429.6181640625
2470.267822265625
2507.59619140625
2555.81298828125
2604.8134765625
2649.55908203125
2691.49072265625
2725.89697265625
2751.7333984375
2769.446044921875
2778.89306640625
2780.534912109375
2775.18310546875
2763.21728515625
2745.334228515625
2722.800048828125
2696.8349609375
2666.683837890625
2632.236083984375
2594.198974609375
2552.507568359375
2506.416259765625
2457.41748046875
2405.908203125
2352.130615234375
2297.74560546875
2242.97998046875
2188.375244140625
2134.292236328125
2081.240966796875
2028.9456787109375
1977.39013671875
1926.603271484375
1876.8302001953125
1827.908447265625
1779.810791015625
1732.2779541015625
1684.90380859375
1638.82861328125
1593.9730224609375
1550.304931640625
1508.132568359375
1467.43896484375
1428.1072998046875
1390.0767822265625
