2041.5533447265625
1877.3109130859375
1319.30224609375
1311.8961181640625
1277.2802734375
1219.236572265625
1184.9078369140625
1149.551025390625
1127.09912109375
1102.3748779296875
1076.3875732421875
1051.419189453125
1027.31982421875
1004.37841796875
987.7638549804688
968.8151245117188
948.9899291992188
929.1519775390625
909.2630004882812
890.772216796875
874.211669921875
864.8873901367188
857.351806640625
850.430419921875
842.159912109375
832.5523681640625
824.23828125
816.899169921875
809.6903686523438
802.138427734375
793.677001953125
784.7092895507812
777.3898315429688
117.65311431884766
118.2296142578125
118.50064086914062
118.77774047851562
119.0511703491211
119.3531723022461
872.7432250976562
746.5914306640625
764.3331298828125
767.5999145507812
755.8436889648438
738.4067993164062
724.9901733398438
724.3734130859375
732.7841796875
746.1910400390625
756.2965087890625
761.284912109375
764.5670166015625
767.6340942382812
771.639892578125
777.9415283203125
784.4559326171875
793.1825561523438
806.0932006835938
821.5104370117188
836.9607543945312
852.1021118164062
867.5237426757812
883.0205688476562
897.722412109375
911.503173828125
926.1210327148438
942.51171875
959.22900390625
974.5679321289062
987.3838500976562
996.99658203125
1003.4030151367188
1006.6888427734375
1008.153076171875
1008.8811645507812
1009.4009399414062
1010.2393798828125
1010.7830200195312
1010.1030883789062
1007.6851196289062
1003.3073120117188
997.1702880859375
989.060546875
979.6991577148438
969.5598754882812
959.242919921875
949.3607177734375
940.3501586914062
932.2295532226562
924.904296875
918.11767578125
911.9369506835938
905.6864013671875
