1798.6514892578125
1329.585205078125
1019.90234375
879.434814453125
870.4114990234375
845.6915893554688
818.7583618164062
793.1177978515625
777.03564453125
760.8560180664062
742.528564453125
722.8244018554688
702.171142578125
681.0802001953125
659.6727294921875
637.8252563476562
615.46142578125
592.7092895507812
569.7807006835938
546.7346801757812
523.7368774414062
500.717041015625
477.7790832519531
459.24462890625
447.0924072265625
435.9665222167969
421.8607482910156
407.2351379394531
398.1827697753906
393.96807861328125
386.01434326171875
380.063720703125
122.91114044189453
125.637939453125
125.919921875
126.32540130615234
126.65299224853516
126.92158508300781
407.7559814453125
355.8179016113281
436.0091552734375
414.0169677734375
373.5172119140625
347.9535827636719
337.0966796875
333.38226318359375
332.3555908203125
330.9466552734375
327.9255065917969
324.7848205566406
322.2274169921875
320.99969482421875
320.9986267089844
321.48681640625
321.9004211425781
323.35858154296875
324.30718994140625
324.4144592285156
327.774169921875
332.89410400390625
339.1177062988281
346.2342834472656
357.1355285644531
370.5272521972656
385.295166015625
400.28662109375
415.608154296875
434.1739196777344
454.4430847167969
473.66497802734375
494.1488037109375
515.0598754882812
535.2196655273438
548.1222534179688
554.4076538085938
568.4767456054688
579.9940185546875
588.9512939453125
595.9452514648438
602.343505859375
609.0734252929688
616.1907348632812
623.534912109375
630.4912719726562
636.8087768554688
642.2655029296875
646.6503295898438
649.7898559570312
651.5399169921875
651.9118041992188
650.9889526367188
648.8475952148438
645.5986938476562
