2084.421630859375
2067.68212890625
2025.112060546875
2040.760498046875
2093.873291015625
2079.55859375
2074.93505859375
2068.69384765625
2070.1220703125
2080.196533203125
2078.424560546875
2076.703369140625
2088.379638671875
2114.747314453125
2131.134033203125
2132.3447265625
2141.421875
2151.70654296875
2160.776611328125
2177.27099609375
2196.699462890625
2212.16162109375
2212.572265625
2222.94775390625
2245.04541015625
2278.82666015625
2321.361083984375
2379.805419921875
2451.791748046875
2532.80908203125
2647.5703125
2732.166015625
114.41610717773438
114.12174224853516
107.80166625976562
107.65274810791016
108.02490234375
108.30156707763672
108.70342254638672
1650.347900390625
1753.199951171875
2410.6982421875
3168.565673828125
3452.527587890625
3500.907958984375
3562.41162109375
3685.186279296875
3831.6455078125
3966.36376953125
4085.935302734375
4207.201171875
4331.1220703125
4455.923828125
4297.34228515625
4212.9140625
4181.60205078125
4169.6103515625
4165.50732421875
4165.9677734375
4166.828125
4167.03125
4165.58447265625
4170.537109375
4192.349609375
4232.865234375
4278.77099609375
4318.048828125
4343.7490234375
4355.05810546875
4356.09765625
4354.5341796875
4354.1474609375
4353.17626953125
4351.5947265625
4349.3828125
4344.30810546875
4333.76318359375
4315.46044921875
4288.95947265625
4254.11376953125
4212.4892578125
4165.56689453125
4114.8623046875
4061.463623046875
4005.499755859375
3947.092041015625
3886.171630859375
3823.418212890625
3759.1533203125
3691.655029296875
3624.08203125
3556.50390625
3489.259033203125
