2082.219970703125
2056.655029296875
2030.2952880859375
2011.9078369140625
2005.7630615234375
2045.9979248046875
2043.6588134765625
2039.6715087890625
2032.70654296875
2040.0301513671875
2059.659912109375
2070.711669921875
2085.98974609375
2106.9599609375
2140.46875
2180.167724609375
2229.224365234375
2288.72900390625
2371.159912109375
2481.509765625
2615.40576171875
2769.283447265625
2940.76611328125
3127.28759765625
3325.298583984375
3530.825927734375
3739.34765625
3957.3310546875
4187.43603515625
4424.83203125
4671.25390625
4927.87939453125
202.84181213378906
222.344970703125
238.8303680419922
250.5283660888672
259.7989501953125
267.7353820800781
5488.86767578125
5703.35009765625
5834.71728515625
5963.412109375
6127.0771484375
6339.42822265625
6605.8037109375
6906.94091796875
7276.958984375
7662.09814453125
8058.099609375
8480.875
8899.513671875
9318.427734375
9741.56640625
10159.91796875
10574.154296875
10984.2978515625
11393.0009765625
11796.4697265625
12184.4091796875
12573.123046875
12961.14453125
13342.6806640625
13720.9345703125
14094.603515625
14458.373046875
14811.9599609375
15153.2216796875
15479.5732421875
15795.5546875
16093.6845703125
16375.349609375
16635.978515625
16859.791015625
17048.79296875
17201.3359375
17325.095703125
17421.55078125
17476.890625
17487.908203125
17472.72265625
17431.31640625
17363.572265625
17271.44140625
17156.96484375
16943.6953125
16261.87109375
15682.212890625
15146.22265625
14640.3818359375
14159.2001953125
13699.1025390625
13258.205078125
