2025.46142578125
1985.23193359375
2176.2646484375
2120.854736328125
2073.7080078125
2064.172607421875
2065.44189453125
2094.712890625
2117.44873046875
2145.820068359375
2192.878173828125
2237.585205078125
2291.455322265625
2354.796630859375
2434.7958984375
2526.812744140625
2631.23046875
2742.903076171875
2859.62158203125
2980.790283203125
3108.902099609375
3174.714111328125
3241.445556640625
3375.127685546875
3508.673828125
3641.8515625
3776.16796875
3911.752685546875
4051.61767578125
4192.52783203125
4334.6748046875
4479.0
4628.43115234375
4780.33056640625
4935.666015625
113.88713836669922
116.66365814208984
118.24671173095703
119.17460632324219
119.78730773925781
120.23113250732422
4119.6728515625
4656.88916015625
4913.13623046875
5249.63525390625
5529.09033203125
5793.61376953125
5967.81494140625
6054.64404296875
6315.48046875
6609.36962890625
6897.94189453125
7229.04638671875
7507.21728515625
7499.197265625
7512.7275390625
7519.63671875
7531.6806640625
7545.91552734375
7564.68896484375
7577.7783203125
7581.24560546875
7576.35693359375
7565.3115234375
7544.77001953125
7513.1083984375
7471.9677734375
7422.8037109375
7366.49169921875
7304.0693359375
7236.45849609375
7164.8310546875
7089.9013671875
7051.31396484375
7011.90771484375
6932.74462890625
6853.0517578125
6772.60107421875
6691.17529296875
6608.71142578125
6525.15673828125
6440.67431640625
6355.47412109375
6269.712890625
6183.54296875
6097.23681640625
6010.97509765625
5925.00341796875
5839.36767578125
5754.1474609375
5669.416015625
5585.2001953125
5501.6875
5419.08740234375
5337.52978515625
5257.7158203125
5179.2939453125
5102.1513671875
