2039.0648193359375
2065.79541015625
2070.18798828125
2044.211669921875
2038.64013671875
2037.8155517578125
2031.4166259765625
2029.1085205078125
2030.427490234375
2027.2432861328125
2022.1688232421875
2029.593505859375
2031.951171875
2043.539794921875
2058.923583984375
2075.27001953125
2086.91357421875
2099.666259765625
2113.064697265625
2133.44775390625
2163.073486328125
2211.17529296875
2270.001220703125
2336.648193359375
2422.50146484375
2524.784423828125
2640.61083984375
2777.358154296875
2934.939453125
3110.005615234375
3297.118896484375
3492.975341796875
156.78567504882812
170.5455322265625
172.64212036132812
169.82852172851562
165.75074768066406
161.1288299560547
156.3760986328125
2894.452880859375
3028.77685546875
3226.909912109375
3484.77587890625
3789.518310546875
4125.849609375
4482.205078125
4858.61962890625
5257.71728515625
5432.35400390625
5374.98583984375
5304.0224609375
5227.8759765625
5140.68212890625
5042.5966796875
4936.3671875
4826.31591796875
4740.71826171875
4644.302734375
4539.4462890625
4432.5859375
4322.33154296875
4203.3876953125
4079.5732421875
3955.10595703125
3830.92626953125
3708.16552734375
3586.209228515625
3465.0693359375
3346.3896484375
3230.275634765625
3116.82421875
3004.078125
2888.534423828125
2778.838623046875
2677.301513671875
2583.0576171875
2491.076171875
2403.55126953125
2320.58544921875
2241.7421875
2165.728271484375
2071.960693359375
1989.9586181640625
1909.968505859375
1842.3446044921875
1778.379150390625
1715.7786865234375
1613.3887939453125
1500.1214599609375
1386.9158935546875
1287.72607421875
1211.891845703125
1142.0467529296875
