2082.20458984375
2056.3994140625
2020.1444091796875
1991.438720703125
2039.85888671875
2075.69677734375
2072.75048828125
2077.068115234375
2081.152587890625
2091.186279296875
2100.606201171875
2108.60498046875
2119.354736328125
2139.183349609375
2156.708740234375
2171.15380859375
2186.8623046875
2204.594970703125
2229.167724609375
2264.21630859375
2300.35595703125
2334.295166015625
2364.7177734375
2395.087158203125
2432.925048828125
2481.714599609375
2537.08740234375
2605.37060546875
2693.422607421875
2786.507080078125
2899.098876953125
3034.152099609375
124.55704498291016
123.26085662841797
124.29863739013672
123.55411529541016
123.8821029663086
124.27156066894531
2185.291015625
2564.002197265625
2986.220703125
3374.1748046875
3717.62109375
4033.41162109375
4339.2841796875
4632.74560546875
4917.8857421875
5190.7734375
5468.0654296875
5758.69091796875
6075.6533203125
6409.98291015625
6780.484375
7143.25439453125
7480.8369140625
7771.0439453125
7915.0146484375
8062.64697265625
8212.9892578125
8363.2900390625
8520.59375
8625.234375
8685.5390625
8711.4267578125
8793.283203125
8824.8193359375
8841.2099609375
8584.826171875
8165.40673828125
7850.4541015625
7583.2353515625
7343.0634765625
7120.48193359375
6909.04052734375
6706.85400390625
6512.30712890625
6323.0185546875
6136.68212890625
5947.771484375
5753.8291015625
5559.07568359375
5368.62744140625
5186.73193359375
5014.96728515625
4852.5673828125
4698.26171875
4550.97216796875
4409.82470703125
4274.43701171875
4145.2783203125
4023.2109375
3907.326171875
