2065.342529296875
2033.144775390625
2009.31982421875
2027.3883056640625
2048.59130859375
2071.489013671875
2097.619140625
2109.360595703125
2122.306396484375
2134.557373046875
2153.71240234375
2179.42333984375
2215.658935546875
2251.775146484375
2284.73046875
2317.561767578125
2352.528076171875
2400.708251953125
2463.999267578125
2543.9599609375
2642.453857421875
2756.507568359375
2884.464599609375
3024.39404296875
3175.73291015625
3338.5048828125
3513.150634765625
3699.313232421875
3895.60986328125
4101.71533203125
4319.64111328125
4548.890625
172.91775512695312
159.63616943359375
153.8011016845703
150.3475799560547
148.3955078125
147.32606506347656
4077.2294921875
4619.24951171875
4876.462890625
5081.6904296875
5285.32568359375
5510.015625
5765.11767578125
6050.00244140625
6362.380859375
6703.9658203125
7048.60302734375
7397.1181640625
7743.6240234375
8084.2568359375
8414.1630859375
8740.427734375
9047.541015625
9341.7734375
9617.55078125
9871.3583984375
10102.494140625
10314.634765625
10147.6533203125
9790.4736328125
9456.5869140625
9130.904296875
8808.8544921875
8474.4169921875
8144.1103515625
7820.1552734375
7502.25244140625
7191.15283203125
6886.673828125
6588.666015625
6297.48046875
6014.423828125
5739.54052734375
5474.74755859375
5248.66162109375
5043.38330078125
4851.4658203125
4669.87646484375
4497.46484375
4333.4228515625
4177.22216796875
4029.13525390625
3888.8720703125
3755.708740234375
3628.9853515625
3508.070068359375
3392.473388671875
3281.674072265625
3174.2578125
3068.68310546875
