2023.0457763671875
2041.798095703125
2045.5032958984375
2088.012939453125
2109.884765625
2164.697998046875
2201.5283203125
2225.845703125
2241.048583984375
2256.04931640625
2276.433349609375
2313.294921875
2364.806640625
2426.56298828125
2515.976806640625
2634.033447265625
2772.670654296875
2926.957275390625
3094.91552734375
3275.265625
3468.634521484375
3674.142822265625
3891.94140625
4121.64208984375
4363.0947265625
4613.48486328125
4871.78564453125
5143.5234375
5427.96337890625
5726.2587890625
6039.28125
6369.86865234375
263.0417175292969
260.9532470703125
253.0612335205078
241.26182556152344
241.35484313964844
247.43472290039062
255.893798828125
6577.9951171875
7296.796875
7751.6611328125
8302.6689453125
8763.615234375
9198.2333984375
9677.275390625
9740.240234375
9785.29296875
9829.044921875
9862.18359375
9879.2099609375
9880.2392578125
9865.8427734375
9833.0185546875
9780.7412109375
9713.2958984375
9633.95703125
9536.685546875
9420.423828125
9291.2177734375
9151.5478515625
9004.9208984375
8852.6748046875
8695.2890625
8533.197265625
8367.322265625
8197.83984375
8025.01708984375
7849.5048828125
7672.8681640625
7497.53515625
7321.72265625
7145.27392578125
6967.74560546875
6791.33203125
6618.0869140625
6447.5908203125
6279.404296875
6114.15576171875
5953.0595703125
5795.79296875
5639.9345703125
5486.32666015625
5339.41845703125
5195.73876953125
5055.939453125
4920.2626953125
4788.39697265625
4660.5205078125
4536.1552734375
4414.5546875
4297.12939453125
4183.6015625
4074.185546875
