2039.4068603515625
2065.521484375
2070.568603515625
2044.7747802734375
2038.943603515625
2038.237060546875
2031.5615234375
2029.2578125
2030.664794921875
2027.6387939453125
2022.7069091796875
2028.6566162109375
2031.817138671875
2040.9617919921875
2055.833740234375
2073.882080078125
2085.3125
2097.86767578125
2111.4765625
2130.178955078125
2158.269775390625
2204.40869140625
2264.0244140625
2328.029541015625
2410.5693359375
2509.89404296875
2621.807373046875
2753.939697265625
2907.4326171875
3078.0234375
3261.0068359375
3452.45751953125
154.7501678466797
168.5878448486328
170.77191162109375
168.10638427734375
164.16561889648438
159.69668579101562
155.09837341308594
2870.31884765625
2923.343994140625
2995.029296875
3194.473876953125
3452.910400390625
3754.853271484375
4085.47607421875
4432.3232421875
4796.97509765625
5183.3994140625
5450.08935546875
5395.1640625
5324.50341796875
5248.818359375
5163.51904296875
5067.42041015625
4963.13720703125
4851.96728515625
4759.55224609375
4668.32763671875
4567.51220703125
4461.67041015625
4354.9384765625
4237.22509765625
4117.4296875
3996.5869140625
3874.1826171875
3752.0693359375
3630.865478515625
3510.958740234375
3393.713623046875
3278.547607421875
3165.038330078125
3051.499755859375
2933.50146484375
2820.930908203125
2717.40966796875
2620.892333984375
2527.35400390625
2439.78564453125
2354.03271484375
2271.64794921875
2187.56884765625
2092.93994140625
2007.15234375
1928.4622802734375
1860.4527587890625
1795.56201171875
1719.4473876953125
1607.554443359375
1490.5281982421875
1374.5406494140625
1287.1322021484375
1209.0482177734375
1149.6322021484375
