2027.094482421875
1858.3355712890625
1739.318603515625
1557.506591796875
1453.615234375
1403.804443359375
1390.6407470703125
1375.707763671875
1359.834716796875
1345.9967041015625
1330.8199462890625
1316.12548828125
1308.3260498046875
1302.5333251953125
1296.66748046875
1291.6229248046875
1291.830078125
1295.8258056640625
1302.166015625
1312.5718994140625
1330.0322265625
1354.7818603515625
1385.7115478515625
1421.1541748046875
1459.569091796875
1500.2740478515625
1543.259521484375
1591.512451171875
1639.5126953125
1686.688232421875
1733.3485107421875
1779.7557373046875
134.5018310546875
129.7303924560547
132.90170288085938
155.48629760742188
178.7274627685547
198.80418395996094
2101.64208984375
2130.355712890625
2100.852783203125
2093.86083984375
2109.55322265625
2134.252197265625
2162.371826171875
2191.76708984375
2223.96435546875
2271.340576171875
2341.04345703125
2397.571044921875
2460.443359375
2521.0390625
2571.9228515625
2612.6494140625
2643.982177734375
2667.429931640625
2683.181640625
2691.2890625
2692.06298828125
2686.252197265625
2674.01953125
2655.6953125
2632.220947265625
2604.579345703125
2572.469482421875
2536.210205078125
2496.08447265625
2452.42919921875
2405.743408203125
2356.549072265625
2305.102294921875
2251.5634765625
2196.85009765625
2141.363525390625
2085.70068359375
2030.207763671875
1975.134521484375
1920.508544921875
1865.9910888671875
1812.0631103515625
1758.564208984375
1706.2088623046875
1654.7921142578125
1604.3779296875
1555.857666015625
1509.0399169921875
1463.862060546875
1420.3458251953125
1378.566650390625
1338.58837890625
1300.1480712890625
1263.1580810546875
1227.580810546875
