2070.239013671875
2035.356689453125
2004.26513671875
2024.8504638671875
2058.83984375
2060.263916015625
2064.09521484375
2080.99951171875
2099.385009765625
2113.8447265625
2132.876953125
2152.119140625
2167.461669921875
2183.788818359375
2197.208984375
2210.080078125
2225.816650390625
2251.845947265625
2284.552490234375
2328.938720703125
2392.221923828125
2462.30615234375
2540.031982421875
2622.52783203125
2718.390869140625
2828.702392578125
2952.023681640625
3083.712646484375
3219.089599609375
3355.88037109375
3495.46826171875
3638.65478515625
134.382080078125
125.00003051757812
123.45433044433594
123.11708068847656
123.10565185546875
123.1505126953125
2751.551025390625
3075.173095703125
3284.664794921875
3539.421875
3755.680908203125
3975.9248046875
4212.40771484375
4463.57177734375
4736.86279296875
5009.984375
5290.9150390625
5574.5595703125
5842.923828125
6099.47412109375
6354.57958984375
6615.96337890625
6897.69140625
7157.4296875
7378.13671875
7575.8310546875
7752.73046875
7891.74560546875
7997.49169921875
8081.14599609375
8151.734375
8218.7783203125
8291.9033203125
8362.4873046875
8422.298828125
8462.8994140625
8494.3623046875
8502.5732421875
8512.005859375
8536.134765625
8571.1796875
8595.21484375
8603.6298828125
8603.935546875
8603.8369140625
8599.3994140625
8350.697265625
8008.037109375
7712.5712890625
7447.40380859375
7205.5888671875
6980.35546875
6759.96337890625
6534.76513671875
6319.3984375
6118.4375
5928.67724609375
5746.10205078125
5571.51318359375
5406.03857421875
5249.90966796875
