2060.926025390625
2027.5518798828125
2023.033447265625
2039.413330078125
2045.5201416015625
2052.177001953125
2044.57763671875
2066.302978515625
2101.15771484375
2137.802978515625
2161.810546875
2191.212158203125
2234.259521484375
2281.98046875
2336.8369140625
2411.601318359375
2506.056640625
2619.998291015625
2750.00341796875
2899.018310546875
3067.405029296875
3252.34521484375
3450.771484375
3662.5322265625
3885.805908203125
4115.52734375
4351.29296875
4594.5048828125
4845.0302734375
5108.9072265625
5381.1201171875
5658.0390625
248.32859802246094
244.6410369873047
251.22779846191406
259.3769836425781
267.4230651855469
275.0656433105469
6052.1357421875
6426.26025390625
6604.8271484375
6758.2724609375
6951.771484375
7195.2578125
7499.30615234375
7864.42236328125
8259.5068359375
8687.37890625
9130.669921875
9571.796875
10012.8759765625
10192.25
10100.060546875
10013.015625
9915.5693359375
9808.7626953125
9686.96484375
9548.6259765625
9393.5888671875
9223.1650390625
9039.03125
8849.548828125
8655.63671875
8454.552734375
8246.0693359375
8031.51953125
7811.32470703125
7585.44287109375
7358.83447265625
7141.0009765625
6930.26123046875
6725.1669921875
6524.55810546875
6327.28955078125
6134.58935546875
5946.92041015625
5764.51025390625
5588.576171875
5419.6044921875
5256.3837890625
5098.337890625
4945.51171875
4798.06494140625
4653.607421875
4512.787109375
4377.8193359375
4249.0615234375
4125.37451171875
4006.43310546875
3891.966552734375
3781.636962890625
3675.202392578125
