2085.131591796875
2062.27783203125
2031.743408203125
2011.4290771484375
2009.2125244140625
2034.4383544921875
2045.817138671875
2047.989990234375
2051.320068359375
2047.482177734375
2046.991943359375
2071.4365234375
2094.929931640625
2115.405029296875
2138.691162109375
2160.228759765625
2185.737060546875
2210.64013671875
2237.24951171875
2274.91455078125
2330.91748046875
2405.6669921875
2496.6337890625
2599.267578125
2712.071044921875
2836.497314453125
2973.950927734375
3123.848388671875
3284.986083984375
3456.50537109375
3637.72119140625
3827.790283203125
173.0164337158203
158.1051788330078
156.64683532714844
156.7469024658203
156.33978271484375
155.2029266357422
3434.763427734375
3638.140380859375
3767.337890625
3928.228515625
4126.97021484375
4356.66259765625
4608.43798828125
4874.1572265625
5145.0078125
5424.12939453125
5709.1865234375
5989.44580078125
6289.392578125
6580.32080078125
6854.408203125
7132.0830078125
7405.46875
7674.11572265625
7950.08203125
8208.8046875
8439.5869140625
8642.70703125
8819.9921875
8977.6806640625
9116.0283203125
9226.3037109375
9315.6171875
9401.046875
9477.79296875
9544.2509765625
9596.9462890625
9627.8359375
9640.4287109375
9639.3369140625
9618.576171875
9581.8837890625
9529.29296875
9472.3505859375
9418.509765625
9365.7158203125
9308.1181640625
9224.9443359375
8852.478515625
8524.2998046875
8222.30859375
7941.96533203125
7680.19140625
7432.79736328125
7195.6376953125
6968.6376953125
6752.4384765625
6542.13427734375
6337.4638671875
6140.55224609375
