2062.816162109375
2037.397705078125
2011.32568359375
1992.9549560546875
2058.69482421875
2105.503173828125
2222.808349609375
2291.746826171875
2379.811767578125
2466.33642578125
2544.83642578125
2621.06103515625
2690.6162109375
2746.734130859375
2787.646484375
2815.70263671875
2835.4609375
2843.990478515625
2840.973876953125
2833.894775390625
2829.630859375
2843.032958984375
2874.68115234375
2923.43310546875
2986.914306640625
3064.75830078125
3156.0107421875
3261.9677734375
3382.044677734375
3516.09326171875
3662.348876953125
3819.35302734375
3984.3544921875
143.57872009277344
135.57481384277344
133.583984375
131.93753051757812
130.57803344726562
130.07431030273438
2768.173828125
3190.5185546875
3712.334228515625
4175.78955078125
4427.85205078125
4570.421875
4861.7041015625
5104.69189453125
5328.61181640625
5552.849609375
5765.84814453125
5994.107421875
6205.62744140625
6315.37744140625
6423.3994140625
6624.9716796875
6829.310546875
7031.19677734375
7224.59814453125
7407.90478515625
7584.2861328125
7753.72216796875
7913.70703125
7828.50927734375
7556.244140625
7317.626953125
7096.68115234375
6884.87939453125
6677.40576171875
6472.87451171875
6272.80712890625
6074.03125
5876.24853515625
5679.49169921875
5486.7021484375
5301.490234375
5210.919921875
5122.20654296875
4954.763671875
4804.203125
4665.02197265625
4533.86767578125
4408.630859375
4288.23583984375
4172.47216796875
4061.84912109375
3956.31689453125
3855.3984375
3758.727783203125
3666.188232421875
3577.57080078125
3492.557373046875
3410.43505859375
3330.437744140625
3252.068359375
3174.439208984375
3095.9873046875
