2039.498779296875
2065.5361328125
2070.517822265625
2044.7353515625
2037.5389404296875
2035.5260009765625
2032.0419921875
2030.095703125
2031.1138916015625
2026.4930419921875
2022.45166015625
2031.3846435546875
2031.7694091796875
2043.234130859375
2059.466552734375
2076.943115234375
2090.580810546875
2104.57421875
2118.35546875
2140.031982421875
2172.15625
2224.966552734375
2285.128173828125
2355.46142578125
2446.164794921875
2551.98095703125
2675.028564453125
2821.62060546875
2987.497802734375
3170.287109375
3363.482177734375
3563.984130859375
160.72251892089844
173.53982543945312
175.26416015625
172.37046813964844
168.37246704101562
163.89271545410156
159.19537353515625
2954.437744140625
3001.84326171875
3065.84326171875
3261.84716796875
3523.19140625
3831.7939453125
4171.38720703125
4532.6728515625
4918.85205078125
5326.64599609375
5412.66748046875
5352.11962890625
5281.1025390625
5202.77490234375
5112.34375
5011.345703125
4902.0009765625
4803.7490234375
4714.896484375
4616.373046875
4512.6064453125
4400.65234375
4281.99267578125
4161.6572265625
4039.575927734375
3915.258056640625
3789.71484375
3664.015869140625
3539.875244140625
3418.343505859375
3298.956787109375
3180.353271484375
3063.010009765625
2946.493896484375
2834.979736328125
2727.97021484375
2626.693115234375
2532.318359375
2440.86083984375
2352.81591796875
2253.2158203125
2156.348388671875
2065.748779296875
1987.5302734375
1916.689208984375
1848.6826171875
1761.1072998046875
1645.4716796875
1525.975341796875
1408.8167724609375
1323.4801025390625
1245.0489501953125
1185.8389892578125
1141.2755126953125
1095.2811279296875
