1826.4725341796875
1348.8377685546875
1034.41845703125
855.630859375
801.9779052734375
782.657958984375
761.85693359375
739.7094116210938
718.7308349609375
698.8690795898438
679.6806030273438
666.2723999023438
659.3191528320312
650.5978393554688
646.34423828125
640.7638549804688
633.2086181640625
624.3628540039062
614.7727661132812
604.4664306640625
593.7218627929688
582.7264404296875
571.4210815429688
559.5484619140625
547.1762084960938
534.40234375
521.3173217773438
507.9809875488281
495.6278076171875
485.5608825683594
476.8470764160156
467.4510498046875
123.50324249267578
124.79360961914062
125.6893081665039
125.76628875732422
125.87667846679688
126.00151824951172
126.13375854492188
518.26318359375
427.8240051269531
449.8749694824219
444.1277770996094
440.30377197265625
434.0008239746094
425.2486877441406
413.4632873535156
400.9264221191406
388.5219421386719
378.01641845703125
369.9661560058594
363.5683288574219
358.939453125
357.6557922363281
362.1586608886719
367.69805908203125
374.48968505859375
385.6968078613281
402.4166259765625
423.9189453125
447.71258544921875
470.4087829589844
493.6702880859375
523.6739501953125
554.4347534179688
585.0731201171875
615.4973754882812
644.7992553710938
671.2086791992188
694.3278198242188
714.6246948242188
732.3096313476562
747.5427856445312
760.7127075195312
772.1362915039062
781.9840698242188
790.3594360351562
797.3889770507812
803.2114868164062
808.2340698242188
812.1596069335938
814.9520263671875
816.55126953125
816.9739990234375
816.249267578125
814.430419921875
811.5332641601562
807.6140747070312
802.7076416015625
796.9677734375
790.4652099609375
783.231689453125
775.4005126953125
767.172607421875
