2085.077880859375
2069.55029296875
2037.742431640625
2011.8515625
2013.546630859375
2073.79052734375
2094.810791015625
2087.731689453125
2081.916259765625
2078.1044921875
2080.2685546875
2085.39697265625
2093.327880859375
2099.41748046875
2090.6044921875
2029.6954345703125
1988.2889404296875
1958.4407958984375
1932.321533203125
1909.5953369140625
1893.28125
1876.7705078125
1859.4686279296875
1840.8531494140625
1822.08154296875
1804.43603515625
1787.9420166015625
1774.5552978515625
1760.10302734375
1744.4024658203125
1731.1220703125
1719.7626953125
118.80487060546875
119.37371063232422
119.84671783447266
120.15811157226562
120.41339111328125
120.65013122558594
1747.984130859375
1670.716064453125
1715.4425048828125
1718.662841796875
1713.0430908203125
1705.9649658203125
1699.6656494140625
1694.3682861328125
1691.404052734375
1692.2705078125
1704.70458984375
1721.205810546875
1737.9266357421875
1752.559326171875
1766.2679443359375
1779.6439208984375
1836.9140625
1899.42333984375
1963.0733642578125
1985.8548583984375
2027.078125
2085.7314453125
2139.308837890625
2184.767578125
2222.134765625
2253.47900390625
2282.519775390625
2311.088623046875
2339.259033203125
2366.39501953125
2391.57177734375
2414.406982421875
2434.861083984375
2453.83203125
2472.01513671875
2489.510498046875
2506.20458984375
2521.82568359375
2535.76708984375
2547.2939453125
2555.5419921875
2560.24267578125
2561.502685546875
2560.095458984375
2556.289794921875
2551.063232421875
2544.237548828125
2536.091552734375
2526.9111328125
2516.8173828125
2506.095458984375
2494.377685546875
2481.363037109375
2468.05908203125
2453.4150390625
