2063.26318359375
2022.9571533203125
2003.4351806640625
2104.93994140625
2075.424560546875
2055.6240234375
2043.7332763671875
2037.7435302734375
2034.672119140625
2045.9495849609375
2059.70654296875
2059.8994140625
2066.074951171875
2066.84765625
2064.353515625
2065.582763671875
2079.2685546875
2089.822021484375
2100.96435546875
2114.9033203125
2128.331298828125
2140.566162109375
2151.847412109375
2162.66357421875
2174.607421875
2188.64599609375
2205.989501953125
2232.208984375
2267.6953125
2312.57373046875
2365.177734375
2427.260986328125
121.94075012207031
122.23221588134766
122.49005889892578
122.71196746826172
122.9227294921875
123.12686920166016
1854.6273193359375
2161.76904296875
2339.534423828125
2483.232421875
2606.726318359375
2723.17041015625
2841.915771484375
2960.980224609375
3077.20751953125
3192.598876953125
3304.947021484375
3411.076904296875
3514.2607421875
3614.418701171875
3729.272216796875
3859.110107421875
4003.097900390625
4157.18505859375
4395.95068359375
4461.7470703125
4601.90185546875
4752.79248046875
4545.041015625
4376.7451171875
4205.41748046875
4016.787353515625
3802.3896484375
3569.384765625
3316.384765625
3040.4208984375
2751.119873046875
2453.69482421875
2148.28662109375
1998.3927001953125
1939.7999267578125
1915.982666015625
1889.8299560546875
1859.097900390625
1822.6982421875
1779.8128662109375
1732.28857421875
1679.609619140625
1620.7445068359375
1564.413818359375
1514.8006591796875
1466.599609375
1420.7984619140625
1375.621826171875
1330.4208984375
1284.920166015625
1238.6669921875
1192.794189453125
1149.71630859375
1108.3271484375
1066.76025390625
