2085.114990234375
2074.266357421875
2045.1480712890625
2021.7679443359375
2010.7275390625
2039.5399169921875
2055.177978515625
2058.042236328125
2058.39794921875
2055.011962890625
2057.000244140625
2063.36181640625
2067.91845703125
2070.74951171875
2075.02294921875
2094.009521484375
2119.544677734375
2133.86328125
2144.51220703125
2160.054931640625
2176.091064453125
2195.8720703125
2214.27783203125
2231.64404296875
2247.597900390625
2261.808837890625
2277.195068359375
2299.400390625
2322.973388671875
2357.1103515625
2393.328125
2436.7197265625
124.879150390625
126.35991668701172
127.14938354492188
127.63925170898438
128.0121307373047
128.31857299804688
1888.4200439453125
2092.090087890625
2282.428955078125
2445.115234375
2590.265625
2738.549560546875
2892.384765625
3047.23193359375
3199.545654296875
3345.6474609375
3486.83740234375
3628.865234375
3776.4013671875
3935.11669921875
4102.10400390625
4272.68701171875
4444.07421875
4612.791015625
4778.1767578125
4944.6728515625
5108.17333984375
5273.27099609375
5448.8681640625
5643.47412109375
5859.40185546875
6083.34326171875
6320.86767578125
6555.58837890625
6796.67724609375
7038.05712890625
7284.47900390625
7508.224609375
7725.9052734375
7948.0859375
8113.3642578125
8172.2587890625
8205.244140625
8198.7646484375
8120.31005859375
8228.9072265625
8279.6318359375
8301.4931640625
8313.3369140625
8330.404296875
8346.3828125
8351.62109375
7944.31884765625
7580.77734375
7294.2177734375
7044.1923828125
6815.95654296875
6605.619140625
6413.23193359375
6237.712890625
