2053.7119140625
2012.023681640625
2076.885986328125
2099.01171875
2149.58935546875
2203.260009765625
2220.012939453125
2200.880126953125
2178.552490234375
2165.349853515625
2161.466552734375
2160.392578125
2164.04052734375
2165.870361328125
2168.268798828125
2182.454833984375
2199.350341796875
2212.822998046875
2224.548583984375
2233.753173828125
2243.545654296875
2255.460693359375
2269.180908203125
2288.29150390625
2307.94970703125
2332.111083984375
2361.6923828125
2400.03955078125
2446.288818359375
2499.27392578125
2557.83251953125
2623.517822265625
120.16954040527344
119.38031005859375
118.452880859375
117.89497375488281
117.90957641601562
118.25873565673828
1723.66845703125
1941.45361328125
2082.541015625
2330.761474609375
2670.7119140625
2938.27294921875
3140.3681640625
3297.7333984375
3429.20751953125
3547.10888671875
3661.90771484375
3778.566162109375
3897.6103515625
4017.2919921875
4137.89453125
4259.7734375
4384.36328125
4511.84765625
4644.64892578125
4783.4013671875
4928.6875
5083.5029296875
5249.91357421875
5413.47509765625
5592.02880859375
5780.62255859375
5952.333984375
6103.86669921875
6251.02197265625
6373.31298828125
6436.24169921875
6138.14208984375
5922.06201171875
5737.455078125
5561.47021484375
5392.765625
5225.44189453125
5064.3017578125
4908.87255859375
4759.11474609375
4613.708984375
4467.82568359375
4317.84033203125
4160.1748046875
4006.246337890625
3872.609375
3752.34765625
3633.17431640625
3509.722412109375
3379.748779296875
3263.244140625
3156.717041015625
3050.42822265625
2941.94091796875
2827.240478515625
