2043.9736328125
2014.6407470703125
2045.97998046875
2059.789306640625
2042.8489990234375
2031.05859375
2021.266357421875
2017.6932373046875
2038.9775390625
2046.107666015625
2049.75537109375
2051.55419921875
2056.2724609375
2069.61962890625
2098.0439453125
2129.868408203125
2155.80615234375
2185.400634765625
2228.149658203125
2283.24853515625
2357.52880859375
2447.24072265625
2548.29931640625
2659.806640625
2779.6533203125
2908.85888671875
3046.871337890625
3191.87646484375
3343.914306640625
3505.041748046875
3676.688232421875
3861.86865234375
126.58088684082031
153.30224609375
168.672607421875
175.29647827148438
178.57643127441406
180.8933563232422
4350.97119140625
4731.037109375
4984.1552734375
5192.3115234375
5392.4404296875
5599.66650390625
5823.6103515625
6064.20556640625
6322.7587890625
6600.18505859375
6902.09033203125
7234.79736328125
7607.8056640625
8033.3935546875
8512.97265625
9025.4404296875
9537.958984375
10082.7099609375
10641.9150390625
11218.2578125
11806.5888671875
12406.3154296875
13017.6630859375
13642.4892578125
14282.859375
14878.7216796875
14881.162109375
14879.7841796875
14861.37109375
14825.96875
14773.533203125
14705.4267578125
14620.6533203125
14520.71484375
14404.78515625
14273.8779296875
14129.2861328125
13971.9716796875
13802.8583984375
13622.7421875
13432.3564453125
13233.263671875
13026.890625
12812.6455078125
12591.330078125
12362.900390625
12131.0322265625
11894.828125
11654.8671875
11413.6396484375
11156.1826171875
10908.3212890625
10663.8818359375
10420.5556640625
