2012.4935302734375
2944.369873046875
3117.00830078125
2625.67431640625
2482.505859375
2413.2373046875
2342.396484375
2285.999755859375
2245.1884765625
2223.584716796875
2221.59130859375
2230.025390625
2239.868896484375
2246.00390625
2248.44580078125
2248.829833984375
2246.16015625
2243.9423828125
2243.934326171875
2247.7587890625
2251.67431640625
2256.2861328125
2261.667724609375
2252.30078125
2233.475830078125
2223.437744140625
2223.189453125
2230.916748046875
2244.4287109375
2264.17626953125
2287.72998046875
2313.480712890625
103.27018737792969
88.38690948486328
88.24862670898438
88.11727142333984
88.40081024169922
89.07958221435547
1508.6529541015625
2253.951171875
2494.17431640625
2488.163330078125
2531.45849609375
2571.76123046875
2603.471923828125
2631.197509765625
2658.234375
2686.00048828125
2714.676513671875
2743.685546875
2772.375732421875
2799.772216796875
2825.1357421875
2848.21728515625
2870.134033203125
2895.01220703125
2913.41943359375
2929.052734375
2945.925048828125
2959.474365234375
2967.89404296875
2972.231201171875
2972.756591796875
2978.147216796875
2982.136474609375
2985.703369140625
2985.46630859375
2981.8798828125
2973.311767578125
2953.23779296875
2930.270263671875
2904.79052734375
2875.09765625
2842.023193359375
2806.212158203125
2767.491455078125
2726.095458984375
2682.22705078125
2635.587646484375
2586.68359375
2535.77099609375
2482.708740234375
2428.072265625
2372.5849609375
2316.4853515625
2259.925537109375
2203.10498046875
2146.321533203125
2090.6923828125
2036.3951416015625
1983.227294921875
1930.9871826171875
