2044.84326171875
1997.5416259765625
2274.300537109375
2501.52880859375
2473.62109375
2406.644775390625
2341.684814453125
2278.868408203125
2237.21630859375
2214.822509765625
2206.44873046875
2209.967529296875
2224.630859375
2242.822998046875
2262.762939453125
2277.72607421875
2286.68310546875
2299.858154296875
2320.95068359375
2355.828125
2406.119384765625
2471.257568359375
2549.678955078125
2640.796142578125
2743.608642578125
2857.7880859375
2983.233154296875
3121.256103515625
3269.00830078125
3427.91064453125
3597.949462890625
3778.149169921875
153.2449493408203
128.93768310546875
121.80345153808594
119.453369140625
119.24864959716797
119.77758026123047
2429.653564453125
4512.62109375
5390.4521484375
5666.8740234375
5777.9306640625
5900.44873046875
5901.6865234375
5910.63427734375
5949.21240234375
6004.3369140625
6089.17138671875
6199.05078125
6326.533203125
6456.96142578125
6587.3974609375
6720.0791015625
6845.984375
6974.1796875
7103.08349609375
7218.46533203125
7334.3359375
7450.51416015625
7555.23193359375
7643.3662109375
7715.353515625
7774.27783203125
7820.64013671875
7853.51220703125
7873.0146484375
7879.7158203125
7873.51806640625
7854.4765625
7823.3466796875
7781.05908203125
7729.12890625
7668.712890625
7600.4931640625
7525.052734375
7442.57275390625
7352.1357421875
7255.361328125
7152.84130859375
7045.11572265625
6932.7685546875
6816.2958984375
6696.306640625
6573.33935546875
6447.7919921875
6320.36767578125
6191.98828125
6062.87939453125
5933.6201171875
5804.37841796875
5674.9404296875
