2038.156494140625
2010.09765625
2063.40673828125
2050.2177734375
2036.6568603515625
2027.55615234375
2023.042724609375
2029.9527587890625
2027.011962890625
2022.138427734375
2020.6282958984375
2028.2239990234375
2043.5816650390625
2060.321533203125
2081.36376953125
2111.937255859375
2142.978515625
2177.33837890625
2232.14453125
2308.121826171875
2402.747314453125
2513.55859375
2638.91357421875
2778.42919921875
2929.894775390625
3094.05712890625
3269.80908203125
3456.89306640625
3655.96826171875
3867.489501953125
4089.7119140625
4323.888671875
166.5916748046875
194.85072326660156
205.1349639892578
208.1651153564453
209.6804962158203
211.36485290527344
4950.97119140625
5314.2373046875
5474.98193359375
5848.5673828125
6178.30615234375
6490.2607421875
6804.2294921875
7136.0673828125
7492.83837890625
7900.8408203125
8327.513671875
8767.1181640625
9236.68359375
9733.255859375
10254.7705078125
10800.63671875
11372.4501953125
11971.3974609375
12595.369140625
13242.6591796875
13910.7587890625
14587.2060546875
15265.35546875
15885.68359375
15866.5947265625
15832.9912109375
15777.7109375
15700.16015625
15600.4775390625
15480.8544921875
15344.8544921875
15193.7900390625
15028.5390625
14849.2509765625
14656.5615234375
14452.2529296875
14237.58203125
14013.630859375
13781.244140625
13541.6396484375
13419.62109375
13295.5087890625
13043.275390625
12787.0712890625
12526.7978515625
12263.5048828125
11999.59765625
11736.2353515625
11472.4912109375
11210.2099609375
10951.583984375
10695.4462890625
10434.1474609375
10179.6181640625
9936.8369140625
9698.3818359375
