2085.00390625
2066.739501953125
2034.1478271484375
2003.5118408203125
2029.969482421875
2070.58642578125
2107.326171875
2108.413818359375
2100.787841796875
2143.716064453125
2148.873046875
2152.77099609375
2142.900390625
2144.15234375
2166.4931640625
2176.600830078125
2185.00341796875
2192.411376953125
2197.477783203125
2201.948486328125
2206.421630859375
2211.14013671875
2222.677490234375
2235.25927734375
2246.75341796875
2259.0859375
2278.3427734375
2307.242919921875
2338.770751953125
2367.806396484375
2402.768798828125
2449.29296875
113.5057373046875
111.96780395507812
109.4242935180664
109.01498413085938
109.0663070678711
109.22868347167969
1676.3511962890625
1678.33203125
1857.9195556640625
2836.03759765625
3175.0478515625
3190.84228515625
3198.642333984375
3247.434326171875
3331.94482421875
3404.641845703125
3412.519287109375
3401.94775390625
3400.39599609375
3417.0244140625
3453.01904296875
3514.390625
3577.46923828125
3646.100830078125
3732.61572265625
3830.931396484375
3889.958740234375
3796.80908203125
3730.31494140625
3675.601318359375
3651.166015625
3651.79443359375
3667.84619140625
3690.1005859375
3715.49365234375
3739.98388671875
3762.359619140625
3787.9453125
3817.050048828125
3850.012939453125
3888.095458984375
3928.084716796875
3968.166259765625
4003.809814453125
4034.5439453125
4060.093017578125
4079.782958984375
4094.61328125
4106.66552734375
4118.61279296875
4132.4482421875
4147.14208984375
4161.658203125
4175.0634765625
4186.541015625
4196.58740234375
4206.142578125
4215.130859375
4221.982421875
4224.9853515625
4223.17431640625
