2057.40234375
2020.8231201171875
2054.001953125
2088.6201171875
2098.74658203125
2160.439208984375
2197.890869140625
2208.46337890625
2214.8515625
2203.402099609375
2193.468017578125
2188.263916015625
2189.58203125
2192.1953125
2198.20947265625
2206.1962890625
2217.542724609375
2227.107177734375
2238.189697265625
2254.427978515625
2269.7646484375
2282.5830078125
2295.16455078125
2308.163330078125
2320.017333984375
2332.630615234375
2349.374267578125
2371.776123046875
2405.678466796875
2450.60302734375
2501.45263671875
2554.589111328125
121.67750549316406
121.66008758544922
120.81938934326172
120.39257049560547
120.22691345214844
120.04005432128906
1742.848876953125
1921.9783935546875
2162.74951171875
2503.339111328125
2771.976806640625
2979.477783203125
3140.807373046875
3272.51318359375
3393.630859375
3522.4248046875
3661.69189453125
3799.97998046875
3930.667724609375
4055.592529296875
4176.88916015625
4301.44384765625
4434.3984375
4575.78076171875
4726.7744140625
4892.8037109375
5067.53564453125
5251.01025390625
5428.36767578125
5605.9541015625
5792.74951171875
5978.49169921875
6170.69970703125
6373.29150390625
6574.3271484375
6779.810546875
6875.42431640625
6493.27197265625
6185.47314453125
5887.33447265625
5591.65625
5359.09423828125
5160.88623046875
4979.7216796875
4808.53076171875
4645.54638671875
4480.576171875
4314.70654296875
4144.34228515625
3972.374267578125
3813.420654296875
3663.80859375
3516.466064453125
3370.868896484375
3242.958251953125
3110.340087890625
2970.064453125
2820.22900390625
2676.781005859375
2576.01025390625
