2066.30712890625
2031.726318359375
2067.614501953125
2061.722412109375
2048.044921875
2038.2681884765625
2034.017333984375
2032.8397216796875
2031.6209716796875
2031.8770751953125
2038.843994140625
2046.248291015625
2044.822021484375
2049.52734375
2053.81591796875
2066.434326171875
2077.729248046875
2080.59423828125
2090.81201171875
2102.482666015625
2119.822509765625
2140.83642578125
2166.39111328125
2190.406982421875
2223.87744140625
2263.0625
2305.501708984375
2371.0703125
2442.26416015625
2520.30517578125
2621.422119140625
2760.86962890625
111.83718872070312
114.95578002929688
117.13793182373047
118.87199401855469
120.29169464111328
121.46206665039062
1852.921630859375
2184.656982421875
2690.166015625
2974.60400390625
2948.818115234375
2902.559814453125
2841.9501953125
2765.146728515625
2790.767578125
2823.013427734375
2848.949462890625
2866.48681640625
2882.19287109375
2913.6337890625
2941.982666015625
2959.18701171875
2966.62451171875
2957.644775390625
2941.4013671875
2920.646484375
2897.233642578125
2869.956787109375
2834.5703125
2789.667236328125
2739.07275390625
2683.812255859375
2629.71875
2572.346435546875
2513.5498046875
2452.95166015625
2395.7431640625
2344.11181640625
2298.583984375
2257.840087890625
2219.209716796875
2180.07275390625
2140.5029296875
2102.24267578125
2063.900634765625
2026.851806640625
1992.40673828125
1959.931640625
1929.8946533203125
1901.9527587890625
1874.8214111328125
1847.246337890625
1819.223388671875
1790.2481689453125
1760.3011474609375
1729.359619140625
1697.680419921875
1665.5020751953125
1633.082275390625
1600.5867919921875
