2045.0657958984375
2002.706298828125
2142.270751953125
2348.070556640625
2467.189208984375
2486.0263671875
2470.519287109375
2429.162109375
2386.068359375
2354.48681640625
2326.20849609375
2309.146240234375
2304.55517578125
2308.357421875
2316.571044921875
2332.24560546875
2353.076171875
2373.830078125
2401.1064453125
2446.13134765625
2514.69873046875
2609.618408203125
2729.738525390625
2873.683349609375
3040.358642578125
3229.82763671875
3442.16943359375
3675.745361328125
3929.509765625
4203.18212890625
4488.34375
4781.498046875
180.03457641601562
156.6758575439453
157.1106414794922
164.87965393066406
181.6614990234375
197.44662475585938
4914.31396484375
6455.7109375
7453.857421875
7412.0654296875
7303.60107421875
7292.755859375
7356.23388671875
7449.76513671875
7564.93994140625
7700.92236328125
7770.6103515625
7840.7705078125
7980.40087890625
8113.21240234375
8239.5185546875
8357.3017578125
8464.7607421875
8565.2216796875
8654.9951171875
8730.7626953125
8790.779296875
8833.2587890625
8858.8525390625
8866.9091796875
8857.36328125
8831.1416015625
8789.5322265625
8733.912109375
8665.3955078125
8584.8671875
8492.6484375
8389.3583984375
8275.408203125
8151.06640625
8018.61279296875
7879.54541015625
7735.98779296875
7590.09130859375
7441.2734375
7289.83203125
7135.640625
6976.060546875
6814.32861328125
6658.8642578125
6505.146484375
6352.3486328125
6201.369140625
6052.78955078125
5907.27099609375
5764.62646484375
5623.9033203125
5485.55615234375
5349.65087890625
5216.67822265625
5087.19921875
