2038.1802978515625
2007.80419921875
2116.021240234375
2181.2734375
2154.15966796875
2141.084716796875
2165.92822265625
2187.321044921875
2200.1240234375
2228.620849609375
2261.367431640625
2295.462646484375
2334.775634765625
2380.655517578125
2440.15771484375
2518.78369140625
2617.7158203125
2734.62841796875
2867.4326171875
3014.8330078125
3176.3857421875
3352.131103515625
3541.976806640625
3744.543212890625
3958.97119140625
4183.76123046875
4417.0205078125
4657.05224609375
4905.216796875
5153.609375
5407.9765625
5670.3271484375
140.14060974121094
140.54747009277344
154.2874298095703
168.8622589111328
181.9835205078125
193.32301330566406
5818.20166015625
6620.78369140625
7111.04736328125
7482.49365234375
7764.57958984375
8027.845703125
8284.171875
8549.818359375
8853.2392578125
8989.4990234375
8982.712890625
9018.7373046875
9072.328125
9125.41015625
9167.291015625
9199.365234375
9219.7392578125
9229.4306640625
9228.4970703125
9210.490234375
9174.0771484375
9120.4013671875
9050.2705078125
8968.5751953125
8877.2421875
8777.216796875
8669.7412109375
8555.515625
8435.0927734375
8309.224609375
8178.56982421875
8043.626953125
7904.63427734375
7762.00146484375
7616.8271484375
7469.759765625
7320.68994140625
7169.69287109375
7017.39013671875
6864.61083984375
6711.9013671875
6560.25830078125
6409.93603515625
6259.90869140625
6110.58935546875
5962.58740234375
5816.1552734375
5667.27490234375
5523.08984375
5382.1142578125
5243.8623046875
5108.74365234375
4976.8623046875
4848.3330078125
