2074.409423828125
2042.868408203125
2007.4029541015625
2008.7723388671875
2047.707763671875
2086.6865234375
2126.524658203125
2149.04443359375
2171.926513671875
2196.21826171875
2224.312744140625
2254.25927734375
2280.06396484375
2303.18115234375
2327.671142578125
2350.763427734375
2370.087158203125
2388.579345703125
2417.20703125
2449.41845703125
2493.36962890625
2548.646240234375
2612.928955078125
2683.239501953125
2763.82861328125
2858.51708984375
2966.293701171875
3085.9453125
3213.89111328125
3345.557861328125
3482.265869140625
3630.146484375
135.69639587402344
127.24092864990234
125.48004913330078
125.00457763671875
125.32025146484375
125.56521606445312
2697.4345703125
2977.1005859375
3202.23828125
3505.450439453125
3740.947998046875
3961.83349609375
4192.70166015625
4441.4130859375
4708.251953125
4987.3330078125
5270.693359375
5549.71435546875
5819.35302734375
6087.35400390625
6376.17822265625
6653.6142578125
6918.41748046875
7166.193359375
7382.36962890625
7574.6162109375
7748.8740234375
7918.16943359375
8073.056640625
8211.314453125
8341.376953125
8448.6806640625
8527.4951171875
8575.89453125
8613.216796875
8655.529296875
8712.435546875
8791.6640625
8887.8115234375
8966.4951171875
9004.1533203125
9022.890625
9042.41015625
9073.3388671875
9093.2578125
9078.818359375
9051.416015625
8835.0537109375
8497.80859375
8211.7705078125
7953.0751953125
7707.1318359375
7478.51123046875
7262.57958984375
7054.85302734375
6858.400390625
6661.80615234375
6469.705078125
6286.6337890625
6110.83984375
5937.0576171875
