2066.80859375
2026.79296875
1985.1470947265625
2096.37060546875
2117.315673828125
2115.647216796875
2119.449462890625
2160.229248046875
2215.025634765625
2249.33056640625
2269.3291015625
2279.39501953125
2284.656494140625
2299.6826171875
2323.086669921875
2348.32666015625
2375.558349609375
2404.050537109375
2434.300048828125
2466.912841796875
2500.7373046875
2536.6318359375
2577.033203125
2626.073974609375
2683.76953125
2749.44775390625
2825.1376953125
2912.418701171875
3012.63916015625
3123.92431640625
3247.542236328125
3383.997314453125
112.63876342773438
115.86399841308594
117.38229370117188
118.20789337158203
118.80294799804688
119.2847900390625
1955.7269287109375
2522.01171875
2968.50732421875
3350.358642578125
3705.2177734375
4048.56494140625
4403.22314453125
4777.9794921875
5154.96630859375
5161.52587890625
5052.080078125
4956.72314453125
4920.4013671875
4889.5517578125
4812.31201171875
4727.52392578125
4634.00390625
4531.98486328125
4423.1884765625
4308.984375
4190.2587890625
4069.24169921875
3955.003662109375
3843.566650390625
3735.440673828125
3631.1015625
3529.208984375
3430.1025390625
3332.33251953125
3232.63232421875
3132.10595703125
3031.407958984375
2980.6201171875
2929.210205078125
2826.954833984375
2726.559814453125
2627.79443359375
2530.613525390625
2440.661376953125
2362.4169921875
2294.263671875
2233.68017578125
2176.18798828125
2120.39013671875
2067.3955078125
2018.3267822265625
1972.1871337890625
1928.358642578125
1886.3702392578125
1845.7525634765625
1806.303955078125
1767.445068359375
1729.022705078125
1691.3544921875
1654.4693603515625
1618.6298828125
