2046.154296875
2012.7861328125
2038.078857421875
2067.69091796875
2048.85595703125
2039.88134765625
2036.4530029296875
2029.1146240234375
2044.75439453125
2054.1875
2051.439697265625
2053.993896484375
2065.931640625
2086.35888671875
2109.551513671875
2139.225830078125
2178.29150390625
2254.455322265625
2363.956787109375
2496.95068359375
2646.247802734375
2809.849853515625
2985.841064453125
3173.63525390625
3375.44482421875
3593.4033203125
3831.896484375
4087.579833984375
4355.6767578125
4636.18408203125
4925.884765625
5226.13720703125
202.38172912597656
232.1099090576172
257.1263732910156
273.9298095703125
286.5355529785156
297.8597412109375
6730.52685546875
7000.158203125
7153.39599609375
7365.86767578125
7670.94677734375
8044.2578125
8419.64453125
8824.61328125
9276.9189453125
9743.53125
9983.0361328125
10224.5478515625
10719.638671875
11256.03515625
11817.251953125
12400.744140625
12997.939453125
13617.015625
14249.5498046875
14501.8671875
14468.0966796875
14428.4873046875
14374.6328125
14305.974609375
14221.6962890625
14120.021484375
14062.919921875
14001.5244140625
13868.064453125
13720.384765625
13558.7919921875
13384.12890625
13198.09375
13001.36328125
12794.611328125
12581.17578125
12358.384765625
12123.67578125
11883.84765625
11639.8369140625
11391.01171875
11138.1083984375
10879.421875
10615.3759765625
10360.783203125
10114.0419921875
9992.541015625
9871.6630859375
9633.0693359375
9399.298828125
9168.595703125
8944.13671875
8732.205078125
8524.365234375
8319.3623046875
8117.88671875
7920.14501953125
