2060.95458984375
2023.4171142578125
2015.9912109375
2081.16845703125
2090.998779296875
2096.3203125
2147.887451171875
2182.32861328125
2195.3935546875
2204.45654296875
2210.654541015625
2216.404541015625
2219.380126953125
2221.34619140625
2221.073486328125
2219.027099609375
2218.887939453125
2222.513671875
2226.854248046875
2243.032958984375
2270.03466796875
2292.9423828125
2325.082763671875
2377.851318359375
2447.766357421875
2527.66015625
2618.095458984375
2721.551025390625
2846.554931640625
2984.65771484375
3128.84814453125
3276.465576171875
121.76506805419922
137.3737335205078
144.59507751464844
144.9276580810547
142.10951232910156
138.05288696289062
2564.95703125
2865.285400390625
3184.245849609375
3466.73486328125
3721.565185546875
3954.185546875
4171.32275390625
4378.22607421875
4578.58056640625
4773.46875
4871.13330078125
4968.4716796875
5167.49169921875
5394.03369140625
5645.23095703125
5895.216796875
6147.1201171875
6404.75341796875
6643.78369140625
6880.138671875
7111.3232421875
7348.826171875
7578.3564453125
7758.087890625
7905.67138671875
8041.4189453125
8051.22900390625
8072.3466796875
8160.38671875
8254.0498046875
8341.8984375
8422.3583984375
8497.3447265625
8574.6357421875
8398.8759765625
8027.44775390625
7701.13818359375
7386.3173828125
7103.2109375
6857.1201171875
6631.01953125
6413.2421875
6187.5732421875
5788.62548828125
5226.71484375
4954.12060546875
4820.49072265625
4677.8408203125
4406.34033203125
4128.037109375
3864.8544921875
3674.62646484375
3510.232177734375
3345.912353515625
3177.06689453125
3020.42724609375
2884.51123046875
