2070.980224609375
2036.2908935546875
2006.8194580078125
2057.7099609375
2068.9970703125
2064.854736328125
2062.243408203125
2057.88818359375
2066.257080078125
2085.952392578125
2095.409912109375
2096.357421875
2101.720703125
2107.069580078125
2113.39453125
2121.096435546875
2126.96875
2129.203857421875
2135.2021484375
2146.3505859375
2163.017333984375
2187.879150390625
2221.622802734375
2265.526123046875
2315.806640625
2370.94677734375
2433.16552734375
2504.202392578125
2582.3134765625
2664.03857421875
2751.757080078125
2851.299560546875
120.4598388671875
122.5105972290039
123.11522674560547
123.45494079589844
123.69406127929688
123.87822723388672
2064.952392578125
2541.4677734375
2837.370849609375
3074.414306640625
3293.71240234375
3508.60400390625
3726.93994140625
3952.37451171875
4181.4736328125
4409.42626953125
4632.1083984375
4855.46728515625
5077.41064453125
5290.73974609375
5444.1865234375
5326.54345703125
5215.0107421875
5105.19580078125
5003.900390625
4904.92236328125
4801.513671875
4692.28125
4575.56298828125
4453.3505859375
4329.06103515625
4205.70458984375
4082.821044921875
3961.842529296875
3853.654541015625
3748.00341796875
3643.66357421875
3531.733642578125
3412.455078125
3288.64501953125
3164.0224609375
3040.10302734375
2917.350341796875
2794.960205078125
2673.80615234375
2553.4853515625
2438.994384765625
2331.937744140625
2230.910888671875
2133.35302734375
2035.162841796875
1947.0289306640625
1858.9462890625
1770.3348388671875
1680.39501953125
1602.7685546875
1540.353759765625
1485.24609375
1434.912841796875
1385.453125
