2064.06201171875
2027.986083984375
2016.45263671875
2109.0068359375
2186.287109375
2176.6015625
2146.4130859375
2132.322021484375
2149.20654296875
2169.35400390625
2181.825439453125
2189.201416015625
2187.1826171875
2189.78125
2195.605712890625
2203.86865234375
2211.96923828125
2219.43603515625
2227.958251953125
2241.824951171875
2262.19482421875
2289.02587890625
2327.9873046875
2374.989990234375
2428.845458984375
2492.60791015625
2567.08447265625
2654.592041015625
2754.83984375
2868.293701171875
2994.0537109375
3130.15185546875
118.90798950195312
120.99166870117188
121.74803161621094
122.21626281738281
122.68592834472656
123.10525512695312
2400.575927734375
3262.3662109375
3566.63720703125
3704.27880859375
3806.610107421875
3926.8916015625
4079.963134765625
4265.41455078125
4471.888671875
4691.85693359375
4931.98974609375
5168.27685546875
5399.71044921875
5647.13623046875
5904.0927734375
6161.7646484375
6442.40771484375
6753.79541015625
7077.24951171875
7430.939453125
7808.79541015625
8023.0107421875
8020.07568359375
8044.1826171875
8068.69921875
8093.0693359375
8107.3828125
8099.59423828125
8073.46484375
8033.46533203125
7981.74365234375
7917.587890625
7826.0966796875
7727.1884765625
7617.234375
7497.05712890625
7368.494140625
7233.51611328125
7093.28076171875
6947.9892578125
6799.97802734375
6650.25830078125
6499.583984375
6348.685546875
6196.69091796875
6043.30908203125
5888.806640625
5733.51904296875
5577.158203125
5420.31640625
5262.6455078125
5103.3583984375
4943.6826171875
4785.3994140625
