2050.458740234375
2006.892333984375
2110.696533203125
2117.465087890625
2128.35498046875
2171.88525390625
2162.302001953125
2139.587158203125
2132.16259765625
2130.9365234375
2133.82421875
2135.885009765625
2139.59814453125
2151.782470703125
2163.697021484375
2174.9609375
2186.212646484375
2196.5166015625
2207.78076171875
2220.100341796875
2235.630859375
2254.936767578125
2276.093017578125
2297.475830078125
2321.424560546875
2354.8564453125
2393.67236328125
2442.923095703125
2504.07470703125
2570.252197265625
2643.210205078125
2722.744140625
119.34711456298828
116.88875579833984
116.28659057617188
116.64160919189453
117.03524780273438
117.29481506347656
1703.5364990234375
2088.0986328125
2629.5615234375
3016.478515625
3307.15771484375
3540.158447265625
3743.072021484375
3940.707763671875
4143.6298828125
4353.32861328125
4561.80712890625
4757.84033203125
4944.13037109375
5134.6318359375
5319.2177734375
5492.3046875
5674.0302734375
5874.23486328125
6065.50439453125
6256.2197265625
6450.38623046875
6642.1962890625
6829.06787109375
6994.416015625
6659.1455078125
6410.8115234375
6197.51123046875
5997.814453125
5801.1083984375
5603.904296875
5412.39453125
5226.7958984375
5043.58447265625
4861.7685546875
4681.79443359375
4506.96484375
4352.38037109375
4196.45703125
4038.615478515625
3897.6015625
3771.20458984375
3650.122314453125
3531.56982421875
3414.491943359375
3299.79345703125
3191.591064453125
3087.93115234375
2986.306884765625
2884.80078125
2789.009521484375
2699.785888671875
2611.725830078125
2519.822021484375
2430.7802734375
