2070.787109375
2039.1156005859375
2006.7452392578125
2028.1070556640625
2045.432861328125
2041.7520751953125
2091.148681640625
2118.364990234375
2135.430908203125
2152.394775390625
2181.306396484375
2214.0361328125
2246.862060546875
2283.2783203125
2322.53564453125
2359.502685546875
2394.404541015625
2434.91162109375
2472.987060546875
2524.47314453125
2594.6279296875
2678.03369140625
2771.3662109375
2873.67822265625
2984.461669921875
3105.49560546875
3237.04345703125
3378.3779296875
3529.35009765625
3688.307861328125
3854.25927734375
4026.413330078125
149.47909545898438
145.3127899169922
147.718505859375
149.80551147460938
150.94970703125
151.2105255126953
3311.163818359375
3745.377197265625
4053.031982421875
4293.11328125
4509.35107421875
4723.83544921875
4946.6435546875
5181.99658203125
5450.85400390625
5742.93896484375
5891.2568359375
6041.25634765625
6345.51123046875
6682.97119140625
7013.29052734375
7343.3759765625
7664.6865234375
7966.392578125
8247.123046875
8515.7119140625
8758.71875
8971.9716796875
9162.1533203125
9325.53125
9466.5673828125
9588.2353515625
9644.5205078125
9697.4638671875
9786.7392578125
9543.9541015625
9192.4111328125
8870.251953125
8564.041015625
8267.0224609375
7975.546875
7688.61767578125
7403.8076171875
7121.373046875
6844.87646484375
6576.26220703125
6315.7158203125
6061.60546875
5816.9990234375
5584.53076171875
5363.7861328125
5158.31884765625
5062.86669921875
4973.34423828125
4807.26611328125
4649.07177734375
4496.6689453125
4348.9541015625
4205.81689453125
4067.113525390625
3932.530517578125
3802.21142578125
3676.131103515625
