2070.5732421875
2038.0494384765625
2000.8231201171875
2018.6512451171875
2084.83349609375
2169.546142578125
2224.23193359375
2275.880615234375
2332.004150390625
2382.02685546875
2422.16796875
2453.89111328125
2478.160888671875
2496.052490234375
2511.484375
2527.162353515625
2541.186279296875
2553.136962890625
2564.658203125
2581.75
2601.79052734375
2629.848388671875
2671.934814453125
2728.118408203125
2791.82958984375
2862.726318359375
2942.806396484375
3036.285888671875
3144.336181640625
3265.58984375
3394.617919921875
3529.764404296875
120.46833801269531
115.76608276367188
117.39488220214844
118.65050506591797
119.58171081542969
120.31773376464844
2252.654052734375
2714.65087890625
3173.415771484375
3545.500244140625
3851.309326171875
4121.55859375
4379.3203125
4633.8125
4892.12353515625
5149.08154296875
5402.41064453125
5649.52197265625
5902.41943359375
6183.2353515625
6456.92578125
6731.12255859375
6991.939453125
7227.564453125
7447.59716796875
7647.79736328125
7834.84619140625
8010.6494140625
8167.73193359375
8294.1767578125
8385.5908203125
8453.5751953125
8504.462890625
8542.97265625
8571.4267578125
8591.7841796875
8613.921875
8647.5888671875
8701.2373046875
8772.041015625
8853.6806640625
8920.9462890625
8975.8212890625
8958.4921875
8570.7216796875
8281.453125
8038.39306640625
7924.0986328125
7815.6953125
7608.19091796875
7409.89501953125
7220.6318359375
7037.25244140625
6860.71630859375
6692.80224609375
6531.748046875
6366.923828125
6205.1669921875
6047.97509765625
5896.2119140625
5747.10009765625
