2040.7657470703125
2011.1053466796875
2056.62353515625
2052.9951171875
2036.530029296875
2024.87255859375
2017.0380859375
2035.7884521484375
2042.81982421875
2049.8583984375
2048.65478515625
2056.3388671875
2077.7333984375
2113.06787109375
2141.43798828125
2170.976318359375
2216.606689453125
2277.792724609375
2362.55615234375
2464.640625
2580.22412109375
2707.212158203125
2844.66455078125
2993.91064453125
3153.211669921875
3321.8955078125
3502.22265625
3696.146728515625
3907.569091796875
4142.34326171875
4395.8828125
4664.5048828125
173.2626495361328
198.13284301757812
207.82894897460938
211.04812622070312
213.2291259765625
215.97500610351562
5360.97998046875
5898.63427734375
6230.1474609375
6501.14697265625
6773.18017578125
7070.14111328125
7406.92138671875
7804.11767578125
8249.3642578125
8768.4990234375
9299.0341796875
9860.63671875
10435.330078125
11031.048828125
11646.474609375
12278.03515625
12924.2939453125
13594.2060546875
14288.0947265625
14671.994140625
14663.5087890625
14643.1669921875
14602.7958984375
14541.9111328125
14462.623046875
14363.37890625
14245.287109375
14109.9736328125
13956.7109375
13786.884765625
13601.8642578125
13402.5859375
13190.2392578125
12965.9853515625
12732.3310546875
12489.9912109375
12236.80078125
11977.166015625
11715.0517578125
11448.771484375
11180.6064453125
11000.1904296875
10908.068359375
10621.5029296875
10350.4462890625
10081.1123046875
9812.763671875
9547.044921875
9285.859375
9029.1298828125
8778.650390625
8533.33984375
8295.357421875
8067.09814453125
7846.87158203125
