2048.904541015625
1992.262451171875
1416.6488037109375
1316.4810791015625
1254.414306640625
1198.95556640625
1153.6932373046875
1124.357421875
1113.5970458984375
1093.5921630859375
1068.852294921875
1043.615234375
1019.8720703125
996.126953125
978.2735595703125
960.7731323242188
948.299072265625
938.8004760742188
928.9242553710938
917.4589233398438
904.9262084960938
894.5641479492188
885.8449096679688
877.0993041992188
868.7423095703125
860.96435546875
854.0540771484375
847.9215087890625
842.5458984375
837.1715698242188
831.684814453125
827.0413818359375
117.45140838623047
118.63054656982422
119.05532836914062
119.49230194091797
119.8924560546875
120.21004486083984
888.836181640625
782.69970703125
820.8104858398438
850.281494140625
851.9555053710938
842.5140380859375
832.3216552734375
825.0184326171875
838.51904296875
854.7763671875
870.513671875
884.3031616210938
894.0078735351562
900.0931396484375
904.76708984375
910.0775146484375
917.91259765625
928.6382446289062
943.407958984375
963.1466064453125
984.7134399414062
1006.7964477539062
1028.602783203125
1049.2462158203125
1068.7098388671875
1086.5045166015625
1102.367919921875
1116.20263671875
1128.0162353515625
1137.8096923828125
1145.6324462890625
1151.2779541015625
1155.072265625
1157.0294189453125
1157.339599609375
1156.438232421875
1154.9576416015625
1152.9625244140625
1150.4051513671875
1146.9622802734375
1142.1151123046875
1135.9765625
1128.814453125
1121.0235595703125
1112.9364013671875
1104.7337646484375
1096.621826171875
1088.3006591796875
1079.7825927734375
1071.25732421875
1062.79150390625
1054.33544921875
1045.753662109375
1036.9141845703125
