2065.94970703125
2031.19921875
1991.5196533203125
2118.647705078125
2105.90478515625
2165.700927734375
2198.261962890625
2201.87158203125
2204.56591796875
2217.747802734375
2225.25634765625
2229.461181640625
2227.96923828125
2228.47119140625
2232.020263671875
2237.387451171875
2244.287109375
2250.848876953125
2258.08984375
2270.49951171875
2286.246337890625
2312.765869140625
2356.159912109375
2424.5625
2509.955810546875
2611.107666015625
2727.404052734375
2858.044189453125
3001.97119140625
3158.25537109375
3326.283935546875
3502.764404296875
154.1004180908203
148.72909545898438
146.56219482421875
145.3098907470703
144.5436553955078
143.859619140625
3160.593017578125
3637.9599609375
3934.2265625
4147.71044921875
4326.14599609375
4495.3779296875
4668.43310546875
4847.529296875
5033.97509765625
5227.47900390625
5427.75244140625
5640.158203125
5903.14306640625
6142.65185546875
6375.41552734375
6606.88134765625
6848.76953125
7096.34375
7345.1923828125
7601.56787109375
7709.390625
7610.4130859375
7532.884765625
7462.40087890625
7390.55224609375
7312.24267578125
7224.552734375
7127.9521484375
7024.5166015625
6918.533203125
6803.20361328125
6676.68212890625
6537.30078125
6388.41748046875
6233.3876953125
6073.29296875
5909.57958984375
5741.4482421875
5571.197265625
5394.09326171875
5207.6640625
5017.04736328125
4831.20703125
4652.015625
4484.73193359375
4324.56103515625
4167.603515625
4009.168212890625
3844.76513671875
3686.62841796875
3545.17724609375
3408.578857421875
3275.92236328125
3148.604248046875
