2082.249267578125
2061.820068359375
2030.783935546875
2003.658203125
2079.419189453125
2099.576416015625
2088.95751953125
2083.135986328125
2100.0537109375
2100.677001953125
2124.1494140625
2158.89306640625
2162.058349609375
2167.2421875
2179.766357421875
2200.486572265625
2222.60595703125
2243.004150390625
2253.007568359375
2269.322509765625
2298.14501953125
2326.880615234375
2361.450439453125
2409.3193359375
2478.46728515625
2551.635009765625
2639.99560546875
2766.958984375
2888.89501953125
2933.614501953125
2968.95849609375
3028.0751953125
3070.915771484375
103.95889282226562
99.92566680908203
94.94914245605469
94.91798400878906
95.02140045166016
95.1532974243164
1384.930908203125
1464.95068359375
1506.142578125
1691.783935546875
2661.837646484375
3718.9072265625
4369.42236328125
4321.41455078125
4007.678955078125
3876.738037109375
3827.4052734375
3753.364501953125
3712.009033203125
3691.927490234375
3689.07763671875
3689.84423828125
3686.591064453125
3677.84521484375
3665.496337890625
3652.822021484375
3648.565185546875
3652.2431640625
3665.473388671875
3692.107666015625
3725.043701171875
3753.09912109375
3771.42138671875
3778.502197265625
3778.80712890625
3779.1630859375
3781.511962890625
3782.265625
3781.510009765625
3779.19970703125
3772.90771484375
3760.87841796875
3741.808349609375
3714.86669921875
3681.09326171875
3640.998046875
3596.180419921875
3548.0458984375
3497.481201171875
3445.013916015625
3389.50634765625
3332.674560546875
3275.724365234375
3218.56884765625
3161.442138671875
3104.727294921875
3048.621826171875
2993.22265625
2938.320556640625
2884.152099609375
2830.71826171875
2778.155029296875
2726.52734375
