2060.158447265625
2029.545654296875
2030.514892578125
2031.343994140625
2073.5263671875
2089.018798828125
2096.83154296875
2108.949951171875
2117.449951171875
2123.941162109375
2126.56884765625
2127.33740234375
2139.041259765625
2144.6953125
2146.39208984375
2161.329833984375
2186.421630859375
2224.1630859375
2271.293701171875
2330.62060546875
2392.727783203125
2465.891845703125
2550.608154296875
2644.910400390625
2751.016845703125
2873.36767578125
3016.076416015625
3179.2890625
3359.282958984375
3550.476318359375
3749.695068359375
3961.77197265625
4187.23193359375
186.0183868408203
165.4869842529297
158.4600830078125
155.16488647460938
152.74598693847656
150.41810607910156
2919.477783203125
3080.040771484375
3295.026123046875
3652.400146484375
3922.782470703125
4194.62939453125
4485.640625
4806.76171875
4772.9326171875
4719.29833984375
4689.2275390625
4590.74169921875
4489.724609375
4404.43505859375
4298.12890625
4178.62109375
4047.876953125
3916.486572265625
3786.73779296875
3664.033447265625
3554.88916015625
3446.73681640625
3329.40380859375
3206.634765625
3082.06005859375
2959.7998046875
2834.37744140625
2707.7265625
2586.2802734375
2469.3662109375
2362.048583984375
2264.703125
2177.515380859375
2096.725830078125
1987.63232421875
1857.3975830078125
1755.3721923828125
1649.294189453125
1539.970458984375
1474.02294921875
1413.6165771484375
1352.860595703125
1304.6444091796875
1266.630615234375
1229.46630859375
1191.0032958984375
1153.5491943359375
1117.299072265625
1080.5667724609375
1043.260498046875
1005.9676513671875
969.1140747070312
931.8078002929688
893.2571411132812
854.8736572265625
816.2846069335938
778.2000122070312
