2005.295166015625
2789.040771484375
2871.177490234375
2562.502197265625
2397.366943359375
2326.444091796875
2257.378662109375
2215.5908203125
2217.559814453125
2237.32421875
2258.8056640625
2296.033935546875
2327.9267578125
2351.84375
2373.2294921875
2394.710205078125
2422.64794921875
2479.499267578125
2566.91650390625
2638.935302734375
2678.005859375
2736.72216796875
2805.604248046875
2880.244140625
2957.478515625
3034.804931640625
3110.68408203125
3184.692138671875
3255.69482421875
3321.78173828125
3380.9423828125
3431.77294921875
3474.777587890625
165.63088989257812
141.7142791748047
151.54302978515625
163.91407775878906
182.45343017578125
197.53761291503906
4969.42626953125
4001.87255859375
3711.444580078125
3704.66015625
3706.9736328125
3673.0185546875
3647.644287109375
3642.255126953125
3645.40283203125
3650.428466796875
3652.476806640625
3657.329833984375
3664.298095703125
3662.56591796875
3647.4228515625
3620.605224609375
3583.304931640625
3536.73876953125
3480.22412109375
3414.152587890625
3340.271728515625
3259.96728515625
3174.570068359375
3085.538818359375
2994.349365234375
2900.91015625
2806.490966796875
2712.011474609375
2618.109375
2525.31884765625
2434.50341796875
2349.085205078125
2268.41015625
2191.196044921875
2117.5166015625
2047.6470947265625
1981.2376708984375
1918.3544921875
1858.8145751953125
1802.3140869140625
1748.703857421875
1697.9144287109375
1649.5452880859375
1603.7435302734375
1559.90673828125
1517.6544189453125
1476.7003173828125
1436.74267578125
1397.556640625
1359.0244140625
1321.3658447265625
1284.66162109375
1248.9609375
1214.346923828125
1180.8582763671875
1148.47900390625
1117.2373046875
