2074.9521484375
2049.5498046875
2025.20458984375
2058.809326171875
2044.9774169921875
2098.19775390625
2094.93896484375
2078.324462890625
2036.3939208984375
1993.1837158203125
1946.6298828125
1900.3482666015625
1853.644775390625
1822.066650390625
1792.0279541015625
1764.2659912109375
1737.5267333984375
1709.6512451171875
1679.6717529296875
1651.741455078125
1630.6976318359375
1617.539794921875
1606.9915771484375
1596.2689208984375
1589.655517578125
1587.94482421875
1587.807373046875
1595.903076171875
1606.5146484375
1636.0247802734375
1661.8336181640625
1685.5133056640625
1709.72998046875
123.94464874267578
127.5600357055664
127.25889587402344
127.38443756103516
127.88356018066406
128.40760803222656
1622.8511962890625
1572.33447265625
1655.3546142578125
1765.1719970703125
1812.51953125
1853.30078125
1898.5675048828125
1949.2784423828125
2003.614501953125
2040.2298583984375
2058.642822265625
2107.21728515625
2151.791015625
2191.311767578125
2225.27099609375
2252.53173828125
2272.766845703125
2285.90478515625
2292.9892578125
2294.953369140625
2292.22216796875
2285.010009765625
2273.71875
2259.589599609375
2243.74267578125
2225.5478515625
2204.9873046875
2182.616455078125
2158.788330078125
2134.246337890625
2109.078857421875
2083.522705078125
2057.5947265625
2031.7713623046875
2006.5159912109375
1982.01953125
1957.727783203125
1933.4281005859375
1909.1142578125
1884.783203125
1860.4027099609375
1836.006591796875
1811.4881591796875
1786.8394775390625
1762.0355224609375
1737.0887451171875
1712.0147705078125
1686.9293212890625
1661.8956298828125
1636.94384765625
1612.0496826171875
1587.2532958984375
1562.6090087890625
1538.1754150390625
1514.0216064453125
1490.2010498046875
1466.847412109375
