2056.249755859375
2017.205322265625
2026.9984130859375
2152.708251953125
2191.013916015625
2197.51806640625
2181.9892578125
2195.390869140625
2203.53369140625
2203.744140625
2213.09228515625
2216.087646484375
2217.380615234375
2222.346923828125
2240.640625
2264.39453125
2302.195068359375
2351.21728515625
2403.82275390625
2456.541259765625
2516.87255859375
2594.511474609375
2701.22705078125
2835.44140625
2993.90185546875
3172.09326171875
3363.302001953125
3561.637939453125
3767.96826171875
3984.046142578125
4210.4091796875
4445.310546875
4693.32373046875
143.5626678466797
140.89862060546875
145.80612182617188
160.70098876953125
172.7240447998047
180.5211639404297
185.86280822753906
4813.087890625
5444.2587890625
5760.6904296875
5954.51416015625
6127.783203125
6320.984375
6546.1591796875
6811.79736328125
7121.396484375
7250.33544921875
7245.5546875
7273.90283203125
7315.2197265625
7351.9921875
7375.1455078125
7376.02099609375
7357.91357421875
7323.6005859375
7272.455078125
7199.8359375
7096.66748046875
6983.326171875
6859.16748046875
6727.1279296875
6585.25048828125
6435.50634765625
6280.0703125
6118.40771484375
5956.24560546875
5793.7353515625
5630.0908203125
5465.4296875
5300.650390625
5137.10302734375
4976.01025390625
4818.57958984375
4665.083984375
4515.416015625
4369.65234375
4227.6455078125
4089.47021484375
3955.211181640625
3824.933837890625
3698.715087890625
3576.54736328125
3458.56494140625
3344.7509765625
3233.858642578125
3125.54638671875
3020.145263671875
2917.76904296875
2818.506591796875
2722.505615234375
2629.83447265625
