2119.669921875
5247.7109375
3542.02880859375
2390.52001953125
1866.8040771484375
1619.070068359375
1509.8792724609375
1458.71728515625
1422.8515625
1339.477294921875
1291.1954345703125
1206.5338134765625
1140.368896484375
1085.02783203125
1036.6954345703125
994.3662719726562
957.1085205078125
923.8250732421875
893.9959716796875
867.2891235351562
843.4683837890625
822.3334350585938
803.5101928710938
786.6063232421875
771.4088745117188
757.4329223632812
744.298095703125
732.0010375976562
720.6116943359375
710.1199340820312
700.4808959960938
691.6632690429688
683.6878051757812
676.3911743164062
669.7288208007812
663.6669921875
66.79226684570312
70.12519836425781
72.72005462646484
74.90098571777344
76.87589263916016
78.74441528320312
958.8153686523438
1097.77001953125
882.3380126953125
716.2362670898438
690.4802856445312
703.7041625976562
715.0215454101562
714.9463500976562
708.6293334960938
701.547607421875
696.786865234375
694.8986206054688
693.8404541015625
692.1532592773438
689.4186401367188
685.8159790039062
682.1602172851562
678.8931274414062
676.5879516601562
675.1107788085938
674.0997924804688
673.3721313476562
673.0615844726562
673.415771484375
674.5634155273438
676.451171875
678.9368896484375
681.7772827148438
684.69287109375
687.5139770507812
690.160400390625
692.607666015625
694.8447265625
696.9268188476562
698.87890625
700.6874389648438
702.3406372070312
703.88232421875
705.3536376953125
706.7600708007812
708.0948486328125
709.3597412109375
710.5562133789062
711.635009765625
712.5431518554688
713.2479858398438
713.7396240234375
714.025634765625
714.1036376953125
713.9310913085938
713.425048828125
712.5804443359375
711.4259643554688
710.013427734375
708.4292602539062
706.7713623046875
705.0933227539062
