76.37603759765625
75.70359802246094
73.4832992553711
71.32097625732422
69.30823516845703
66.16947174072266
64.68267059326172
62.16937255859375
59.45414733886719
58.298362731933594
57.295162200927734
55.66957092285156
54.34469223022461
53.266624450683594
52.37724685668945
51.62379455566406
50.963829040527344
50.32304000854492
49.134098052978516
48.1170539855957
48.47117614746094
48.88691329956055
49.170101165771484
49.33444595336914
49.40096664428711
49.38987731933594
49.319122314453125
49.20348358154297
49.05460739135742
48.88139343261719
48.69075012207031
48.48807907104492
48.27742385864258
48.061729431152344
47.843074798583984
47.62289047241211
47.39337921142578
47.17607116699219
46.94740295410156
46.71364212036133
46.4735221862793
46.2365837097168
46.02544403076172
45.98762893676758
45.92763900756836
45.823856353759766
45.645050048828125
45.56621170043945
45.47348403930664
45.31706619262695
45.16792678833008
45.024986267089844
44.886474609375
44.75079345703125
44.616554260253906
44.482627868652344
44.34809875488281
44.21219253540039
44.08848190307617
43.992393493652344
43.92402648925781
43.87916946411133
43.85175704956055
43.8353385925293
43.82404327392578
43.81475830078125
43.80526351928711
43.79078674316406
43.768165588378906
43.7354621887207
43.69159698486328
43.63619613647461
43.575347900390625
43.51512145996094
43.45555877685547
43.40463638305664
43.36182403564453
43.330299377441406
43.3115348815918
43.302642822265625
43.30980682373047
43.34123992919922
43.39617156982422
43.47169876098633
43.56340789794922
43.66825866699219
43.78369903564453
43.906982421875
44.035423278808594
44.16598129272461
44.29791259765625
44.42952346801758
44.55917739868164
44.685890197753906
44.81435775756836
44.945987701416016
45.07556915283203
45.20020294189453
45.31882095336914
