2019.274658203125
2179.79931640625
3470.872314453125
4300.9580078125
4786.04736328125
5355.609375
5721.98193359375
4383.36328125
3290.850341796875
2922.808837890625
2669.5390625
2315.0732421875
2051.65478515625
1871.7117919921875
1756.577392578125
1678.4732666015625
1625.839111328125
1590.5440673828125
1564.3563232421875
1544.9124755859375
1529.5167236328125
1515.67431640625
1502.41455078125
1489.78857421875
1477.84423828125
1466.472900390625
1456.7108154296875
1448.662109375
1440.0203857421875
1430.9681396484375
1421.859619140625
1413.5584716796875
1406.6746826171875
1400.4881591796875
1395.1341552734375
1390.69873046875
64.3086166381836
68.20879364013672
71.04409790039062
72.8549575805664
74.0902328491211
74.91254425048828
1441.582275390625
1705.09912109375
1684.058349609375
2176.66015625
1900.7303466796875
1797.6539306640625
1685.477783203125
1559.8299560546875
1485.189453125
1447.3472900390625
1427.475341796875
1414.9393310546875
1408.48828125
1406.73779296875
1407.378173828125
1409.666748046875
1412.98583984375
1416.6016845703125
1419.9874267578125
1422.9287109375
1425.3616943359375
1427.7513427734375
1430.6656494140625
1434.6715087890625
1439.955322265625
1446.06201171875
1452.3603515625
1458.228271484375
1463.3095703125
1467.6953125
1471.888427734375
1476.3231201171875
1481.154541015625
1486.32080078125
1491.7999267578125
1497.624267578125
1503.7618408203125
1510.057373046875
1516.3338623046875
1522.4281005859375
1528.1063232421875
1533.2001953125
1537.6591796875
1541.5223388671875
1544.8564453125
1547.67333984375
1549.9351806640625
1551.582763671875
1552.536376953125
1552.719970703125
1552.221435546875
1551.1732177734375
1549.7562255859375
1548.1424560546875
1546.4625244140625
1544.7633056640625
1543.0574951171875
