1051.9212646484375
901.603759765625
777.8489379882812
817.8126220703125
777.2305908203125
739.4105834960938
735.936767578125
734.71630859375
733.776123046875
725.9434204101562
715.5366821289062
705.0822143554688
711.239990234375
715.9603881835938
714.4254150390625
710.513916015625
707.3010864257812
704.9469604492188
703.4414672851562
702.53564453125
701.5089721679688
700.0215454101562
697.6704711914062
693.689697265625
688.7230224609375
683.2672729492188
677.4713745117188
671.355224609375
664.968994140625
658.4700927734375
651.988037109375
645.6851806640625
639.6243286132812
634.1849975585938
629.7159423828125
625.8921508789062
117.25459289550781
119.81068420410156
120.79615020751953
120.97579193115234
121.16803741455078
121.36995697021484
568.2711181640625
564.2189331054688
537.916015625
569.3943481445312
575.0296630859375
579.1017456054688
585.2662353515625
604.7298583984375
623.246337890625
638.4799194335938
651.3424682617188
662.4456176757812
672.339111328125
681.4068603515625
689.885009765625
697.9337768554688
705.6551513671875
713.1129150390625
720.3588256835938
727.4437866210938
734.4417114257812
741.3822021484375
748.2611083984375
755.118896484375
761.9221801757812
768.6736450195312
775.406982421875
782.145263671875
788.90087890625
795.6642456054688
802.412353515625
809.1185913085938
815.7534790039062
822.2868041992188
828.6880493164062
835.0523071289062
841.3759765625
847.586181640625
853.62255859375
859.4284057617188
865.027099609375
870.459716796875
875.7346801757812
880.8323364257812
885.7929077148438
890.6015625
895.1957397460938
899.5179443359375
903.5313720703125
907.212158203125
910.546630859375
913.5223388671875
916.1214599609375
918.3259887695312
920.1192626953125
921.5081787109375
922.5330810546875
