2085.0
2061.615966796875
2027.4439697265625
2039.464111328125
2050.669677734375
2070.89990234375
2077.20751953125
2073.741943359375
2072.66357421875
2074.353759765625
2076.754150390625
2071.478515625
2080.61767578125
2043.583251953125
2005.4534912109375
1968.37158203125
1931.4493408203125
1902.0078125
1878.111572265625
1853.7064208984375
1837.268798828125
1815.5802001953125
1793.1553955078125
1771.3497314453125
1750.940185546875
1732.27001953125
1714.6298828125
1704.623291015625
1697.520751953125
1690.136962890625
1685.144775390625
1681.7728271484375
118.17717742919922
119.26176452636719
120.02133178710938
120.65088653564453
121.20687866210938
121.70121002197266
1628.2420654296875
1624.1544189453125
1711.6927490234375
1735.657470703125
1742.5657958984375
1754.4981689453125
1765.5765380859375
1782.9539794921875
1804.02978515625
1825.0592041015625
1861.7015380859375
1925.7158203125
1986.1629638671875
2041.8865966796875
2092.19921875
2137.990478515625
2178.744140625
2216.62060546875
2252.04443359375
2285.58642578125
2317.53515625
2348.136474609375
2377.2998046875
2403.976318359375
2426.682373046875
2445.172607421875
2459.434326171875
2469.581298828125
2476.08544921875
2479.152587890625
2479.381591796875
2477.080078125
2472.051025390625
2463.96435546875
2452.965576171875
2439.729736328125
2424.698486328125
2407.8955078125
2389.832275390625
2370.78466796875
2351.198974609375
2331.1171875
2310.54541015625
2289.4892578125
2268.859130859375
2248.208251953125
2226.7705078125
2204.474853515625
2181.340576171875
2157.441650390625
2132.787109375
2107.4814453125
2081.69921875
2055.452392578125
