2044.991943359375
1993.6278076171875
2124.733642578125
2078.552978515625
2046.150390625
1661.203125
1861.7222900390625
1944.5587158203125
2089.806640625
2187.367919921875
2234.30859375
2235.863525390625
2238.1484375
2240.752685546875
2242.966796875
2243.91455078125
2244.512939453125
2244.910400390625
2245.744140625
2245.752197265625
2245.77783203125
2245.79443359375
2245.8056640625
2245.807861328125
2245.808349609375
2245.80859375
2245.808837890625
2245.808837890625
2245.80908203125
2245.80908203125
2245.80908203125
2245.80908203125
2245.80908203125
2245.80908203125
2245.80908203125
2245.80908203125
2245.80908203125
2245.80908203125
