2073.0849609375
2043.180908203125
2040.34130859375
2044.243896484375
2039.8516845703125
2032.6893310546875
2020.5467529296875
2022.1181640625
2020.7109375
2019.7100830078125
2018.813720703125
2016.26171875
2011.9202880859375
2006.533447265625
2002.2353515625
2002.5208740234375
2002.7169189453125
2002.850341796875
2003.134521484375
2003.1483154296875
2003.157470703125
2003.1634521484375
2003.16748046875
2003.1683349609375
2003.16845703125
2003.1685791015625
2003.168701171875
2003.168701171875
2003.168701171875
2003.168701171875
2003.168701171875
2003.168701171875
2003.168701171875
2003.168701171875
2003.168701171875
2003.168701171875
2003.168701171875
2003.168701171875
