2061.05712890625
2033.3529052734375
2025.2064208984375
2025.54150390625
2061.329345703125
2085.92529296875
2114.3046875
2134.92041015625
2155.409423828125
2181.050048828125
2206.774169921875
2219.040283203125
2228.645263671875
2239.241455078125
2260.682861328125
2281.9912109375
2317.251220703125
2356.93994140625
2405.14111328125
2475.14892578125
2563.29296875
2661.54150390625
2770.786865234375
2893.71826171875
3030.8310546875
3179.712158203125
3341.95458984375
3520.32958984375
3714.483642578125
3922.68408203125
4142.8955078125
4378.736328125
4640.02490234375
201.62840270996094
178.4969482421875
164.92962646484375
157.2273712158203
153.3346710205078
151.02073669433594
4000.572265625
4322.6044921875
4475.2333984375
4630.83203125
4842.96337890625
5107.5595703125
5411.578125
5731.52685546875
6067.595703125
6438.19140625
6822.630859375
7187.57470703125
7545.39501953125
7877.865234375
8153.17138671875
8378.685546875
8557.9404296875
8701.169921875
8824.5537109375
8937.3017578125
9048.45703125
9144.3359375
9204.5703125
9234.8994140625
9248.6123046875
9246.1650390625
9232.390625
9208.650390625
8979.2333984375
8594.24609375
8269.953125
7982.48583984375
7719.666015625
7468.30810546875
7227.78271484375
7005.4033203125
6799.3125
6590.75732421875
6387.6767578125
6198.83544921875
6021.24462890625
5850.82421875
5684.134765625
5520.322265625
5360.40234375
5203.287109375
5054.4873046875
4910.69482421875
4770.046875
4634.34375
4503.6123046875
4378.8525390625
4259.875
4142.81103515625
