2049.058349609375
2337.50390625
2324.40283203125
2274.034423828125
2499.26953125
2510.072509765625
2461.51708984375
2390.7646484375
2327.9208984375
2286.29443359375
2262.63720703125
2247.408447265625
2235.78271484375
2233.6337890625
2236.214111328125
2242.360595703125
2253.514404296875
2266.681640625
2284.159423828125
2316.064453125
2364.818115234375
2420.351318359375
2484.510498046875
2556.079833984375
2631.329833984375
2709.633544921875
2794.18017578125
2893.814208984375
3012.129150390625
3142.92041015625
3283.62646484375
3430.716064453125
3579.78759765625
109.70622253417969
110.4903793334961
112.0257568359375
111.30442810058594
111.89981079101562
112.36559295654297
112.64156341552734
2443.47607421875
3045.7685546875
3390.563720703125
3664.271240234375
3900.69775390625
4128.49560546875
4371.85302734375
4649.6513671875
4929.9296875
5186.86669921875
5067.6318359375
4872.74462890625
4725.970703125
4593.611328125
4467.99462890625
4344.0244140625
4217.1943359375
4102.287109375
3991.311279296875
3875.462158203125
3760.31640625
3646.088134765625
3522.288330078125
3394.24853515625
3267.083740234375
3149.320556640625
3042.71923828125
2939.671630859375
2834.140869140625
2728.694091796875
2627.525634765625
2521.106689453125
2396.246826171875
2292.84765625
2192.807373046875
2098.890380859375
1992.9005126953125
1901.0953369140625
1807.9696044921875
1715.718505859375
1619.5811767578125
1535.228515625
1475.4583740234375
1426.910888671875
1394.7659912109375
1364.5855712890625
1329.9996337890625
1289.297119140625
1243.2369384765625
1192.4600830078125
1148.38232421875
1106.0625
1070.712890625
1038.6790771484375
