2041.9095458984375
2019.7154541015625
2048.87158203125
2036.5032958984375
2014.25732421875
2043.6370849609375
2042.197509765625
2064.822509765625
2098.693115234375
2153.792236328125
2238.46533203125
2309.4267578125
2374.73681640625
2443.89599609375
2537.390869140625
2662.43115234375
2809.7509765625
2970.8447265625
3143.638671875
3327.158447265625
3519.769287109375
3724.82421875
3945.759033203125
4182.9140625
4436.236328125
4704.1806640625
4984.4189453125
5271.38427734375
5570.53369140625
5884.2138671875
6207.97705078125
6546.35791015625
6913.58740234375
311.2077941894531
282.7125244140625
254.04901123046875
227.52760314941406
217.74595642089844
216.4850311279297
219.24745178222656
6983.41162109375
8015.89306640625
8815.5478515625
9548.7998046875
10275.7646484375
10987.1767578125
11679.3486328125
12365.5029296875
13054.9580078125
13740.4482421875
14419.373046875
14486.423828125
14322.11328125
14159.298828125
13987.3857421875
13802.443359375
13603.91796875
13391.689453125
13166.8759765625
12931.228515625
12686.28125
12431.322265625
12168.8994140625
11900.9521484375
11629.4609375
11355.7255859375
11080.2607421875
10804.931640625
10531.1962890625
10260.03125
9992.1943359375
9728.4580078125
9469.130859375
9214.7236328125
8965.6962890625
8722.01953125
8484.060546875
8252.296875
8026.904296875
7807.857421875
7594.673828125
7388.05859375
7188.79443359375
6995.0830078125
6806.9638671875
6625.56396484375
6451.13037109375
6283.2314453125
6121.27880859375
5964.56884765625
5810.4150390625
5661.39599609375
5517.45849609375
5380.6416015625
