2034.9776611328125
2116.5849609375
2080.111083984375
2062.90478515625
2039.7955322265625
2037.0517578125
2032.517578125
2033.242919921875
2031.554443359375
2026.6856689453125
2029.7191162109375
2033.6141357421875
2053.06689453125
2074.87744140625
2085.46533203125
2097.546875
2109.398681640625
2128.353759765625
2153.472900390625
2190.703857421875
2249.015869140625
2308.36572265625
2382.345458984375
2478.15869140625
2589.51904296875
2725.8662109375
2889.827392578125
3074.479736328125
3275.641845703125
3488.95751953125
3712.62890625
3944.192138671875
4189.88232421875
195.54014587402344
209.99879455566406
210.4412841796875
203.42233276367188
195.86993408203125
188.6335906982422
181.95550537109375
3444.881103515625
3553.850830078125
3736.818603515625
4005.783203125
4346.4365234375
4755.7392578125
4974.16455078125
4940.060546875
4890.08642578125
4830.38134765625
4756.20458984375
4667.0234375
4566.392578125
4481.0712890625
4392.87646484375
4298.947265625
4192.4345703125
4079.579345703125
3965.048828125
3847.92041015625
3729.518798828125
3611.863037109375
3493.613037109375
3375.847900390625
3257.946533203125
3140.25
3027.5322265625
2916.3154296875
2805.2119140625
2700.73681640625
2600.0576171875
2502.933837890625
2401.11376953125
2289.481201171875
2187.66845703125
2097.074951171875
2021.2874755859375
1944.7725830078125
1807.52783203125
1659.790283203125
1535.2060546875
1435.7222900390625
1338.1800537109375
1249.08203125
1201.5374755859375
1154.526611328125
1102.10791015625
1050.0628662109375
999.7680053710938
950.9747924804688
927.2333374023438
904.494140625
881.1538696289062
857.4547729492188
