2012.125244140625
2076.98046875
2123.020263671875
2168.339599609375
2207.83203125
2273.551025390625
2294.056396484375
2312.44482421875
2323.126708984375
2337.3076171875
2367.857421875
2415.5986328125
2473.737060546875
2555.6552734375
2666.183837890625
2807.014404296875
2976.504150390625
3170.697021484375
3385.05322265625
3616.904296875
3863.232666015625
4123.076171875
4392.2001953125
4671.76953125
4963.53857421875
5267.10400390625
5584.5390625
5909.59423828125
6270.8798828125
6478.4541015625
6579.408203125
6696.791015625
6815.18359375
304.270751953125
286.8875427246094
268.575439453125
244.23277282714844
241.1713409423828
248.1044158935547
258.3083190917969
7778.40576171875
7946.458984375
8030.52685546875
8082.05126953125
8107.1162109375
8115.3173828125
8109.521484375
8087.490234375
8048.369140625
7992.39892578125
7917.388671875
7830.4345703125
7737.16015625
7637.6845703125
7533.27392578125
7423.30126953125
7308.11181640625
7188.48193359375
7064.68310546875
6937.1826171875
6806.24169921875
6672.4033203125
6536.16259765625
6398.1494140625
6259.27734375
6120.0478515625
5981.087890625
5842.9716796875
5706.26904296875
5571.3349609375
5438.2392578125
5307.21826171875
5177.60302734375
5050.62841796875
4926.88427734375
4805.5751953125
4687.01904296875
4571.46435546875
4456.91650390625
4344.232421875
4237.85205078125
4134.69287109375
4034.339111328125
3936.99462890625
3842.6484375
3751.44970703125
3663.068603515625
3577.594482421875
3494.744384765625
3414.0107421875
3335.63037109375
3259.6044921875
3185.84912109375
3114.016845703125
