1927.00390625
1911.8670654296875
1972.8541259765625
1977.099853515625
1960.126708984375
1770.5335693359375
1675.006103515625
1500.189453125
1431.1973876953125
1298.6387939453125
1155.124755859375
1049.6658935546875
973.3298950195312
917.9439697265625
879.3426513671875
853.3113403320312
836.51025390625
826.4223022460938
820.8027954101562
818.345947265625
817.9195556640625
817.4735717773438
816.5731811523438
815.3778686523438
813.7350463867188
812.2974853515625
812.0178833007812
813.4854736328125
816.544189453125
820.8631591796875
826.24853515625
832.5848999023438
839.7427368164062
847.5231323242188
855.7929077148438
864.456298828125
96.53524017333984
99.31327819824219
100.30377960205078
101.02822875976562
101.66231536865234
102.23960876464844
796.7674560546875
893.4200439453125
921.9788818359375
960.9239501953125
1102.5181884765625
1134.9759521484375
1139.4481201171875
1110.235107421875
1075.0533447265625
1044.579345703125
1022.0523681640625
1007.7750244140625
1000.812255859375
999.7594604492188
1003.1398315429688
1009.6552124023438
1018.3193359375
1028.3978271484375
1039.3629150390625
1052.170166015625
1066.072998046875
1080.134765625
1093.8822021484375
1107.456298828125
1120.8753662109375
1134.080078125
1147.2265625
1160.44873046875
1173.7802734375
1187.1683349609375
1200.569580078125
1213.9830322265625
1227.4696044921875
1241.1085205078125
1254.9659423828125
1269.0927734375
1283.5362548828125
1298.1890869140625
1312.9552001953125
1329.7254638671875
1351.729736328125
1377.746337890625
1400.167724609375
1422.2352294921875
1445.4049072265625
1468.3570556640625
1490.3802490234375
1511.6380615234375
1532.201904296875
1552.0355224609375
1571.801025390625
1591.4478759765625
1610.72216796875
1629.5283203125
1648.039306640625
1665.9443359375
1683.0179443359375
