2073.0068359375
2043.7115478515625
2030.5491943359375
2054.574951171875
2053.440185546875
2097.23876953125
2089.03466796875
2063.015625
2008.52001953125
1957.10205078125
1908.4873046875
1872.557373046875
1844.0548095703125
1813.4534912109375
1786.27978515625
1759.320068359375
1738.29052734375
1717.906005859375
1700.9742431640625
1686.182861328125
1669.294677734375
1655.0645751953125
1637.7220458984375
1619.1998291015625
1603.6077880859375
1592.096923828125
1584.538818359375
1584.0023193359375
1582.18115234375
1577.887939453125
1572.1875
1564.9775390625
1568.4532470703125
114.4467544555664
115.05647277832031
116.00896453857422
117.4486083984375
118.44891357421875
119.18328094482422
119.78770446777344
1351.52685546875
1543.2860107421875
1628.9801025390625
1699.379150390625
1722.984130859375
1747.8343505859375
1768.2147216796875
1788.878173828125
1813.142578125
1838.8125
1864.0418701171875
1886.17041015625
1903.8165283203125
1917.849853515625
1930.427734375
1937.7852783203125
1943.929931640625
1950.38134765625
1957.208740234375
1963.5968017578125
1968.218505859375
1970.11083984375
1968.8173828125
1965.330078125
1960.8751220703125
1955.6810302734375
1950.181396484375
1944.5509033203125
1938.4456787109375
1931.2152099609375
1922.157470703125
1910.72119140625
1896.4378662109375
1879.46484375
1860.023193359375
1838.563720703125
1815.6390380859375
1792.0029296875
1768.2979736328125
1745.0189208984375
1722.619140625
1701.2828369140625
1680.9080810546875
1661.5263671875
1643.054931640625
1625.75439453125
1609.278564453125
1593.1776123046875
1577.2906494140625
1561.480712890625
1545.6151123046875
1529.63134765625
1513.5068359375
1497.2584228515625
1480.90771484375
