2083.350341796875
2055.109375
2030.3919677734375
2031.402099609375
2015.1517333984375
2042.5509033203125
2067.741455078125
2081.399658203125
2087.804443359375
2099.040771484375
2116.010986328125
2150.69970703125
2185.88134765625
2211.974609375
2231.278564453125
2250.61865234375
2274.49755859375
2310.378662109375
2362.4208984375
2430.206298828125
2515.937744140625
2613.72802734375
2722.27587890625
2841.30322265625
2971.754150390625
3114.161865234375
3267.296142578125
3429.197998046875
3595.32958984375
3762.190673828125
3929.773681640625
4098.33544921875
4268.18505859375
204.63552856445312
197.16944885253906
189.74478149414062
180.5471954345703
174.4805450439453
167.7529754638672
163.47174072265625
159.84228515625
156.54315185546875
3638.099853515625
4003.13330078125
4240.361328125
4454.306640625
4672.43603515625
4920.9130859375
5191.642578125
5480.822265625
5774.82470703125
6060.7236328125
6355.13720703125
6637.43994140625
6900.89013671875
7131.18310546875
7323.84423828125
7492.8564453125
7636.44287109375
7759.18310546875
7864.4814453125
7942.28759765625
7989.7578125
8009.56982421875
8005.48193359375
7975.2421875
7943.4453125
7907.654296875
7871.45703125
7744.79833984375
7416.07763671875
7122.0
6855.3994140625
6609.74658203125
6379.38232421875
6160.52734375
5960.93798828125
5765.39111328125
5580.14453125
5402.94775390625
5236.1142578125
5071.095703125
4910.0068359375
4754.0859375
4610.04345703125
4473.24560546875
4351.6845703125
4233.44921875
4107.87109375
3981.0712890625
3854.0712890625
3729.43701171875
3607.918212890625
3489.868408203125
3375.40185546875
3261.812744140625
