2019.27685546875
2063.443115234375
2062.2265625
2049.85498046875
2031.783203125
2031.245849609375
2022.2462158203125
2012.0472412109375
2015.19970703125
2029.9647216796875
2058.080078125
2088.275390625
2123.2197265625
2165.99951171875
2231.2470703125
2333.864501953125
2466.99462890625
2630.103515625
2820.1396484375
3035.31005859375
3272.803955078125
3529.561279296875
3806.256103515625
4101.119140625
4418.52880859375
4760.83740234375
5124.19970703125
5513.63232421875
5933.95751953125
6388.03564453125
6903.84375
7504.5625
8159.8671875
401.10504150390625
420.46514892578125
419.57421875
396.95306396484375
377.7685546875
362.0151062011719
360.0841064453125
364.848876953125
372.001953125
10237.8544921875
11724.0126953125
12625.7392578125
13326.4365234375
13967.0810546875
14606.02734375
14896.9345703125
14839.388671875
14764.1708984375
14666.98046875
14548.80078125
14409.2626953125
14250.4814453125
14075.544921875
13885.7001953125
13681.453125
13463.6513671875
13233.4638671875
12992.765625
12742.873046875
12484.9345703125
12219.1787109375
11946.8232421875
11667.9541015625
11384.169921875
11099.8154296875
10816.03515625
10533.203125
10254.6220703125
9978.8388671875
9707.1435546875
9439.7041015625
9174.9111328125
8908.60546875
8657.9033203125
8415.0205078125
8178.890625
7948.94677734375
7726.39599609375
7510.69775390625
7303.50732421875
7104.9677734375
6914.5947265625
6731.62890625
6556.3134765625
6388.125
6225.35302734375
6067.75341796875
5914.88720703125
5767.0302734375
5624.30224609375
5486.38818359375
5355.11181640625
5228.33544921875
