2036.5606689453125
1856.1513671875
1791.3341064453125
1644.481201171875
1530.27880859375
1466.371337890625
1429.7308349609375
1410.1533203125
1398.0718994140625
1388.482177734375
1381.703125
1373.783935546875
1364.12353515625
1353.360595703125
1343.7772216796875
1339.02685546875
1336.2757568359375
1335.4697265625
1336.2027587890625
1337.71044921875
1340.381103515625
1345.71533203125
1356.06103515625
1372.1815185546875
1393.70458984375
1419.723876953125
1449.10498046875
1480.8770751953125
1514.668212890625
1550.1107177734375
1588.5560302734375
1626.244140625
129.6024169921875
130.4413299560547
132.53273010253906
134.52252197265625
136.38198852539062
138.19573974609375
1768.5562744140625
1901.8853759765625
1915.209716796875
1928.8621826171875
1944.9525146484375
1962.3282470703125
1980.3748779296875
1998.64990234375
2016.770751953125
2034.640869140625
2051.73046875
2060.94921875
2072.2900390625
2090.530029296875
2106.991943359375
2123.055419921875
2153.911865234375
2191.9189453125
2222.972900390625
2247.31103515625
2268.88134765625
2292.803466796875
2311.4970703125
2325.045166015625
2333.4755859375
2336.92529296875
2335.1884765625
2328.437255859375
2317.116943359375
2302.117431640625
2283.493408203125
2261.54833984375
2236.570068359375
2208.801025390625
2178.6240234375
2146.53662109375
2112.682861328125
2077.20654296875
2040.39404296875
2002.60595703125
1963.4456787109375
1923.900634765625
1884.1357421875
1844.4610595703125
1805.2523193359375
1766.729248046875
1728.9813232421875
1692.047607421875
1655.96337890625
1620.7574462890625
1586.261962890625
1552.6070556640625
1519.8187255859375
1487.84033203125
1456.685546875
