2031.919189453125
1846.9425048828125
1778.4136962890625
1584.510009765625
1478.58935546875
1418.1119384765625
1397.876708984375
1388.54296875
1373.8935546875
1361.0015869140625
1348.4417724609375
1334.099609375
1320.0625
1312.555908203125
1307.588623046875
1302.6949462890625
1298.2591552734375
1296.8232421875
1299.495849609375
1304.78515625
1311.9893798828125
1324.2811279296875
1343.5767822265625
1370.1561279296875
1403.146240234375
1441.09033203125
1482.609619140625
1527.064697265625
1575.8870849609375
1628.838623046875
1681.32861328125
1733.1748046875
130.86398315429688
126.47225189208984
129.13072204589844
133.2442169189453
137.72366333007812
148.65603637695312
2029.89208984375
2099.737548828125
2097.142578125
2115.7490234375
2145.35546875
2180.6533203125
2218.115966796875
2257.169189453125
2302.480712890625
2358.508544921875
2438.6796875
2514.671142578125
2588.602294921875
2665.466064453125
2735.447265625
2796.177490234375
2847.22412109375
2889.78466796875
2923.96337890625
2949.501220703125
2966.458251953125
2974.878662109375
2975.26220703125
2968.49169921875
2955.45166015625
2936.353759765625
2911.961669921875
2883.34765625
2851.266845703125
2834.023681640625
2815.738037109375
2776.22607421875
2733.712890625
2688.11669921875
2638.688232421875
2586.99462890625
2533.300537109375
2477.731689453125
2420.831787109375
2362.951416015625
2304.54052734375
2246.16064453125
2188.100830078125
2130.555908203125
2072.298095703125
2014.4974365234375
1957.8477783203125
1902.211669921875
1847.7132568359375
1794.4112548828125
1742.2696533203125
1691.45166015625
1642.3115234375
1595.142333984375
1549.8218994140625
