2057.32080078125
2022.214111328125
2041.367431640625
2034.5355224609375
2059.93310546875
2064.646484375
2096.154052734375
2130.16552734375
2152.6875
2173.440185546875
2174.78759765625
2174.434326171875
2175.611328125
2175.278076171875
2176.26318359375
2179.126953125
2179.89501953125
2182.496826171875
2188.0615234375
2196.869140625
2208.249755859375
2238.157470703125
2276.605224609375
2322.06201171875
2383.787841796875
2457.25634765625
2543.697998046875
2642.39404296875
2748.408935546875
2859.954833984375
2976.715576171875
3099.214111328125
125.37963104248047
133.677490234375
135.1122589111328
133.31094360351562
130.6590118408203
128.3927001953125
2400.48779296875
2747.812255859375
3032.609619140625
3274.880615234375
3491.381103515625
3688.21337890625
3870.60302734375
4042.7490234375
4207.44970703125
4367.119140625
4522.115234375
4677.31005859375
4834.46826171875
5012.64013671875
5194.23974609375
5380.908203125
5564.61083984375
5746.4990234375
5927.68359375
6109.16455078125
6290.63818359375
6460.169921875
6622.97802734375
6780.72802734375
6925.15576171875
7068.3896484375
7186.72216796875
7283.2841796875
7364.1240234375
7433.75634765625
7506.80615234375
7598.63916015625
7714.94677734375
7788.9638671875
7864.27685546875
7949.11962890625
7635.939453125
7347.39306640625
7077.2060546875
6821.67041015625
6581.25
6342.951171875
6101.80224609375
5875.73388671875
5622.24169921875
5385.0263671875
5153.5615234375
4922.58984375
4692.689453125
4459.60791015625
4239.75341796875
4063.3056640625
3878.814208984375
3671.5693359375
