2069.3115234375
2038.4432373046875
2008.349365234375
2015.4708251953125
2070.748779296875
2059.141845703125
2046.3614501953125
2071.454345703125
2110.08935546875
2153.885498046875
2190.357421875
2230.655029296875
2264.873291015625
2299.478759765625
2340.153076171875
2384.458984375
2432.489990234375
2483.611083984375
2540.65380859375
2610.430908203125
2695.883544921875
2796.099365234375
2910.69970703125
3038.60693359375
3177.751708984375
3324.795654296875
3479.389404296875
3641.091064453125
3807.58154296875
3979.62060546875
4157.67626953125
4342.3681640625
141.09237670898438
129.87937927246094
132.5994415283203
136.82662963867188
141.2100372314453
145.4300994873047
4062.88818359375
4590.6171875
4835.42578125
4993.77685546875
5134.9306640625
5282.263671875
5443.6689453125
5620.72900390625
5826.04345703125
6076.56005859375
6339.34814453125
6613.2978515625
6753.72509765625
6904.0830078125
7220.1826171875
7575.0244140625
7934.86328125
8310.150390625
8688.9208984375
9043.6357421875
9274.7421875
9143.328125
9026.763671875
8912.2939453125
8793.271484375
8665.615234375
8528.34375
8382.328125
8311.7626953125
8230.2490234375
8070.56884765625
7907.40576171875
7743.72314453125
7580.7451171875
7418.18310546875
7255.6005859375
7093.4443359375
6930.748046875
6766.56689453125
6601.4423828125
6436.6005859375
6273.04638671875
6110.849609375
5950.474609375
5792.2978515625
5637.02197265625
5485.5234375
5338.77783203125
5197.17236328125
5058.95361328125
4926.54345703125
4799.39892578125
4676.77978515625
4558.35205078125
4443.490234375
4331.4755859375
