2065.6318359375
2034.4361572265625
2010.7080078125
2031.2734375
2053.043212890625
2044.3953857421875
2050.771728515625
2064.64697265625
2074.800048828125
2100.1513671875
2133.1767578125
2169.22119140625
2200.958740234375
2235.641845703125
2276.52880859375
2320.958984375
2366.725830078125
2420.224365234375
2495.751708984375
2594.598876953125
2712.04052734375
2845.22021484375
2991.616943359375
3148.65625
3312.03369140625
3479.642578125
3651.889892578125
3825.69091796875
4000.9140625
4179.2646484375
4360.82421875
4545.85107421875
190.53501892089844
183.9642791748047
184.7268524169922
186.52630615234375
188.4053955078125
190.19407653808594
4316.39501953125
4627.16650390625
4790.80908203125
4940.416015625
5107.13623046875
5293.52587890625
5494.5634765625
5707.51513671875
5936.36669921875
6177.4921875
6451.78076171875
6733.17919921875
7027.978515625
7352.04736328125
7690.962890625
8039.166015625
8397.11328125
8749.16796875
9098.7587890625
9133.4267578125
9022.21484375
8915.3642578125
8808.119140625
8697.8330078125
8578.220703125
8448.400390625
8309.5517578125
8162.67041015625
8009.1982421875
7849.8671875
7685.17041015625
7515.39404296875
7342.41748046875
7167.15771484375
6990.44287109375
6811.1142578125
6630.8701171875
6450.60986328125
6270.9921875
6094.87255859375
5924.51904296875
5758.06591796875
5596.07958984375
5439.18896484375
5286.73046875
5139.06396484375
4995.46435546875
4855.9306640625
4720.10009765625
4587.9814453125
4459.59521484375
4334.76708984375
4213.3994140625
4095.419921875
