2060.63427734375
2038.3251953125
2016.9881591796875
2012.5634765625
2035.35986328125
2037.31494140625
2044.9742431640625
2037.179931640625
2044.19189453125
2069.86328125
2106.499755859375
2152.1708984375
2201.743896484375
2259.59326171875
2319.7216796875
2394.49267578125
2489.9443359375
2600.43505859375
2725.552490234375
2866.187744140625
3021.787353515625
3192.56005859375
3381.001708984375
3585.70068359375
3805.312744140625
4039.205322265625
4287.06298828125
4547.921875
4819.61962890625
5105.97119140625
5405.8046875
5714.9111328125
253.3477783203125
247.90985107421875
250.50799560546875
253.51791381835938
256.5239562988281
259.746826171875
6057.11474609375
6821.4765625
7405.70166015625
7965.0146484375
8562.525390625
9224.087890625
9907.62890625
10556.6611328125
11184.7568359375
11784.873046875
12349.3603515625
12896.5
13443.2734375
14001.9326171875
14285.5283203125
14572.853515625
15167.625
15786.0439453125
16423.095703125
17075.150390625
17740.208984375
18415.09765625
19095.41015625
19276.59765625
18991.7890625
18725.869140625
18457.97265625
18183.142578125
17899.1328125
17605.671875
17303.658203125
16993.4453125
16676.26171875
16352.4130859375
16019.4833984375
15679.4130859375
15336.1220703125
14991.017578125
14643.6806640625
14444.0400390625
14293.9111328125
13943.72265625
13593.396484375
13245.201171875
12901.568359375
12564.39453125
12232.388671875
11905.2099609375
11576.818359375
11260.771484375
10955.16796875
10658.8134765625
10369.6884765625
10088.912109375
9817.900390625
9555.5048828125
