2056.7705078125
2021.3931884765625
2041.84033203125
2037.276123046875
2057.814208984375
2065.403564453125
2099.152099609375
2132.815185546875
2154.065673828125
2172.097900390625
2172.796630859375
2173.923583984375
2174.021484375
2172.44287109375
2173.680419921875
2175.81591796875
2177.162109375
2180.23095703125
2186.042724609375
2195.76123046875
2210.19970703125
2242.787353515625
2283.001708984375
2332.609130859375
2396.057373046875
2470.927001953125
2559.70068359375
2660.652099609375
2767.3251953125
2880.251708984375
2997.738525390625
3121.571533203125
124.98914337158203
133.30111694335938
134.84408569335938
133.07272338867188
130.61744689941406
128.48873901367188
2436.8916015625
2787.527587890625
3074.593017578125
3318.217041015625
3535.770263671875
3733.969482421875
3918.26416015625
4092.987548828125
4262.47900390625
4426.3837890625
4588.455078125
4751.82568359375
4926.775390625
5119.91162109375
5317.6728515625
5511.58349609375
5697.98095703125
5887.15283203125
6074.5634765625
6258.90185546875
6442.0
6620.63232421875
6783.25244140625
6935.408203125
7075.6328125
7206.23828125
7304.21630859375
7383.1416015625
7450.05712890625
7516.4267578125
7587.52587890625
7675.51611328125
7793.4482421875
7909.8125
7984.1865234375
7718.77587890625
7420.638671875
7149.24560546875
6889.98828125
6645.291015625
6406.93798828125
6170.34716796875
5929.5068359375
5696.958984375
5455.0380859375
5230.58837890625
5008.0634765625
4785.12109375
4559.2548828125
4332.2578125
4118.47021484375
3943.450439453125
3761.11376953125
3559.4248046875
