2077.9990234375
2050.86328125
2026.504638671875
2034.6566162109375
2033.1861572265625
2022.5997314453125
2019.7332763671875
2026.0318603515625
2036.161376953125
2035.754638671875
2041.1646728515625
2062.20361328125
2086.41943359375
2106.516357421875
2136.66552734375
2176.7421875
2218.168701171875
2267.086181640625
2338.083740234375
2431.50146484375
2542.596923828125
2666.830322265625
2801.90576171875
2948.431640625
3106.672607421875
3275.13623046875
3453.869384765625
3641.377197265625
3839.205078125
4047.6875
4267.8251953125
4500.0888671875
210.83338928222656
216.8999786376953
219.66175842285156
219.39401245117188
218.28872680664062
217.32803344726562
4643.107421875
4947.04638671875
5148.22216796875
5362.42431640625
5602.7958984375
5884.61328125
6185.39306640625
6507.5498046875
6856.56884765625
7262.32421875
7693.595703125
8149.23828125
8615.6064453125
9094.9619140625
9589.5087890625
10091.103515625
10605.0595703125
11104.71484375
11591.681640625
12058.484375
12508.3994140625
12930.1806640625
13326.6630859375
13700.791015625
14051.119140625
14381.537109375
14689.7275390625
14974.99609375
15244.3837890625
15477.1767578125
15679.431640625
15852.8759765625
16005.2646484375
16128.736328125
16222.67578125
16287.91796875
16326.3603515625
16336.927734375
15875.9892578125
15301.8994140625
14773.607421875
14274.083984375
13797.1064453125
13339.3564453125
12898.7509765625
12474.4775390625
12065.1611328125
11670.2529296875
11289.0244140625
10921.208984375
10564.7275390625
10219.2841796875
9884.826171875
9560.8671875
