2073.69921875
2042.5333251953125
2006.6602783203125
2029.62158203125
2040.4940185546875
2058.082763671875
2068.4921875
2074.27734375
2082.68359375
2098.535400390625
2115.057373046875
2128.35107421875
2151.345947265625
2172.360107421875
2188.394287109375
2199.08447265625
2208.9951171875
2222.03662109375
2241.8857421875
2270.863525390625
2307.029052734375
2350.57861328125
2403.87109375
2469.34521484375
2542.9150390625
2622.33935546875
2710.193603515625
2808.405029296875
2917.444580078125
3034.054443359375
3157.376220703125
3289.853515625
134.25021362304688
128.86875915527344
127.8142318725586
127.29151153564453
126.92858123779297
126.54747772216797
2618.210205078125
2990.9140625
3225.31396484375
3420.475830078125
3623.208251953125
3845.68798828125
4087.791015625
4344.9638671875
4612.64208984375
4889.369140625
5168.78173828125
5447.5751953125
5725.80908203125
5998.21875
6250.35986328125
6493.80517578125
6743.31494140625
6994.5751953125
7245.14794921875
7467.0380859375
7676.08935546875
7875.94921875
8061.513671875
8226.083984375
8373.923828125
8510.8076171875
8641.64453125
8767.828125
8886.72265625
9008.796875
9130.3818359375
9215.2001953125
9265.98046875
9296.8369140625
9317.4443359375
9330.9228515625
9341.4296875
9352.4775390625
9339.3134765625
9330.5908203125
9343.4365234375
9386.6611328125
9445.3779296875
9512.376953125
9123.248046875
8799.50390625
8507.69140625
8240.322265625
7988.7587890625
7743.7080078125
7507.5107421875
7278.72900390625
7060.798828125
6849.0205078125
