2044.708740234375
1998.3216552734375
2188.361083984375
2484.0146484375
2564.3349609375
2547.855224609375
2492.96923828125
2427.90234375
2363.737548828125
2312.0380859375
2276.9912109375
2258.687255859375
2253.036376953125
2259.1240234375
2269.615966796875
2283.837646484375
2305.1171875
2339.86376953125
2393.07568359375
2465.87158203125
2558.731689453125
2671.393310546875
2801.965576171875
2948.891357421875
3111.874755859375
3288.7080078125
3476.652587890625
3675.720703125
3884.39794921875
4102.03662109375
4324.30126953125
4553.14697265625
206.09422302246094
176.4341583251953
158.11190795898438
150.38076782226562
146.90245056152344
144.99473571777344
3732.36767578125
5240.44189453125
6116.12158203125
6465.85888671875
6352.37646484375
6304.15185546875
6317.08056640625
6364.685546875
6431.64501953125
6524.89013671875
6643.5263671875
6777.9658203125
6911.95166015625
7043.06982421875
7167.365234375
7285.33447265625
7397.85888671875
7497.6796875
7582.205078125
7651.28173828125
7705.93115234375
7744.45849609375
7766.35546875
7771.1806640625
7759.31298828125
7732.15283203125
7690.97216796875
7636.74755859375
7570.63818359375
7493.7646484375
7406.23095703125
7307.9169921875
7200.68212890625
7085.4833984375
6963.40234375
6835.43115234375
6702.92626953125
6566.64697265625
6427.93115234375
6287.63720703125
6146.7900390625
6005.72998046875
5865.26611328125
5725.6533203125
5587.10986328125
5449.9404296875
5314.34619140625
5180.921875
5049.88037109375
4921.28369140625
4795.216796875
4671.71923828125
4548.1435546875
4427.89208984375
