2049.90625
1987.01708984375
1416.9852294921875
1288.39599609375
1234.9022216796875
1183.8223876953125
1145.31787109375
1107.3616943359375
1088.51953125
1079.8221435546875
1063.841064453125
1044.3507080078125
1024.496337890625
1004.6957397460938
988.3729248046875
973.693115234375
959.476318359375
947.3305053710938
934.8589477539062
922.491455078125
909.7122802734375
897.3658447265625
885.8423461914062
875.61328125
868.1666259765625
860.6743774414062
852.6007080078125
844.4009399414062
836.3137817382812
828.2468872070312
820.4701538085938
812.9979248046875
119.43820190429688
120.17879486083984
120.47208404541016
120.66231536865234
120.86884307861328
121.08518981933594
918.9867553710938
757.56298828125
767.226318359375
784.2831420898438
780.5069580078125
766.369140625
750.0302124023438
742.9429931640625
747.7498168945312
751.47021484375
754.4515380859375
757.6773681640625
764.5087890625
775.8992919921875
794.3325805664062
815.8246459960938
836.2178955078125
857.3063354492188
881.8348388671875
909.4725341796875
940.93310546875
972.3793334960938
1004.1386108398438
1036.98095703125
1070.7208251953125
1104.4146728515625
1137.1922607421875
1168.6275634765625
1198.0885009765625
1224.93017578125
1248.7257080078125
1269.3621826171875
1286.9754638671875
1301.5250244140625
1312.838623046875
1321.298828125
1327.932861328125
1333.33935546875
1337.1732177734375
1339.342041015625
1339.8668212890625
1338.9232177734375
1336.646240234375
1333.2071533203125
1328.7081298828125
1323.4033203125
1317.3095703125
1310.3619384765625
1302.564208984375
1293.989990234375
1284.78662109375
1275.0238037109375
1264.7333984375
1253.85595703125
