2046.068359375
2003.9327392578125
2141.540771484375
2378.805419921875
2514.40576171875
2548.088134765625
2529.3818359375
2484.13427734375
2442.067138671875
2396.925537109375
2363.530029296875
2345.941162109375
2340.063232421875
2342.381103515625
2352.507080078125
2372.88232421875
2395.352294921875
2414.880126953125
2442.2890625
2492.2412109375
2568.750244140625
2671.920166015625
2799.763916015625
2950.546142578125
3123.36083984375
3318.331787109375
3532.466064453125
3765.40087890625
4018.206787109375
4288.873046875
4570.96044921875
4864.0048828125
191.4478302001953
166.9501190185547
160.823974609375
164.99179077148438
179.2364959716797
194.71786499023438
4779.798828125
6399.10693359375
7471.57080078125
7327.96875
7226.76220703125
7212.6591796875
7254.37158203125
7327.1455078125
7368.7734375
7417.06005859375
7530.322265625
7590.271484375
7652.310546875
7784.74853515625
7920.49462890625
8050.8505859375
8170.767578125
8278.8935546875
8374.2236328125
8455.47265625
8521.703125
8572.4111328125
8610.9345703125
8634.732421875
8642.10546875
8632.1025390625
8604.8642578125
8561.8291015625
8504.509765625
8434.9755859375
8354.9267578125
8264.181640625
8163.02880859375
8052.111328125
7933.55224609375
7808.60595703125
7677.82666015625
7542.6474609375
7405.7744140625
7267.71044921875
7127.85546875
6986.86474609375
6848.5380859375
6709.0810546875
6566.0439453125
6427.8173828125
6291.7685546875
6157.82421875
6026.1845703125
5896.443359375
5769.20166015625
5644.412109375
5522.40185546875
5403.5146484375
5287.95849609375
5175.73779296875
