2065.923583984375
2031.2362060546875
2067.896484375
2063.09765625
2050.06201171875
2040.540771484375
2036.248046875
2035.13330078125
2035.6295166015625
2035.954833984375
2042.7952880859375
2046.4267578125
2045.9049072265625
2052.44873046875
2058.506103515625
2072.358642578125
2078.658447265625
2086.628662109375
2097.7333984375
2114.380126953125
2136.41455078125
2162.297607421875
2190.68701171875
2231.48486328125
2278.17431640625
2337.40771484375
2415.87939453125
2504.1435546875
2622.864990234375
2784.1416015625
2978.199951171875
3130.355712890625
108.96207427978516
111.31292724609375
113.17971801757812
115.72101593017578
117.58533477783203
118.98494720458984
120.15250396728516
2001.93701171875
2565.710693359375
2801.739501953125
2772.969970703125
2706.9384765625
2696.803466796875
2774.236083984375
2826.473388671875
2876.691162109375
2930.591064453125
2972.3125
2995.04248046875
3002.572021484375
2997.365478515625
2986.1806640625
2966.29248046875
2926.012451171875
2884.38671875
2837.28515625
2784.84521484375
2724.035400390625
2660.908447265625
2594.781982421875
2533.216064453125
2478.037109375
2429.738037109375
2386.086669921875
2343.236572265625
2321.59033203125
2299.5029296875
2257.67822265625
2216.91748046875
2179.86083984375
2145.001953125
2111.986572265625
2080.808837890625
2050.1806640625
2018.6822509765625
1985.563720703125
1950.4599609375
1913.488037109375
1875.162353515625
1836.2203369140625
1796.7071533203125
1757.222412109375
1718.275634765625
1679.8895263671875
1642.2315673828125
1604.8734130859375
1567.617919921875
1530.5997314453125
1494.0687255859375
1458.2672119140625
1423.2769775390625
1389.0865478515625
