2072.99462890625
2038.3426513671875
2002.9796142578125
2061.414794921875
2077.54638671875
2068.969970703125
2063.662109375
2056.4794921875
2050.324462890625
2066.2763671875
2073.215087890625
2076.5390625
2092.058837890625
2104.82666015625
2114.0078125
2122.155029296875
2127.64599609375
2133.258544921875
2149.0966796875
2166.41357421875
2185.9716796875
2203.197021484375
2230.980224609375
2261.298828125
2292.262451171875
2324.82080078125
2360.71533203125
2408.5078125
2501.25439453125
2592.5087890625
2681.9375
2795.553466796875
106.81880187988281
108.11774444580078
109.27416229248047
110.1924819946289
110.9926528930664
111.73925018310547
1697.4241943359375
1946.0269775390625
2512.10986328125
3005.57373046875
3034.236572265625
2949.8896484375
2857.443115234375
2759.10595703125
2653.289306640625
2535.515380859375
2556.703125
2598.152099609375
2614.466064453125
2633.216064453125
2659.913818359375
2685.761962890625
2707.5361328125
2722.8056640625
2730.843505859375
2730.934814453125
2729.051025390625
2725.7314453125
2717.503662109375
2706.656494140625
2692.803466796875
2674.25732421875
2650.829345703125
2621.60302734375
2586.353515625
2546.03173828125
2504.034423828125
2463.85888671875
2425.993408203125
2389.61669921875
2353.89453125
2319.034912109375
2286.513427734375
2255.376953125
2225.86279296875
2198.142822265625
2171.80908203125
2147.173583984375
2124.3544921875
2102.999267578125
2082.115234375
2061.78125
2041.790283203125
2021.4215087890625
2000.339111328125
1978.5521240234375
1955.46484375
1930.7392578125
1904.491943359375
1877.184814453125
1849.2047119140625
