2085.0
2063.91259765625
2031.968994140625
2012.7845458984375
2062.662353515625
2068.234619140625
2081.101806640625
2074.52490234375
2069.82275390625
2068.993408203125
2072.96337890625
2074.8515625
2079.6201171875
2085.969482421875
2046.57275390625
2009.9775390625
1976.5499267578125
1943.910888671875
1914.098388671875
1893.4940185546875
1870.2640380859375
1846.5640869140625
1822.97314453125
1802.116455078125
1783.7750244140625
1764.9310302734375
1750.234130859375
1737.47119140625
1727.2008056640625
1715.9063720703125
1705.3309326171875
1696.272216796875
118.52216339111328
119.23798370361328
119.9949951171875
120.50260162353516
120.92681121826172
121.32675170898438
1788.2200927734375
1658.6002197265625
1715.8477783203125
1718.593505859375
1705.851318359375
1697.59765625
1694.44287109375
1692.77734375
1693.5489501953125
1698.50927734375
1720.0487060546875
1740.93798828125
1759.341552734375
1772.473876953125
1781.3046875
1817.837646484375
1854.59716796875
1889.4920654296875
1924.630615234375
1958.2615966796875
1990.6260986328125
2021.06201171875
2049.17333984375
2075.803466796875
2102.6337890625
2130.3017578125
2157.990234375
2184.656005859375
2209.929931640625
2233.82568359375
2255.9462890625
2275.822021484375
2293.432861328125
2308.916748046875
2322.303955078125
2333.438720703125
2341.724853515625
2346.842041015625
2348.498046875
2346.378662109375
2340.19873046875
2330.32470703125
2317.720458984375
2303.42138671875
2288.99072265625
2274.435302734375
2259.86474609375
2245.47119140625
2231.481689453125
2218.276611328125
2204.346923828125
2189.335693359375
2173.189208984375
2156.05322265625
