2081.022216796875
2054.83935546875
2021.7684326171875
2019.0633544921875
2060.71630859375
2071.40771484375
2066.228759765625
2069.59521484375
2083.514404296875
2101.02490234375
2132.142333984375
2145.6455078125
2155.2646484375
2177.70166015625
2201.363525390625
2221.12744140625
2234.073486328125
2244.4033203125
2256.484375
2278.504638671875
2297.314453125
2315.236083984375
2334.174560546875
2356.0869140625
2386.8359375
2433.62646484375
2509.678466796875
2598.119140625
2691.810546875
2787.139404296875
2888.97802734375
3007.952392578125
145.25689697265625
142.8497314453125
140.8607940673828
136.35494995117188
131.52220153808594
127.37915802001953
124.837646484375
2099.91943359375
2328.6318359375
2530.39990234375
2927.563232421875
3281.7880859375
3607.025634765625
3906.0283203125
4181.828125
4432.51708984375
4678.22705078125
4922.8017578125
5177.0009765625
5438.85009765625
5638.5859375
5861.2646484375
6117.517578125
6415.69189453125
6675.83740234375
6938.890625
7130.88037109375
7316.27099609375
7481.6640625
7646.59130859375
7814.16455078125
7963.1748046875
8055.68896484375
8099.52978515625
7438.58642578125
6994.1875
6621.125
6288.1630859375
5982.75732421875
5722.634765625
5469.53662109375
5216.62109375
4933.26025390625
4694.107421875
4552.14306640625
4411.37451171875
4268.2548828125
4125.81591796875
3981.6865234375
3835.77783203125
3698.8447265625
3574.156005859375
3466.36328125
3369.63623046875
3273.268310546875
3176.59130859375
3087.083740234375
3003.96435546875
2918.969970703125
2835.274658203125
2752.31005859375
2674.018310546875
