2062.85546875
2031.7991943359375
2023.720703125
2029.236083984375
2048.79541015625
2044.2342529296875
2055.2236328125
2061.4794921875
2084.368896484375
2106.533935546875
2146.800537109375
2181.528076171875
2216.911865234375
2258.5869140625
2303.988525390625
2350.926025390625
2411.258544921875
2501.766357421875
2619.518310546875
2756.807861328125
2909.823486328125
3074.80126953125
3248.234130859375
3426.4580078125
3609.440185546875
3795.367431640625
3983.696044921875
4175.87939453125
4372.18408203125
4573.12255859375
4778.53564453125
4988.96484375
222.1483612060547
216.06150817871094
215.44729614257812
215.95895385742188
217.0291290283203
218.4425506591797
4807.8779296875
5022.77587890625
5081.177734375
5215.7861328125
5386.84423828125
5593.5302734375
5825.82080078125
6072.865234375
6356.91162109375
6637.28955078125
6928.51708984375
7244.2734375
7585.4111328125
7937.01171875
8292.4482421875
8642.2255859375
8951.599609375
8819.203125
8697.4677734375
8576.158203125
8448.5078125
8310.578125
8162.4609375
8004.47509765625
7838.384765625
7666.98046875
7490.41796875
7308.900390625
7123.68212890625
6935.82666015625
6745.61279296875
6552.423828125
6357.56396484375
6162.982421875
5969.89208984375
5779.52294921875
5593.10986328125
5413.36376953125
5241.00537109375
5075.6953125
4917.146484375
4764.67822265625
4616.86328125
4474.470703125
4336.22119140625
4202.27294921875
4072.09912109375
3945.504150390625
3822.61572265625
3703.404052734375
3587.83056640625
3475.714599609375
3367.027099609375
3261.735107421875
3159.892822265625
