2077.027587890625
2049.250732421875
2025.5556640625
2042.76806640625
2030.3009033203125
2023.73046875
2020.44384765625
2035.4986572265625
2034.6634521484375
2031.8094482421875
2038.970703125
2069.6982421875
2090.39208984375
2113.9326171875
2152.767333984375
2196.736083984375
2249.037109375
2327.402587890625
2434.5244140625
2560.020263671875
2699.2900390625
2849.99365234375
3012.6611328125
3186.78515625
3371.471435546875
3566.7158203125
3773.338134765625
3991.966796875
4222.71630859375
4466.2041015625
4724.2177734375
4998.546875
243.35032653808594
248.34161376953125
247.5796661376953
245.2206268310547
243.42649841308594
242.74913024902344
5251.0126953125
5460.7265625
5516.7353515625
5697.150390625
5923.8330078125
6193.44189453125
6500.68798828125
6844.51806640625
7223.51220703125
7627.98583984375
8063.14306640625
8499.7216796875
8950.3984375
9419.9169921875
9890.943359375
10353.4921875
10815.849609375
11261.31640625
11677.9580078125
12062.4677734375
12412.3818359375
12733.373046875
13022.21875
13281.44921875
13512.1435546875
13715.619140625
13899.728515625
14049.6240234375
14171.08984375
14263.802734375
14324.0732421875
14354.0439453125
14356.810546875
14339.1796875
14298.787109375
14243.6357421875
14176.0361328125
13693.404296875
13159.8916015625
12668.814453125
12207.2685546875
11769.837890625
11353.8515625
10957.39453125
10578.49609375
10215.9287109375
9867.427734375
9531.6953125
9207.9951171875
8896.4853515625
8595.4658203125
8304.9306640625
8022.89111328125
7750.1630859375
7488.3505859375
