2085.447509765625
2060.818115234375
2029.4586181640625
2011.4915771484375
2028.439453125
2048.656494140625
2038.1671142578125
2027.635498046875
2030.7113037109375
2033.92138671875
2043.3306884765625
2061.01171875
2075.75732421875
2091.141845703125
2110.34814453125
2134.017578125
2160.752685546875
2184.469482421875
2211.4326171875
2244.91650390625
2294.26953125
2365.7548828125
2452.378662109375
2551.386474609375
2660.8017578125
2781.544677734375
2915.687255859375
3060.201416015625
3212.18994140625
3372.06396484375
3542.275146484375
3721.2333984375
150.3666534423828
136.14642333984375
134.6051483154297
135.28533935546875
136.1531982421875
136.7317352294922
3352.5810546875
3526.81396484375
3660.243408203125
3831.380859375
4041.49609375
4280.98828125
4540.8759765625
4813.25390625
5092.958984375
5386.49853515625
5692.27783203125
6006.9228515625
6336.3251953125
6642.13818359375
6941.9716796875
7240.9189453125
7511.31005859375
7742.42822265625
7938.34326171875
8105.865234375
8252.4140625
8372.955078125
8472.4462890625
8566.625
8649.8779296875
8713.353515625
8757.9267578125
8784.2529296875
8799.5263671875
8810.828125
8819.3212890625
8790.986328125
8768.8603515625
8743.130859375
8695.333984375
8673.103515625
8659.5
8655.5771484375
8647.84375
8622.623046875
8610.2353515625
8635.5556640625
8325.814453125
8008.39990234375
7717.2568359375
7441.5478515625
7177.482421875
6921.1279296875
6675.720703125
6438.30712890625
6205.9609375
5979.8291015625
5755.06005859375
5534.41943359375
5322.3076171875
