2082.529541015625
2057.52783203125
2029.3934326171875
2008.47314453125
2014.872802734375
2053.116943359375
2048.5537109375
2040.834716796875
2041.45263671875
2052.835205078125
2059.006103515625
2070.065185546875
2079.143310546875
2097.328125
2122.367919921875
2150.561767578125
2180.0
2219.873046875
2283.7822265625
2386.49072265625
2527.797607421875
2704.6279296875
2907.888916015625
3129.97900390625
3365.32861328125
3614.06396484375
3879.706787109375
4171.4228515625
4483.5478515625
4805.80615234375
5135.12451171875
5478.07958984375
271.683349609375
294.5881652832031
310.4181213378906
321.3093566894531
328.8255920410156
333.54327392578125
6161.96875
5947.93359375
5918.47314453125
6054.51904296875
6315.02734375
6662.1201171875
7075.05908203125
7579.55126953125
8088.77880859375
8632.3671875
9179.0751953125
9728.2451171875
10271.4912109375
10825.0400390625
11394.251953125
11974.7373046875
12554.6455078125
13131.7607421875
13713.455078125
14293.060546875
14843.2998046875
15358.505859375
15855.6572265625
16344.5400390625
16825.43359375
17289.34765625
17736.01171875
18161.4375
18564.318359375
18938.08984375
19288.880859375
19604.591796875
19877.37109375
20119.740234375
20307.13671875
20452.3046875
20554.94921875
20614.2109375
20635.37890625
20622.166015625
20582.60546875
20514.953125
20409.81640625
20265.640625
20086.3671875
19875.271484375
19074.53515625
18377.19140625
17729.1328125
17109.94140625
16511.955078125
15933.134765625
15373.5234375
14832.953125
