2043.736083984375
1873.3450927734375
1358.880615234375
1316.3436279296875
1261.9197998046875
1218.03515625
1186.0545654296875
1156.5023193359375
1135.2120361328125
1110.2822265625
1083.1334228515625
1056.3712158203125
1030.167236328125
1006.732177734375
988.8109741210938
968.3814697265625
946.91552734375
925.4840087890625
904.7843017578125
885.6396484375
874.0233154296875
863.70263671875
854.4976196289062
845.3267822265625
834.8765258789062
824.1456298828125
814.8829345703125
805.6642456054688
795.7459106445312
785.7595825195312
774.9281005859375
763.3193359375
117.28173065185547
117.74889373779297
118.15795135498047
118.49292755126953
118.7633056640625
119.03829956054688
827.8406372070312
703.7674560546875
740.7391357421875
742.8642578125
756.560791015625
758.8084106445312
761.0704345703125
764.3382568359375
768.764892578125
774.3746337890625
785.638427734375
799.8585205078125
816.6331176757812
838.77099609375
864.978759765625
893.00634765625
921.8585205078125
951.731689453125
983.326416015625
1016.0239868164062
1048.2220458984375
1077.872314453125
1103.8704833984375
1125.91259765625
1145.0198974609375
1162.1175537109375
1177.0640869140625
1189.1064453125
1197.65673828125
1202.4234619140625
1203.7296142578125
1202.81591796875
1200.4827880859375
1198.9842529296875
1196.9840087890625
1192.3463134765625
1187.4302978515625
1182.1644287109375
1176.3857421875
1169.676513671875
1161.833984375
1152.8470458984375
1142.6239013671875
1131.2745361328125
1118.780029296875
1105.220703125
1090.741455078125
1075.47998046875
1059.6807861328125
1043.48876953125
1027.0018310546875
1010.2971801757812
993.5029907226562
976.8038330078125
960.0665893554688
