2070.9130859375
2040.9127197265625
2002.32666015625
2060.764892578125
2120.083740234375
2149.66357421875
2198.544921875
2220.99169921875
2223.4716796875
2223.419921875
2236.887939453125
2264.715576171875
2291.597900390625
2306.051513671875
2311.10107421875
2312.972900390625
2315.69482421875
2321.7236328125
2331.1728515625
2344.98193359375
2362.82568359375
2380.25341796875
2400.806396484375
2425.7392578125
2455.436767578125
2493.765625
2544.25
2607.632080078125
2681.84375
2765.532470703125
2858.896728515625
2962.733154296875
126.76482391357422
125.17527770996094
124.49932098388672
124.25813293457031
124.08631896972656
123.98544311523438
2063.79248046875
2719.01708984375
3090.826904296875
3358.70263671875
3564.358642578125
3741.85595703125
3907.662841796875
4072.341796875
4241.951171875
4419.01806640625
4606.15478515625
4801.5966796875
5003.3466796875
5209.91259765625
5419.73291015625
5633.39453125
5866.880859375
6139.53271484375
6426.70654296875
6702.43212890625
6977.6591796875
7253.69580078125
7519.005859375
7775.3515625
8030.42529296875
8115.7490234375
8020.9384765625
7948.13037109375
7885.62890625
7855.56787109375
7824.9208984375
7764.10546875
7701.333984375
7633.1298828125
7557.96142578125
7476.5751953125
7389.63671875
7296.55029296875
7197.9404296875
7094.1826171875
6985.4501953125
6872.390625
6755.65869140625
6635.693359375
6512.8935546875
6387.189453125
6258.91455078125
6129.150390625
5998.544921875
5864.46728515625
5727.15966796875
5591.12744140625
5455.8466796875
5320.02099609375
5184.06884765625
