2015.4705810546875
1454.56689453125
1021.4282836914062
1052.2626953125
1055.882080078125
1030.71630859375
1001.7214965820312
961.2779541015625
955.8919677734375
954.8624267578125
952.81103515625
939.016845703125
928.435546875
904.2973022460938
889.94091796875
877.7489624023438
864.1026000976562
848.9132690429688
834.1340942382812
819.6866455078125
804.8855590820312
789.7160034179688
774.32763671875
759.4202270507812
744.8377685546875
729.6824340820312
715.4408569335938
702.7987060546875
691.5097045898438
681.2437133789062
671.53662109375
661.9970092773438
652.41552734375
642.6047973632812
632.5001831054688
622.0686645507812
611.2949829101562
600.0465087890625
107.58509063720703
110.4482192993164
112.19644165039062
113.44129943847656
114.40643310546875
115.21760559082031
525.4552612304688
601.4838256835938
587.9299926757812
558.5302124023438
541.0170288085938
543.85791015625
549.7020874023438
553.0433959960938
545.2894897460938
534.3151245117188
533.9364013671875
531.4476318359375
528.8121337890625
524.39794921875
515.6377563476562
506.0346374511719
496.2432861328125
486.4236145019531
476.5587158203125
466.3919372558594
455.9692687988281
445.6163330078125
435.0578308105469
424.4363098144531
413.8832092285156
403.5346984863281
393.4408264160156
383.667236328125
374.1618957519531
364.88995361328125
355.7276306152344
346.8916320800781
338.5274658203125
330.03192138671875
321.92156982421875
314.62445068359375
307.8202819824219
301.30706787109375
294.9429016113281
289.5894775390625
285.3553771972656
279.9586486816406
274.2218933105469
268.5405578613281
263.1152038574219
257.5658264160156
252.5870819091797
248.2049560546875
244.59307861328125
241.49586486816406
238.72145080566406
236.25733947753906
234.04713439941406
232.0299835205078
230.35084533691406
228.99212646484375
227.8966064453125
227.04051208496094
