2061.567626953125
2022.0950927734375
2041.6942138671875
2121.959716796875
2185.766845703125
2159.249755859375
2135.673583984375
2145.221435546875
2169.120361328125
2185.30810546875
2191.153076171875
2192.768798828125
2198.830078125
2209.064697265625
2219.355224609375
2229.537109375
2244.50341796875
2271.013427734375
2312.39453125
2369.099365234375
2432.962646484375
2503.388671875
2580.668212890625
2673.532470703125
2787.4658203125
2922.8134765625
3075.599853515625
3241.762939453125
3418.678955078125
3604.982421875
3800.523193359375
4005.12353515625
115.74710083007812
118.9162826538086
120.34150695800781
121.03921508789062
121.40392303466797
121.60597229003906
3880.593017578125
4446.5205078125
4621.41064453125
4731.05615234375
4861.68505859375
5028.9404296875
5235.61767578125
5485.17919921875
5767.37841796875
6078.96240234375
6418.39453125
6787.52880859375
7171.58154296875
7566.95263671875
7754.04736328125
7733.75244140625
7739.64404296875
7747.009765625
7755.6455078125
7746.24658203125
7717.7587890625
7673.69482421875
7610.953125
7532.18505859375
7420.34326171875
7296.16943359375
7160.53857421875
7015.75341796875
6860.04443359375
6695.4267578125
6525.07861328125
6351.26123046875
6175.9638671875
6000.16357421875
5823.06103515625
5645.25439453125
5467.67626953125
5290.6748046875
5114.6171875
4940.0703125
4767.8662109375
4599.11181640625
4434.1767578125
4273.25341796875
4116.3974609375
3963.831298828125
3816.21923828125
3673.767822265625
3536.33984375
3404.03759765625
3276.818115234375
3154.40771484375
3036.3603515625
2922.586181640625
