2060.35986328125
2020.1729736328125
2053.9287109375
2136.8115234375
2198.03466796875
2173.3515625
2155.614013671875
2177.392333984375
2190.063720703125
2200.848876953125
2199.53369140625
2207.741455078125
2215.894775390625
2222.469482421875
2228.562744140625
2236.507568359375
2256.224365234375
2289.7314453125
2338.234130859375
2393.9384765625
2451.785888671875
2515.331787109375
2589.919921875
2685.7763671875
2806.788330078125
2950.4775390625
3111.501708984375
3285.017822265625
3468.177490234375
3659.635009765625
3859.560302734375
4067.95703125
116.62020874023438
120.38610076904297
122.78926086425781
123.91075897216797
124.3338394165039
129.01510620117188
3966.100830078125
4531.21240234375
4747.5458984375
4877.58154296875
5006.33154296875
5163.583984375
5355.00146484375
5591.763671875
5839.25927734375
6128.89208984375
6439.990234375
6778.4677734375
7139.953125
7499.04541015625
7460.484375
7458.71826171875
7472.7080078125
7485.24560546875
7492.93212890625
7477.19873046875
7442.42138671875
7395.67919921875
7333.296875
7256.15625
7160.80078125
7040.27001953125
6911.55419921875
6774.435546875
6628.77587890625
6476.22119140625
6317.1943359375
6155.49267578125
5992.68115234375
5829.349609375
5665.42578125
5501.8896484375
5339.51025390625
5178.3828125
5019.37255859375
4862.98828125
4708.95361328125
4557.31494140625
4408.31591796875
4261.81201171875
4117.60009765625
3976.055908203125
3837.8330078125
3703.349853515625
3572.517333984375
3445.45263671875
3322.376708984375
3203.4501953125
3090.91162109375
2983.137451171875
