2046.163818359375
2149.697021484375
2076.16015625
2041.556884765625
2028.3375244140625
2030.129150390625
2033.3017578125
2031.0203857421875
2036.49755859375
2055.499755859375
2059.474609375
2071.040283203125
2084.3916015625
2089.0087890625
2094.814208984375
2114.12109375
2132.605224609375
2152.912109375
2175.464111328125
2200.690673828125
2236.878173828125
2277.083984375
2327.3046875
2383.26708984375
2451.764892578125
2535.29736328125
2629.000732421875
2734.666015625
2857.138671875
2996.52294921875
3148.8515625
3307.5771484375
117.5174789428711
127.13629913330078
132.94288635253906
131.0799102783203
128.7041778564453
126.93885040283203
2546.66552734375
2806.884765625
3095.66845703125
3386.5947265625
3681.115478515625
3978.647705078125
4284.0
4600.81591796875
4911.24462890625
4851.9375
4775.45068359375
4691.666015625
4594.41796875
4484.77490234375
4365.63671875
4240.0810546875
4110.80810546875
3982.135498046875
3858.599853515625
3742.113037109375
3615.5625
3481.10400390625
3352.6201171875
3234.30322265625
3123.601806640625
3004.08740234375
2893.876953125
2792.445556640625
2694.706298828125
2599.722900390625
2500.201171875
2392.13525390625
2280.992431640625
2170.1015625
2066.95751953125
1964.8919677734375
1864.45654296875
1769.2154541015625
1648.6512451171875
1497.16748046875
1360.671630859375
1189.870361328125
1014.9583740234375
916.9185791015625
856.9512329101562
823.7747192382812
796.1624145507812
771.039306640625
748.8861694335938
730.2904663085938
713.1859741210938
695.965576171875
678.8128051757812
662.2063598632812
