2053.292724609375
2016.05810546875
2047.9052734375
2064.70263671875
2079.7353515625
2095.530029296875
2120.165771484375
2131.687744140625
2138.38916015625
2131.908447265625
2130.218505859375
2129.47998046875
2129.748046875
2139.6611328125
2147.884033203125
2152.39013671875
2157.2197265625
2162.66552734375
2171.94140625
2189.4296875
2216.56884765625
2259.6435546875
2306.485595703125
2359.363037109375
2425.1044921875
2508.370849609375
2599.62939453125
2700.433349609375
2807.76416015625
2924.002197265625
3050.111572265625
3183.231201171875
125.34980010986328
135.02088928222656
137.0770721435547
136.45335388183594
135.36428833007812
134.35191345214844
2632.89208984375
2893.05126953125
3086.47705078125
3335.12841796875
3531.177001953125
3707.7978515625
3877.664794921875
4045.01904296875
4216.3095703125
4389.57421875
4565.7109375
4762.43603515625
4949.259765625
5136.89892578125
5317.0595703125
5492.345703125
5668.96826171875
5842.82958984375
6004.1474609375
6141.86376953125
6260.02294921875
6356.693359375
6436.744140625
6498.79248046875
6546.55810546875
6584.55126953125
6619.466796875
6651.5966796875
6683.94140625
6720.2421875
6767.03857421875
6822.49462890625
6879.044921875
6581.3271484375
6329.45654296875
6099.373046875
5884.2685546875
5683.0615234375
5494.73486328125
5312.7353515625
5137.5126953125
4976.73388671875
4822.8232421875
4667.3974609375
4505.28271484375
4343.13134765625
4164.6357421875
3919.14306640625
3657.991943359375
3384.8349609375
3216.28759765625
3084.9384765625
2960.654541015625
2838.134033203125
2718.90087890625
