2085.119384765625
2056.942626953125
2023.5810546875
2013.389892578125
2024.24072265625
2043.0899658203125
2045.165771484375
2052.807861328125
2058.93701171875
2065.576904296875
2078.46142578125
2087.386474609375
2103.292724609375
2131.204345703125
2155.709716796875
2175.145263671875
2189.433837890625
2203.8759765625
2215.25634765625
2233.849609375
2266.00830078125
2310.005859375
2371.358642578125
2439.72802734375
2519.3779296875
2607.654296875
2704.81982421875
2812.522705078125
2928.749267578125
3054.83642578125
3192.65478515625
3336.5146484375
144.62245178222656
139.66921997070312
138.60720825195312
137.13368225097656
135.46092224121094
133.9135284423828
2861.509521484375
3100.18505859375
3236.36865234375
3401.99755859375
3552.512939453125
3711.67138671875
3884.4462890625
4071.757568359375
4270.328125
4474.3486328125
4678.78466796875
4884.68994140625
5090.05029296875
5292.9755859375
5512.37939453125
5739.77001953125
5964.12255859375
6164.88818359375
6351.48193359375
6515.23681640625
6653.2314453125
6753.14013671875
6823.240234375
6873.4638671875
6912.7783203125
6947.28515625
6976.5869140625
7003.08203125
7027.4169921875
7039.1416015625
7039.92138671875
7055.90771484375
7049.38330078125
7038.353515625
7020.41015625
7088.22802734375
7007.98193359375
6671.8623046875
6356.13623046875
6066.84521484375
5794.21484375
5544.1064453125
5311.95556640625
5093.7626953125
4883.26318359375
4681.56982421875
4492.12646484375
4309.58447265625
4134.98974609375
3966.208740234375
3803.1181640625
3643.52880859375
3488.867919921875
3339.6220703125
3194.37353515625
