1818.90087890625
1307.744873046875
1018.6982421875
879.939453125
868.2091064453125
845.9281005859375
820.2520141601562
795.73681640625
781.091796875
765.8262939453125
749.0474243164062
731.2833251953125
713.1963500976562
695.3275756835938
677.7291870117188
660.2454833984375
642.6605224609375
625.19482421875
607.7760009765625
590.1547241210938
572.3387451171875
554.6049194335938
536.9011840820312
523.3742065429688
511.8027648925781
498.3335266113281
483.76055908203125
469.1462097167969
457.9150695800781
447.22271728515625
437.68829345703125
427.8240051269531
122.98622131347656
125.20652770996094
125.51335906982422
125.87875366210938
126.18595886230469
126.42262268066406
478.44915771484375
384.1335144042969
464.4979553222656
438.8079833984375
393.9617919921875
367.2738037109375
356.7989501953125
354.32879638671875
353.7825622558594
352.39056396484375
350.03778076171875
348.9098205566406
348.4043884277344
348.03411865234375
348.6782531738281
349.91094970703125
353.8395080566406
358.7938232421875
363.56610107421875
369.1092834472656
378.61016845703125
391.3733215332031
405.3195495605469
419.91644287109375
436.17138671875
454.91021728515625
476.2158203125
499.91290283203125
526.7689208984375
555.786376953125
585.4220581054688
613.6939697265625
639.3137817382812
661.7005004882812
680.8356323242188
697.1680297851562
711.6632690429688
724.9505004882812
737.4300537109375
749.2488403320312
760.6351928710938
771.4545288085938
781.1552124023438
789.498046875
796.359375
801.7056274414062
805.5809936523438
808.0489501953125
809.1578979492188
809.04296875
807.7718505859375
805.415771484375
802.031982421875
797.7280883789062
