2061.1904296875
2018.316650390625
2015.26513671875
2094.895751953125
2069.433349609375
2051.85595703125
2053.356201171875
2074.039306640625
2076.47314453125
2087.685302734375
2102.7626953125
2114.17236328125
2126.68603515625
2141.1923828125
2151.7080078125
2160.341064453125
2170.96044921875
2200.27001953125
2245.18408203125
2289.82958984375
2331.77978515625
2370.854736328125
2409.9111328125
2458.951171875
2527.882568359375
2617.662109375
2722.34375
2835.79248046875
2957.606689453125
3089.434814453125
3230.7548828125
3381.492431640625
116.33293914794922
118.19586181640625
119.02379608154297
119.55721282958984
119.9520492553711
120.26307678222656
2350.352783203125
3032.94140625
3433.125244140625
3727.568603515625
3989.447998046875
4251.30810546875
4515.0986328125
4793.94384765625
5075.65576171875
5076.923828125
4984.17333984375
4891.83203125
4803.06494140625
4728.05078125
4650.00146484375
4557.6689453125
4452.14453125
4338.025390625
4214.71142578125
4086.587158203125
3962.382080078125
3843.599853515625
3727.4111328125
3613.941650390625
3500.55859375
3388.9443359375
3279.719482421875
3172.040771484375
3064.781982421875
2959.760009765625
2857.572998046875
2756.247802734375
2654.4853515625
2553.2470703125
2452.30712890625
2353.31884765625
2265.4130859375
2186.04052734375
2113.933349609375
2048.782958984375
1989.23291015625
1935.317626953125
1884.920654296875
1836.7086181640625
1790.5567626953125
1746.1951904296875
1703.0792236328125
1661.145263671875
1621.3289794921875
1583.2784423828125
1544.534912109375
1505.9183349609375
1467.4608154296875
1429.8223876953125
