2062.30859375
2033.7939453125
2008.6898193359375
2028.700927734375
2056.15771484375
2093.894775390625
2109.51025390625
2119.468994140625
2137.39306640625
2150.045166015625
2174.409423828125
2205.834228515625
2245.496826171875
2280.697509765625
2310.767333984375
2338.4033203125
2361.98046875
2384.076904296875
2417.660888671875
2469.97021484375
2542.87060546875
2634.3564453125
2741.8896484375
2864.474365234375
2999.218505859375
3144.703125
3302.60107421875
3472.951416015625
3654.05908203125
3843.06494140625
4038.498291015625
4240.22802734375
143.9705047607422
132.43199157714844
129.9690704345703
129.92591857910156
130.42176818847656
130.8671875
3651.924560546875
4248.06298828125
4536.896484375
4731.556640625
4920.8876953125
5126.16845703125
5368.35302734375
5655.65625
5974.9365234375
6311.08203125
6661.13818359375
7003.2216796875
7346.8291015625
7673.29248046875
7974.3271484375
8250.275390625
8516.3076171875
8771.412109375
9000.9765625
9212.53515625
9404.1875
9572.02734375
9716.1708984375
9620.939453125
9285.5361328125
8983.2080078125
8694.083984375
8409.26171875
8127.6455078125
7846.0859375
7564.31787109375
7283.8642578125
7001.9609375
6722.76025390625
6449.15087890625
6180.619140625
5916.96337890625
5657.89599609375
5427.9423828125
5227.74462890625
5045.49951171875
4876.63037109375
4718.49169921875
4564.45263671875
4415.01220703125
4270.2109375
4128.75927734375
3994.68310546875
3869.70166015625
3752.281494140625
3640.216796875
3531.884521484375
3426.768310546875
3326.538818359375
