2042.722900390625
1994.26025390625
2208.24462890625
2492.420166015625
2545.22607421875
2519.938720703125
2466.5927734375
2403.14599609375
2345.33203125
2299.511962890625
2271.32275390625
2258.3046875
2257.064453125
2265.232421875
2280.28564453125
2307.114013671875
2354.25634765625
2428.213623046875
2529.412109375
2655.040283203125
2802.257568359375
2967.8330078125
3149.861572265625
3347.626220703125
3556.78955078125
3777.44140625
4008.6435546875
4248.6767578125
4495.0029296875
4751.251953125
5014.615234375
5285.8330078125
237.50819396972656
195.5337371826172
171.7565155029297
161.64129638671875
169.1730499267578
183.91893005371094
5107.76953125
6453.533203125
6918.4365234375
6859.4287109375
6869.4970703125
6904.291015625
6981.673828125
7092.0263671875
7211.607421875
7330.6591796875
7448.03955078125
7564.13232421875
7677.1796875
7777.435546875
7862.31884765625
7931.994140625
7985.39599609375
8020.5166015625
8036.9228515625
8034.00537109375
8012.26318359375
7973.43408203125
7919.3173828125
7851.033203125
7770.44287109375
7678.064453125
7573.39208984375
7457.935546875
7333.43408203125
7201.4033203125
7063.28125
6920.08349609375
6773.47412109375
6624.6201171875
6474.59521484375
6323.66796875
6172.626953125
6022.0771484375
5871.91064453125
5722.74072265625
5575.0673828125
5429.70166015625
5287.05908203125
5143.728515625
5003.14794921875
4868.01171875
4736.2490234375
4607.853515625
4483.0146484375
4361.533203125
4243.06591796875
4127.99951171875
4016.538818359375
3908.6669921875
