2044.4149169921875
2020.788330078125
2084.914306640625
2054.892822265625
2039.4232177734375
2038.037353515625
2035.4580078125
2038.6435546875
2035.62353515625
2031.41162109375
2027.8812255859375
2027.841796875
2036.5440673828125
2035.8021240234375
2046.3609619140625
2061.40673828125
2075.998046875
2087.421630859375
2100.380615234375
2113.314208984375
2132.638427734375
2161.6767578125
2211.5673828125
2273.78564453125
2352.01806640625
2448.15771484375
2556.766357421875
2683.367919921875
2833.037109375
2999.859619140625
3179.339111328125
3364.216552734375
129.46165466308594
155.13204956054688
159.81564331054688
158.06143188476562
154.2930908203125
149.96395874023438
2814.75830078125
2905.03369140625
3103.279052734375
3365.23486328125
3664.18505859375
3981.093017578125
4309.77392578125
4649.38037109375
5009.30224609375
5372.76904296875
5432.5732421875
5361.63525390625
5282.86962890625
5196.10693359375
5100.46484375
4999.46923828125
4892.91162109375
4780.8779296875
4683.54345703125
4591.67041015625
4490.576171875
4376.35205078125
4258.955078125
4143.76220703125
4028.717041015625
3913.995849609375
3801.072509765625
3686.56982421875
3572.5859375
3455.134521484375
3339.210205078125
3225.933349609375
3123.32275390625
3029.56982421875
2937.92236328125
2841.394287109375
2748.119384765625
2658.974853515625
2569.205810546875
2477.638671875
2386.6455078125
2288.48681640625
2187.587646484375
2097.144775390625
2012.2803955078125
1939.029541015625
1869.6226806640625
1799.4561767578125
1730.093994140625
1643.0152587890625
1542.853515625
1440.4814453125
1338.093017578125
1243.995849609375
