2058.572021484375
2023.70458984375
2035.9495849609375
2049.783447265625
2073.500732421875
2077.633544921875
2091.48974609375
2111.892578125
2124.943115234375
2136.880126953125
2140.648193359375
2136.132568359375
2131.75927734375
2132.486328125
2134.14013671875
2135.984375
2144.106201171875
2153.475830078125
2159.6015625
2163.34765625
2167.998046875
2174.45703125
2183.39453125
2195.22900390625
2216.65869140625
2245.171630859375
2284.1865234375
2325.699462890625
2370.818359375
2424.569091796875
2491.266357421875
2563.20263671875
121.34286499023438
123.50008392333984
124.05094909667969
124.37672424316406
124.60953521728516
124.80227661132812
1953.493408203125
2326.347900390625
2583.771484375
2787.832763671875
2948.954833984375
3087.689697265625
3215.181640625
3335.193359375
3450.957275390625
3565.78466796875
3680.947021484375
3795.83056640625
3909.8125
4024.205322265625
4140.828125
4256.90576171875
4374.08203125
4493.8701171875
4633.47607421875
4766.42236328125
4902.083984375
5037.8203125
5173.9912109375
5313.9931640625
5455.92822265625
5594.77880859375
5729.07861328125
5860.1396484375
5986.95361328125
6089.876953125
6174.31591796875
6243.54638671875
6300.18798828125
6345.08935546875
6379.013671875
6406.8544921875
6433.09375
6460.75634765625
6490.076171875
6518.3037109375
6555.2099609375
6595.2275390625
6635.3154296875
6673.12353515625
6715.11865234375
6755.35107421875
6503.33203125
6288.39404296875
6099.6318359375
5922.3173828125
5748.36767578125
5588.9921875
5441.62744140625
5303.42431640625
