2085.08740234375
2063.5048828125
2032.867431640625
2008.760009765625
2025.6566162109375
2025.006103515625
2043.5196533203125
2043.5621337890625
2047.285400390625
2058.018798828125
2062.7978515625
2066.152587890625
2076.21826171875
2084.3828125
2093.513427734375
2107.517822265625
2132.2822265625
2154.709716796875
2173.515380859375
2188.51513671875
2201.2783203125
2216.187255859375
2227.405517578125
2241.07958984375
2264.1044921875
2295.9814453125
2337.987548828125
2390.8125
2448.484130859375
2512.503662109375
2582.934814453125
2657.357421875
123.32476806640625
124.92129516601562
125.79974365234375
126.35920715332031
126.74285125732422
127.00604248046875
1984.022705078125
2432.539794921875
2679.109619140625
2848.607666015625
2989.947509765625
3123.447021484375
3255.736328125
3387.77880859375
3520.573974609375
3655.295654296875
3791.155517578125
3927.119140625
4062.4013671875
4197.25244140625
4331.79052734375
4465.4140625
4596.86181640625
4726.6962890625
4858.17626953125
4991.625
5127.904296875
5267.06298828125
5415.33740234375
5564.55908203125
5717.63525390625
5858.96630859375
5994.73486328125
6129.45947265625
6254.0419921875
6364.291015625
6456.04541015625
6527.00146484375
6577.78564453125
6618.32568359375
6652.62060546875
6683.466796875
6713.529296875
6742.27392578125
6769.11669921875
6787.63037109375
6796.14892578125
6802.33740234375
6817.86572265625
6822.92919921875
6820.39306640625
6824.9296875
6814.0576171875
6814.46728515625
6874.205078125
6935.48486328125
6887.71337890625
6606.4072265625
6347.9775390625
6114.7900390625
