2036.3330078125
2255.020263671875
2429.08349609375
2324.21826171875
2303.2548828125
2269.1201171875
2234.705078125
2191.873779296875
2161.688232421875
2149.767333984375
2150.342041015625
2153.1591796875
2178.658935546875
2212.852783203125
2248.070556640625
2278.283935546875
2300.728271484375
2320.067626953125
2337.312255859375
2354.986083984375
2375.361328125
2398.66015625
2422.076171875
2446.928466796875
2478.37841796875
2521.336669921875
2579.17529296875
2650.55029296875
2735.130615234375
2832.1572265625
2939.56201171875
3055.09814453125
110.18671417236328
107.41545867919922
107.615478515625
106.97821044921875
107.43665313720703
107.91328430175781
1814.967041015625
2787.3759765625
3224.595458984375
3459.545166015625
3618.695068359375
3752.84619140625
3884.111328125
3960.974853515625
3962.5546875
3983.95751953125
4013.250732421875
4045.600341796875
4078.09326171875
4110.3837890625
4143.3798828125
4172.2587890625
4210.08935546875
4247.1953125
4283.171875
4312.6884765625
4336.02099609375
4355.61474609375
4371.5478515625
4385.53759765625
4407.7275390625
4419.74169921875
4425.10205078125
4429.5009765625
4425.322265625
4412.93603515625
4392.27734375
4362.646484375
4325.78857421875
4283.18701171875
4232.8720703125
4178.0068359375
4115.6396484375
4047.259521484375
3974.512939453125
3937.174072265625
3898.7294921875
3818.651611328125
3735.7880859375
3650.615234375
3563.619140625
3475.043701171875
3385.508056640625
3295.642578125
3205.983154296875
3116.938720703125
3028.688232421875
2941.529296875
2898.36328125
2855.46533203125
2770.75390625
2688.076171875
