2059.318603515625
2036.4232177734375
2014.340087890625
2028.336181640625
2022.65771484375
2017.339111328125
2044.54931640625
2057.7763671875
2058.546142578125
2069.8408203125
2085.662353515625
2103.033935546875
2138.7021484375
2186.129150390625
2240.02880859375
2298.115966796875
2372.270751953125
2468.674072265625
2581.001953125
2704.445556640625
2836.34033203125
2976.828369140625
3127.006591796875
3287.089111328125
3457.552490234375
3638.28076171875
3830.128173828125
4033.24267578125
4246.97314453125
4470.86474609375
4704.10205078125
4945.6953125
209.78570556640625
207.46725463867188
211.42977905273438
216.4303741455078
222.0906524658203
228.36563110351562
5531.068359375
6074.05126953125
6386.427734375
6658.61669921875
6932.93310546875
7222.060546875
7537.99609375
7878.10693359375
8267.005859375
8666.1767578125
9051.5849609375
9454.6552734375
9889.796875
10361.0322265625
10874.068359375
11421.54296875
11990.3271484375
12569.1845703125
13155.29296875
13758.0546875
14371.916015625
14994.201171875
15625.0322265625
16267.18359375
16923.486328125
17590.818359375
18263.953125
18939.111328125
19616.896484375
19463.85546875
19268.150390625
19076.92578125
18879.705078125
18672.888671875
18455.05078125
18225.87890625
17985.298828125
17734.4375
17473.033203125
17201.341796875
16920.783203125
16631.544921875
16334.396484375
16031.53515625
15724.671875
15415.1689453125
15102.4873046875
14790.7548828125
14479.037109375
14162.6044921875
13840.0439453125
13530.69140625
13227.052734375
12928.048828125
