2085.0
2063.4013671875
2031.5836181640625
2025.140869140625
2057.645263671875
2065.274169921875
2081.12890625
2075.43896484375
2071.677978515625
2072.802490234375
2075.7275390625
2075.75244140625
2083.156005859375
2081.64794921875
2044.3331298828125
2008.2802734375
1973.499267578125
1940.0762939453125
1910.4984130859375
1889.176513671875
1864.6959228515625
1840.2882080078125
1817.4732666015625
1796.8599853515625
1778.33837890625
1760.49267578125
1746.6954345703125
1733.925537109375
1722.3956298828125
1710.41552734375
1700.2510986328125
1690.658447265625
118.76148223876953
119.5544204711914
120.392578125
120.95813751220703
121.44071960449219
121.88956451416016
1779.308349609375
1644.4010009765625
1709.404296875
1711.354736328125
1698.3175048828125
1690.3541259765625
1687.69140625
1686.597412109375
1688.0853271484375
1692.9461669921875
1714.5455322265625
1736.0477294921875
1754.6075439453125
1768.1055908203125
1777.1873779296875
1809.9229736328125
1846.0863037109375
1880.634521484375
1915.2559814453125
1948.76416015625
1980.96142578125
2010.908935546875
2038.4188232421875
2064.358154296875
2090.5693359375
2117.87548828125
2145.477294921875
2172.2099609375
2197.666259765625
2221.57568359375
2243.624755859375
2263.4912109375
2281.199951171875
2296.80419921875
2310.304931640625
2321.549072265625
2329.93701171875
2335.0068359375
2336.7607421875
2334.702392578125
2328.343994140625
2318.17626953125
2305.12548828125
2290.37646484375
2275.53466796875
2260.5634765625
2245.707763671875
2231.067138671875
2216.54248046875
2203.09912109375
2189.075439453125
2174.053955078125
2157.8994140625
2140.76953125
