2041.228759765625
2062.10302734375
2074.85546875
2050.472900390625
2043.1962890625
2039.974609375
2037.916748046875
2034.4395751953125
2033.1397705078125
2032.0826416015625
2027.728271484375
2025.50048828125
2030.951904296875
2028.664794921875
2037.01513671875
2051.196044921875
2066.657470703125
2078.261474609375
2091.86181640625
2102.049560546875
2116.272705078125
2139.179931640625
2175.151123046875
2232.0576171875
2294.27685546875
2374.83251953125
2470.9580078125
2579.465576171875
2707.79541015625
2857.662841796875
3022.977294921875
3198.52587890625
141.0799560546875
154.51312255859375
156.99270629882812
155.51927185058594
152.51829528808594
148.7722930908203
144.8734588623047
2678.682373046875
2802.775146484375
3000.5029296875
3254.92431640625
3543.387939453125
3848.835693359375
4158.953125
4471.7197265625
4794.19970703125
5131.728515625
5466.525390625
5452.8818359375
5379.95361328125
5302.70068359375
5215.962890625
5120.73681640625
5019.85302734375
4914.37548828125
4804.787109375
4710.31591796875
4621.69140625
4524.8154296875
4417.77392578125
4303.43798828125
4187.662109375
4074.484619140625
3962.8544921875
3852.344482421875
3742.56201171875
3630.766357421875
3517.828857421875
3404.878173828125
3288.263916015625
3177.624755859375
3077.7919921875
2982.836669921875
2889.2470703125
2798.139404296875
2702.982177734375
2604.0244140625
2483.084716796875
2372.017578125
2266.97119140625
2175.1767578125
2086.1669921875
1971.296142578125
1820.045166015625
1669.01708984375
1533.3873291015625
1433.5047607421875
1356.341552734375
1295.5743408203125
1235.6741943359375
1177.5882568359375
