2085.090576171875
2064.356201171875
2033.8575439453125
2009.583740234375
2018.547119140625
2026.1053466796875
2046.14404296875
2040.0504150390625
2045.2054443359375
2056.3095703125
2064.35595703125
2066.98876953125
2078.219970703125
2088.690673828125
2096.9580078125
2107.468505859375
2129.5361328125
2152.2177734375
2170.647705078125
2186.287353515625
2199.131103515625
2213.888427734375
2225.98291015625
2236.074951171875
2254.073974609375
2282.519287109375
2318.4033203125
2365.960205078125
2421.668701171875
2481.892333984375
2548.659423828125
2620.27978515625
123.54590606689453
125.17339324951172
126.08293914794922
126.66414642333984
127.0477294921875
127.26973724365234
1935.7344970703125
2369.090087890625
2635.47265625
2810.466796875
2948.764892578125
3076.196533203125
3203.37109375
3331.382080078125
3460.231201171875
3590.73974609375
3723.220458984375
3855.966796875
3988.3310546875
4119.548828125
4249.73291015625
4379.43603515625
4507.7861328125
4634.2587890625
4759.29443359375
4885.912109375
5015.3408203125
5147.1796875
5281.767578125
5425.62109375
5569.5849609375
5718.31298828125
5857.537109375
5991.32958984375
6123.990234375
6248.38720703125
6360.642578125
6457.07275390625
6533.21240234375
6587.13818359375
6629.1865234375
6663.45458984375
6692.48779296875
6719.7578125
6746.22607421875
6774.22412109375
6799.58984375
6812.8955078125
6818.97607421875
6823.67724609375
6832.7294921875
6840.98828125
6840.04638671875
6834.48095703125
6830.2890625
6827.9404296875
6822.16455078125
6877.78515625
6912.7939453125
6795.81982421875
6541.94189453125
