2042.068603515625
1993.47900390625
2210.163330078125
2482.6845703125
2544.010498046875
2526.848388671875
2476.33447265625
2414.9658203125
2357.18701171875
2310.384521484375
2279.05224609375
2261.802734375
2257.38818359375
2262.731201171875
2274.8232421875
2301.181884765625
2349.89599609375
2426.66259765625
2531.22119140625
2660.15478515625
2810.244873046875
2978.56640625
3163.704345703125
3364.58154296875
3577.287841796875
3801.832763671875
4037.73974609375
4282.0263671875
4533.8505859375
4795.521484375
5064.103515625
5341.869140625
250.72462463378906
216.86163330078125
196.99169921875
176.79425048828125
180.4838104248047
190.646240234375
202.26881408691406
5208.97216796875
6509.0888671875
6962.43798828125
6913.51123046875
6933.96630859375
6979.9423828125
7072.50537109375
7190.25048828125
7311.62109375
7430.96435546875
7547.55517578125
7663.62451171875
7772.125
7865.5673828125
7944.35693359375
8006.85205078125
8052.69580078125
8080.26611328125
8089.171875
8078.8876953125
8050.42626953125
8005.65625
7945.8447265625
7872.43994140625
7786.57177734375
7688.71728515625
7578.09619140625
7457.212890625
7327.54150390625
7190.6953125
7047.78076171875
6900.39453125
6750.0595703125
6598.17529296875
6444.96435546875
6291.234375
6137.8583984375
5984.50244140625
5832.5234375
5682.0048828125
5533.47900390625
5387.2724609375
5241.23779296875
5096.96337890625
4958.158203125
4823.34033203125
4692.0087890625
4563.70556640625
4439.3076171875
4317.82080078125
4199.94677734375
4085.657958984375
3975.21826171875
3868.41015625
