2085.51513671875
2066.477783203125
2041.9207763671875
2023.13427734375
2010.7943115234375
2000.980712890625
1999.9703369140625
2025.7552490234375
2053.026611328125
2058.3359375
2058.751953125
2075.34228515625
2084.131591796875
2091.8134765625
2104.62060546875
2118.1787109375
2129.021484375
2142.568359375
2162.097412109375
2187.514404296875
2217.646240234375
2258.23388671875
2321.349365234375
2401.751220703125
2496.6806640625
2606.9267578125
2732.001708984375
2869.674072265625
3018.10400390625
3175.318115234375
3339.3974609375
3511.629150390625
148.22030639648438
144.03277587890625
155.46243286132812
168.07667541503906
179.5327606201172
189.5646209716797
3924.254150390625
3964.535888671875
3962.474609375
4028.419921875
4152.41357421875
4317.0029296875
4509.470703125
4723.8310546875
4956.99609375
5205.53271484375
5469.3974609375
5746.48046875
6037.06396484375
6339.47705078125
6652.68115234375
6831.66650390625
7015.8994140625
7395.748046875
7771.7236328125
8145.84912109375
8544.7119140625
8932.0322265625
9317.47265625
9701.2734375
10092.7744140625
10463.7421875
10819.267578125
11164.7265625
11501.95703125
11829.1923828125
11989.5234375
12146.8232421875
12449.96875
12744.6787109375
13027.4716796875
13299.255859375
13563.166015625
13820.87890625
14073.728515625
14326.6201171875
14574.505859375
14810.123046875
15029.626953125
15229.81640625
15411.6611328125
15576.8564453125
15725.3134765625
15858.6494140625
15982.5966796875
16089.412109375
16140.1953125
16186.08203125
16259.689453125
16316.517578125
16355.70703125
16374.8095703125
16372.873046875
