1500.0
1499.9998779296875
1500.0
1500.0
1500.0
1500.0
1500.0
1500.0
1500.0
1500.0
1500.0
1500.0
1500.0
1500.0
1500.0
1500.0
1500.0
1500.0
1500.0
1500.0
1500.0
1500.0
1500.0
1500.0
1500.0
1500.0
1500.0
1500.0
1500.0
1500.0
1500.0
1500.0
100.0
100.0
100.0
100.0
100.0
100.0
1500.0
1499.99951171875
1500.0
1500.0
1500.0
1500.0
1500.0
1500.0
1500.0
1500.0
1500.0
1500.0
1500.0
1500.0
1500.0
1500.0
1500.0
1500.0
1500.0
1500.0
1445.026611328125
1383.1221923828125
1323.314697265625
1264.3414306640625
1208.4033203125
1153.8204345703125
1100.7767333984375
1049.36328125
999.6273193359375
952.9839477539062
909.5558471679688
868.3505859375
829.1697998046875
791.5657348632812
756.9662475585938
724.3991088867188
693.169189453125
663.884033203125
636.2653198242188
610.059814453125
584.9165649414062
560.743896484375
537.6600952148438
515.5507202148438
495.20989990234375
477.03851318359375
459.9145812988281
443.50592041015625
427.673095703125
412.1083679199219
397.2428894042969
382.87957763671875
368.51141357421875
355.3751525878906
