1500.0
1500.0
1500.0
1500.0
1500.0
1500.0
1500.0
1500.0
1499.9998779296875
1500.0
1500.0
1500.0
1500.0
1500.0
1500.0
1500.0
1500.0
1500.0
1499.999267578125
1500.0
1500.0
1500.0
1499.99951171875
1500.0
1500.0
1500.0
1500.0
1500.0
1500.0
1500.0
1500.0
1500.0
100.0
100.0
100.0
100.0
100.0
100.0
1500.0001220703125
1500.0
1500.0
1500.0
1500.0
1500.0
1500.0
1500.0
1500.0
1500.0
1500.0
1500.0
1500.0
1500.0
1500.0
1500.0
1500.0
1500.0
1500.0
1500.0
1441.8741455078125
1326.790771484375
1233.55029296875
1144.8482666015625
1058.133544921875
981.4013671875
904.2208862304688
822.9772338867188
739.820068359375
656.8767700195312
571.7532958984375
493.9890441894531
464.2684020996094
434.1329345703125
409.3699951171875
388.1924133300781
368.95159912109375
350.8240661621094
333.39166259765625
316.3934631347656
299.7904357910156
287.213623046875
276.09326171875
265.1170959472656
253.9125213623047
242.72132873535156
231.67440795898438
221.3408966064453
211.7746124267578
202.9649658203125
194.7166748046875
186.8193359375
180.4283905029297
174.87095642089844
