1499.999755859375
1500.0
1500.0
1500.0
1500.0
1500.0
1500.0
1500.0
1500.0
1500.0
1500.0
1500.0
1500.0
1500.0
1500.0
1500.0
1500.0
1500.0
1500.0
1500.0
1500.0
1500.0
1500.0
1500.0
1500.0
1500.0
1500.0
1500.0
1500.0
1500.0
1500.0
1500.0
79.97163391113281
100.0
100.0
100.0
100.0
100.0
1500.0
1500.0
1500.0
1500.0
1500.0
1500.0
1500.0
1500.0
1500.0
1500.0
1500.0
1500.0
1500.0
1500.0
1500.0
1500.0
1500.0
1500.0
1500.0
1500.0
1500.0
1500.0
1500.0
1500.0
1500.0
1500.0
1500.0
1500.0
1500.0
1490.291015625
1431.8497314453125
1378.22314453125
1327.328125
1278.5780029296875
1231.7496337890625
1186.7076416015625
1143.3587646484375
1101.6600341796875
1061.5369873046875
1022.9119262695312
985.6017456054688
949.66943359375
915.2015380859375
882.107666015625
850.291748046875
819.7271118164062
790.2614135742188
761.87841796875
734.59814453125
708.41748046875
683.2633666992188
659.0781860351562
636.0709838867188
613.9852294921875
