1499.9998779296875
1499.9998779296875
1500.0
1500.0
1500.0
1500.0
1500.0
1500.0
1500.0
1500.0
1500.0
1500.0
1499.991455078125
1500.0
1500.0
1500.0
1500.0
1500.0
1500.0
1500.0
1500.0
1500.0
1500.0
1500.0
1500.0
1500.0
1500.0
1500.0
1500.0
1500.0
1500.0
1500.0
99.99998474121094
100.0
100.0
100.0
100.0
100.0
1500.0
1500.0
1500.0
1500.0
1500.0
1500.0
1500.0
1500.0
1500.0
1500.0
1500.0
1500.0
1500.0
1500.0
1500.0
1500.0
1500.0
1500.0
1500.0
1500.0
1500.0
1500.0
1500.0
1500.0
1500.0
1500.0
1500.0
1500.0
1500.0
1500.0
1500.0
1500.0
1500.0
1500.0
1500.0
1500.0
1483.225830078125
1433.8768310546875
1388.1851806640625
1344.4615478515625
1301.9000244140625
1260.5123291015625
1220.3037109375
1180.6990966796875
1142.00439453125
1104.40283203125
1067.9261474609375
1032.58544921875
998.260498046875
964.7401733398438
931.9694213867188
900.6016235351562
871.0446166992188
842.9920043945312
