1500.0
1500.0
1500.0
1500.0
1500.0
1500.0
1500.0
1500.0
1500.0
1499.994384765625
1499.999755859375
1500.0
1499.9998779296875
1500.0
1499.9998779296875
1500.0
1499.9996337890625
1500.0
1500.0
1499.9998779296875
1500.0
1499.9996337890625
1499.9991455078125
1499.999267578125
1500.0
1499.99951171875
1499.9990234375
1499.9990234375
1499.9998779296875
1499.9984130859375
1500.0
1499.9991455078125
99.75958251953125
100.0
100.0
100.0
100.0
100.0
1500.0
1500.0
1500.0
1500.0
1500.000244140625
1500.0
1500.0
1500.0
1500.0
1500.0
1500.0
1500.0
1500.0
1500.0
1500.0
1500.0
1500.0
1500.0
1483.4217529296875
1453.5596923828125
1426.9976806640625
1400.88720703125
1374.260986328125
1347.08544921875
1319.6849365234375
1292.0924072265625
1264.41845703125
1236.8365478515625
1209.2843017578125
1182.0343017578125
1154.914794921875
1127.8026123046875
1100.8814697265625
1073.9200439453125
1047.4508056640625
1021.4730224609375
996.0469970703125
971.2084350585938
947.0355834960938
923.4597778320312
900.5825805664062
878.3566284179688
856.6004638671875
835.4326171875
815.0488891601562
795.2886962890625
776.0584716796875
757.4373779296875
739.2175903320312
721.406494140625
703.98974609375
687.0525512695312
670.7142944335938
654.9356689453125
