1500.0
1500.0
1500.0
1500.0
1500.0
1500.0
1500.0
1500.0
1500.0
1500.0
1500.0
1500.0
1499.9793701171875
1500.0
1500.0
1500.0
1500.0
1500.0
1500.0
1500.0
1500.0
1500.0
1500.0
1500.0
1500.0
1500.0
1500.0
1500.0
1500.0
1500.0
1500.0
1500.0
100.0
100.0
100.0
100.0
100.0
100.0
1500.0
1500.0
1500.0
1500.0
1500.0
1500.0
1500.0
1500.0
1500.0
1500.0
1500.0
1500.0
1500.0
1500.0
1500.0
1500.0
1500.0
1494.3304443359375
1426.7918701171875
1362.4962158203125
1302.8792724609375
1247.4027099609375
1195.6302490234375
1146.881591796875
1100.0467529296875
1054.920654296875
1012.3876342773438
971.3421020507812
931.0186157226562
890.9756469726562
851.1195068359375
812.588134765625
776.4609985351562
742.3316040039062
709.7135009765625
678.1774291992188
648.385498046875
621.9362182617188
596.0435180664062
569.6828002929688
542.7818603515625
518.1452026367188
495.95184326171875
475.1570129394531
454.4643249511719
434.4626159667969
415.3000183105469
397.134765625
379.3870849609375
362.5870361328125
346.5704345703125
331.5906677246094
317.5543518066406
304.1791076660156
