1500.0
1451.8990478515625
1044.440673828125
923.6744384765625
885.1865234375
855.6793823242188
827.1842041015625
798.009765625
765.8082885742188
740.4834594726562
720.3438110351562
703.658203125
686.5672607421875
669.1876831054688
653.2483520507812
637.792236328125
622.3946533203125
610.9110717773438
601.6392211914062
593.3267822265625
585.4199829101562
577.0459594726562
567.856689453125
559.0858764648438
550.2542114257812
540.7825317382812
530.5724487304688
519.851318359375
508.2324523925781
495.81732177734375
482.72357177734375
469.07647705078125
100.0
99.99766540527344
100.0
100.0
100.0
100.0
100.0
725.4197387695312
569.0404052734375
517.203857421875
460.7374267578125
417.36163330078125
394.6238098144531
384.3997497558594
375.89544677734375
367.59906005859375
359.0379333496094
350.20538330078125
340.9215393066406
331.4988708496094
322.379638671875
313.5969543457031
304.47802734375
294.7518310546875
285.69085693359375
277.87664794921875
270.2814636230469
262.77191162109375
255.29991149902344
247.88095092773438
240.55784606933594
233.3272247314453
226.1835479736328
219.18106079101562
212.3765411376953
205.79632568359375
199.45257568359375
193.38973999023438
187.6265106201172
182.25543212890625
177.18637084960938
172.30859375
167.61537170410156
163.09027099609375
158.72772216796875
154.53321838378906
150.5137176513672
146.6492462158203
142.93124389648438
139.3362579345703
135.8778839111328
132.5486602783203
129.34056091308594
126.25590515136719
123.2919692993164
120.44412231445312
117.7058334350586
115.07393646240234
112.54619598388672
110.11717987060547
107.78337097167969
105.58197784423828
