1500.0
1500.0
1499.9986572265625
1500.0
1500.000244140625
1500.0
1500.0
1499.9996337890625
1500.0
1500.0
1500.0
1486.8038330078125
1460.13525390625
1431.7999267578125
1403.4677734375
1373.29736328125
1344.5926513671875
1318.8299560546875
1294.4404296875
1273.5570068359375
1252.5982666015625
1230.8558349609375
1209.012939453125
1185.648681640625
1159.2825927734375
1129.439453125
1100.1361083984375
1068.8365478515625
1035.4112548828125
1001.3162231445312
963.39501953125
925.77880859375
100.0
99.99873352050781
99.99999237060547
100.0
100.0
100.0
100.0
1163.09716796875
997.7120361328125
920.0103149414062
830.6102905273438
790.957275390625
757.191162109375
724.38427734375
695.7265014648438
673.6489868164062
654.3969116210938
637.0236206054688
619.9818115234375
603.087890625
586.3997802734375
569.99560546875
553.80908203125
537.8135986328125
521.9887084960938
506.247802734375
490.6406555175781
475.2230529785156
460.1094970703125
445.3896179199219
431.0992736816406
417.2745361328125
403.9267272949219
391.0211181640625
378.54327392578125
366.5090026855469
354.9568176269531
343.9396057128906
333.4114074707031
323.3199157714844
313.6393737792969
304.33642578125
295.3978576660156
286.80340576171875
278.54449462890625
270.63201904296875
263.034423828125
255.79702758789062
248.84530639648438
242.18881225585938
235.82569885253906
229.7378692626953
223.91673278808594
218.34262084960938
213.00355529785156
207.8970184326172
203.01177978515625
198.34365844726562
193.8844451904297
189.623779296875
185.55267333984375
181.65794372558594
