1499.9998779296875
1500.0
1500.0
1500.0
1500.0
1500.0
1500.0
1500.0
1500.0
1500.0
1500.0
1500.0
1500.0
1499.9925537109375
1500.0
1500.0
1500.0
1500.0
1500.0
1500.0
1500.0
1500.0
1500.0
1500.0
1500.0
1500.0
1500.0
1500.0
1500.0
1500.0
1500.0
1500.0
99.99993896484375
99.99343872070312
99.99964904785156
100.0
100.0
100.0
100.0
1500.0
1500.0394287109375
1500.0
1500.0
1500.0
1500.0
1500.0
1500.0
1500.0
1500.0
1500.0
1500.0
1413.502197265625
1329.0198974609375
1248.76904296875
1175.5750732421875
1106.8779296875
1042.505859375
982.0055541992188
925.3423461914062
872.4545288085938
821.9132690429688
772.5740356445312
727.927978515625
686.0865478515625
644.6600952148438
604.6104125976562
563.6226196289062
524.0028686523438
488.14019775390625
459.1315612792969
430.61688232421875
400.2065124511719
366.3534240722656
335.32275390625
316.0190124511719
296.0684814453125
278.69598388671875
264.8402404785156
251.84088134765625
240.4393768310547
230.52749633789062
221.28875732421875
212.55152893066406
204.56573486328125
197.86785888671875
191.99525451660156
186.4557647705078
181.0446014404297
175.4148406982422
169.6891632080078
164.35690307617188
159.30258178710938
154.55889892578125
150.7671661376953
