1499.9993896484375
1500.0
1500.0
1500.0
1500.0
1500.0
1500.0
1500.0
1500.0
1500.0
1491.66796875
1470.894775390625
1447.4359130859375
1422.086181640625
1394.380126953125
1365.712158203125
1340.4703369140625
1317.0869140625
1295.0506591796875
1273.9854736328125
1252.99072265625
1230.8753662109375
1209.62646484375
1187.4586181640625
1164.6009521484375
1139.915771484375
1113.542236328125
1087.8507080078125
1062.8138427734375
1035.4666748046875
1006.8411865234375
975.6744384765625
100.0
100.0
100.0
100.0
100.0
100.0
1294.5975341796875
1015.1696166992188
890.0430297851562
828.7006225585938
793.4549560546875
764.4653930664062
735.6920166015625
707.5523071289062
683.3082275390625
665.501708984375
649.0050048828125
633.9052734375
618.8035888671875
604.008544921875
589.6881713867188
575.519287109375
561.531982421875
547.7598876953125
534.157470703125
520.5490112304688
506.8955078125
493.197998046875
479.5794982910156
466.1575927734375
452.9662780761719
440.0177001953125
427.24871826171875
414.65875244140625
402.2596740722656
390.06292724609375
378.0970764160156
366.3981628417969
355.03759765625
344.10003662109375
333.6038818359375
323.59759521484375
314.08795166015625
305.07562255859375
296.5498352050781
288.4352111816406
280.7607421875
273.4311218261719
269.8468017578125
266.3150634765625
259.41278076171875
252.73191833496094
246.3109130859375
240.08604431152344
234.0744171142578
228.26907348632812
222.67926025390625
217.31393432617188
212.1625518798828
207.22438049316406
202.5025634765625
