1500.0
1500.0
1500.0
1500.0
1500.0023193359375
1500.0
1500.0
1499.9996337890625
1499.952392578125
1499.9998779296875
1500.0
1500.0
1500.0
1500.0
1500.0
1500.0
1500.0
1500.0
1500.0
1500.0
1500.0
1500.0
1500.0
1500.0
1500.0
1500.0
1500.0
1500.0
1500.0
1500.0
1500.0
1500.0
1500.0
1500.0
99.98046112060547
99.99999237060547
99.99816131591797
100.0
100.0
100.0
1500.0
1500.0
1500.0003662109375
1500.0
1500.0
1500.0
1500.0001220703125
1500.0001220703125
1500.001220703125
1499.693603515625
1499.9998779296875
1500.0
1500.0
1500.0
1500.0
1500.0
1500.0
1500.0
1500.0
1500.0
1500.0
1500.0
1500.0
1500.0
1500.0
1499.9998779296875
1500.0
1467.7967529296875
1414.1605224609375
1367.859375
1325.305908203125
1305.2574462890625
1295.481201171875
1285.89208984375
1267.37451171875
1249.4769287109375
1215.60302734375
1183.43896484375
1152.7464599609375
1123.4017333984375
1095.2998046875
1068.3809814453125
1042.5906982421875
1017.836669921875
994.0120239257812
971.0249633789062
948.8223876953125
927.370849609375
906.6735229492188
886.742431640625
867.5538330078125
849.092041015625
831.3265380859375
814.1919555664062
797.6655883789062
781.7687377929688
766.4989624023438
751.8328247070312
737.755126953125
