1499.9998779296875
1500.0
1500.0
1500.0
1500.0
1500.0
1500.0
1500.0
1500.0
1500.0
1500.0
1500.0
1500.0
1500.0
1500.0
1500.0
1500.0
1500.0
1500.0
1500.0
1500.0
1500.0
1500.0
1500.0
1500.0
1500.0
1500.0
1500.0
1500.0
1500.0
1500.0
1500.0
99.99089813232422
100.0
100.0
100.0
100.0
100.0
1500.0
1500.0
1500.0
1500.0
1500.0
1500.0
1500.0
1500.0
1500.0
1500.0
1500.0
1500.0
1500.0
1500.0
1500.0
1500.0
1500.0
1500.0
1500.0
1500.0
1500.0
1500.0
1500.0
1500.0
1500.0
1500.0
1500.0
1500.0
1500.0
1495.3397216796875
1435.6561279296875
1380.5489501953125
1327.7740478515625
1276.8956298828125
1227.7587890625
1180.2969970703125
1134.4920654296875
1090.31689453125
1047.7303466796875
1006.62646484375
967.0671997070312
928.9967651367188
892.2275390625
856.9671630859375
823.0646362304688
790.4886474609375
759.2284545898438
729.2040405273438
700.1339111328125
672.2464599609375
645.9613037109375
620.7739868164062
596.5527954101562
573.1668701171875
