1500.0
1500.0
1500.0
1500.0
1500.0
1499.9998779296875
1500.0
1500.0
1500.0
1500.0
1500.0
1500.0
1500.0
1500.0
1500.0
1500.0
1500.0
1500.0
1500.0
1500.0
1500.0
1500.0
1500.0
1500.0
1500.0
1500.0
1500.0
1500.0
1500.0
1500.0
1500.0
1500.0
100.0
100.0
100.0
100.0
100.0
100.0
1500.0
1500.0
1500.0
1500.0
1500.0
1500.0
1500.0
1500.0
1500.0
1500.0
1500.0
1500.0
1500.0
1500.0
1500.0
1500.0
1500.0
1500.0
1500.0
1500.0
1500.0
1500.0
1500.0
1500.0
1500.0
1500.0
1495.9117431640625
1441.85498046875
1389.50732421875
1338.2930908203125
1288.3599853515625
1239.86572265625
1192.9368896484375
1147.665771484375
1103.8875732421875
1061.5330810546875
1020.502197265625
980.7608032226562
942.3002319335938
905.0914306640625
869.0905151367188
834.305908203125
800.6858520507812
768.0700073242188
736.6818237304688
706.3112182617188
676.8922729492188
648.7634887695312
621.8922119140625
596.1661376953125
571.451904296875
547.4026489257812
523.4049682617188
502.04901123046875
