1500.0
1309.5535888671875
1123.2607421875
1057.9447021484375
1004.4620361328125
971.9905395507812
946.4918212890625
926.6402587890625
908.471435546875
891.1826782226562
875.2705688476562
860.4652709960938
846.8350219726562
833.9013671875
820.9677124023438
807.9552001953125
794.9677734375
782.2139892578125
769.645751953125
757.1226806640625
744.6382446289062
732.2531127929688
719.9149169921875
707.7511596679688
695.3827514648438
682.7943115234375
670.2490844726562
658.1077270507812
645.650634765625
632.975341796875
620.1463012695312
607.1780395507812
594.279052734375
100.0
99.99363708496094
99.99917602539062
100.0
100.0
100.0
653.1715087890625
597.6288452148438
561.4610595703125
536.7672119140625
517.8085327148438
509.4588623046875
501.7522888183594
487.913330078125
475.0567321777344
462.6415100097656
450.4222106933594
438.2608642578125
426.1634521484375
414.1272888183594
402.15045166015625
390.53594970703125
379.1281433105469
367.8555603027344
356.6793518066406
345.59161376953125
334.4413146972656
323.30401611328125
312.3877868652344
301.7093505859375
291.3268737792969
281.2423095703125
271.50238037109375
262.04693603515625
252.87828063964844
243.99769592285156
235.4417266845703
227.225341796875
223.24710083007812
221.28762817382812
219.3477325439453
215.55502319335938
211.8666534423828
204.8065185546875
198.07882690429688
191.66078186035156
185.5302276611328
179.67315673828125
174.05015563964844
168.55294799804688
163.39234924316406
158.45977783203125
153.7417755126953
149.24081420898438
144.93841552734375
140.8213348388672
136.8813934326172
133.11264038085938
129.502685546875
126.04120635986328
122.7046127319336
119.48938751220703
116.40217590332031
113.43875885009766
