1500.0
1500.00146484375
1500.0
1500.0
1500.0
1500.0
1500.0
1500.0
1500.0
1500.0
1500.0
1500.0
1500.0
1500.0
1500.0
1500.0
1500.0
1500.0
1496.35546875
1481.99951171875
1468.3505859375
1453.21826171875
1436.29443359375
1417.8388671875
1397.7845458984375
1376.532958984375
1354.3687744140625
1331.2818603515625
1307.1815185546875
1282.083251953125
1256.103271484375
1229.3858642578125
100.0
100.0
99.9986801147461
100.0
100.0
100.0
1500.0
1355.61767578125
1234.084228515625
1163.648681640625
1112.9825439453125
1072.0472412109375
1035.768798828125
1001.5685424804688
967.7218627929688
934.1091918945312
901.5718383789062
868.6597290039062
835.6669921875
803.1216430664062
771.3622436523438
740.6055908203125
709.7603759765625
678.675048828125
648.6280517578125
619.0502319335938
589.6024169921875
562.7303466796875
537.673828125
513.8800659179688
491.1566162109375
469.2317810058594
447.7359313964844
426.64923095703125
406.4928283691406
387.3431396484375
368.94146728515625
351.14837646484375
334.19586181640625
318.1842041015625
303.4140930175781
290.1268310546875
278.1100769042969
267.1249694824219
256.9531555175781
247.4277801513672
242.83758544921875
238.36666870117188
229.88192749023438
221.87228393554688
214.2993927001953
207.1997528076172
200.61302185058594
194.53890991210938
188.90516662597656
183.64918518066406
178.70518493652344
174.08425903320312
169.8615264892578
166.02163696289062
162.53334045410156
