1499.9998779296875
1500.0
1500.0
1500.0
1500.0
1500.0
1500.0
1500.0
1500.0
1500.0
1500.0
1500.0
1500.0
1500.0
1500.0
1500.0
1500.0
1500.0
1500.0
1500.0
1500.0
1500.0
1500.0
1500.0
1500.0
1500.0
1500.0
1500.0
1500.0
1500.0
1500.0
1500.0
99.99925994873047
100.0
100.0
100.0
100.0
100.0
1499.9998779296875
1499.9930419921875
1500.0
1500.0
1500.0
1500.0
1500.0
1500.0
1500.0
1500.0
1500.0
1500.0
1500.0
1500.0
1500.0
1500.0
1500.0
1500.0
1500.0
1500.0
1500.0
1500.0
1500.0
1500.0
1500.0
1500.0
1500.0
1500.0
1500.0
1500.0
1500.0
1500.0
1500.0
1453.9757080078125
1402.6727294921875
1352.938232421875
1303.5919189453125
1257.36767578125
1213.518798828125
1171.610595703125
1151.00634765625
1130.6466064453125
1091.1353759765625
1052.4202880859375
1014.54296875
978.4080200195312
945.4559936523438
917.8644409179688
891.7616577148438
866.2085571289062
840.7273559570312
815.6168212890625
792.041748046875
768.9223022460938
746.3484497070312
