1500.0
1485.80712890625
1069.233154296875
951.4929809570312
909.1298828125
874.699951171875
843.4037475585938
814.5301513671875
781.3358764648438
757.1759033203125
737.0485229492188
717.8947143554688
699.323486328125
683.672119140625
670.0604858398438
657.9371337890625
644.848876953125
629.7606811523438
614.9610595703125
600.5910034179688
586.4851684570312
573.0215454101562
560.2409057617188
549.3895263671875
541.1357421875
533.1170654296875
524.4251708984375
514.8480834960938
504.2532653808594
493.5195007324219
482.5317077636719
470.74420166015625
100.0
100.0
100.0
100.0
100.0
100.0
732.2314453125
544.9331665039062
450.9043273925781
399.94329833984375
376.8863525390625
365.03326416015625
355.5503845214844
351.5974426269531
347.8194580078125
341.0419616699219
337.72320556640625
335.32464599609375
329.5133972167969
323.5217590332031
317.50482177734375
311.4272766113281
305.1678161621094
298.66131591796875
291.97174072265625
285.132080078125
278.20025634765625
271.20654296875
264.2337951660156
257.325927734375
253.992919921875
250.59426879882812
243.7965087890625
237.1421661376953
230.58169555664062
224.14691162109375
217.89874267578125
211.86380004882812
206.00994873046875
200.34329223632812
194.86138916015625
189.53955078125
184.36131286621094
179.5316162109375
174.8485565185547
170.32388305664062
165.9896240234375
161.8672637939453
157.94818115234375
154.20437622070312
150.64242553710938
147.21817016601562
143.88955688476562
140.66314697265625
137.52835083007812
134.48158264160156
131.52479553222656
128.66358947753906
125.89228057861328
123.20555877685547
120.61387634277344
118.11695098876953
115.71993255615234
