1500.0
1500.0001220703125
1500.0
1500.0
1500.0
1500.0
1500.0
1500.0
1500.0
1500.0
1500.0
1500.0
1500.0
1500.0
1500.0
1500.0
1500.0
1489.2445068359375
1476.660400390625
1464.3609619140625
1451.5521240234375
1436.821044921875
1420.4375
1402.1112060546875
1381.5269775390625
1358.826416015625
1334.276611328125
1308.1112060546875
1280.65234375
1252.343994140625
1223.586181640625
1194.51708984375
100.0
98.74633026123047
100.00000762939453
100.0
100.0
100.0
100.0
1500.0
1361.20263671875
1245.5831298828125
1171.9373779296875
1115.08349609375
1067.6285400390625
1025.80078125
987.128173828125
950.1271362304688
915.9420776367188
882.5090942382812
849.4478149414062
817.0463256835938
785.52587890625
754.0962524414062
723.0950317382812
692.3078002929688
661.7448120117188
632.5227661132812
603.9476318359375
577.0927734375
552.3203735351562
528.4278564453125
505.7766418457031
484.29949951171875
463.5657043457031
443.8730163574219
425.6644287109375
408.8272399902344
392.89263916015625
378.27001953125
364.751220703125
352.3271484375
340.9010009765625
330.2340393066406
320.4259338378906
312.0528869628906
304.9812316894531
298.3011169433594
291.4404296875
284.3777770996094
277.16973876953125
270.09716796875
263.2214050292969
256.5657043457031
250.1243438720703
243.75582885742188
237.4746856689453
231.31703186035156
225.40115356445312
219.92376708984375
214.8746337890625
210.23974609375
205.95323181152344
