1500.0
1500.2769775390625
1500.0
1500.0
1500.0006103515625
1500.0
1500.00146484375
1499.9998779296875
1500.0
1500.0
1500.0
1500.0
1456.0908203125
1406.1068115234375
1364.24560546875
1327.9384765625
1296.0557861328125
1267.8824462890625
1242.7685546875
1220.4715576171875
1200.616943359375
1191.1142578125
1182.1939697265625
1166.0478515625
1151.1646728515625
1136.9991455078125
1122.8359375
1108.10791015625
1092.398193359375
1075.2701416015625
1056.4940185546875
1035.8968505859375
1013.699462890625
990.164306640625
965.563232421875
100.0
99.99734497070312
99.99996185302734
100.0
100.0
100.0
1500.0
1438.306396484375
1340.89013671875
1220.8084716796875
1126.2054443359375
1046.47900390625
999.178955078125
976.7603759765625
912.4672241210938
854.8820190429688
803.7850952148438
756.765380859375
713.3076171875
673.2708129882812
636.55126953125
602.5238037109375
570.8916625976562
541.2484130859375
515.1480102539062
492.2900085449219
471.8305358886719
453.07318115234375
435.6094970703125
419.1552429199219
403.4830322265625
388.4149475097656
373.83392333984375
359.6871032714844
345.94598388671875
332.6123352050781
319.9120178222656
308.13751220703125
302.58465576171875
297.30487060546875
287.8578186035156
279.3628845214844
271.5782165527344
264.3487243652344
257.56756591796875
251.16567993164062
245.09100341796875
239.30224609375
233.7838134765625
228.5286865234375
223.52223205566406
218.7404022216797
214.15940856933594
209.76715087890625
205.54287719726562
201.46360778808594
197.51718139648438
193.69900512695312
189.94232177734375
186.16920471191406
182.48367309570312
178.9188232421875
175.47410583496094
