1499.9998779296875
1500.0
1499.9998779296875
1500.0
1500.0
1500.0
1500.0
1500.0
1500.0
1500.0
1500.0
1500.0
1500.0
1500.0
1500.0
1500.0
1500.0
1500.0
1500.0
1500.0
1500.0
1500.0
1500.0
1500.0
1500.0
1500.0
1500.0
1500.0
1500.0
1500.0
1500.0
1500.0
100.0
100.0
100.0
100.0
100.0
100.0
1500.0
1499.99951171875
1500.0
1500.0
1500.0
1500.0
1500.0
1500.0
1500.0
1500.0
1500.0
1500.0
1500.0
1500.0
1500.0
1500.0
1500.0
1467.117431640625
1402.0240478515625
1342.120361328125
1283.0650634765625
1224.9083251953125
1168.067626953125
1113.4339599609375
1061.8209228515625
1017.770751953125
976.6226806640625
935.3458251953125
893.6554565429688
853.2572021484375
814.8104248046875
780.8614501953125
749.412353515625
719.017333984375
691.9304809570312
666.2821044921875
641.6139526367188
617.5411376953125
593.3035888671875
569.4651489257812
546.4334106445312
523.7157592773438
501.4957275390625
480.5769958496094
461.9063415527344
445.4232177734375
430.4070129394531
415.8869934082031
401.3951416015625
388.10601806640625
375.5760192871094
363.00274658203125
351.09619140625
340.9729309082031
