1499.9996337890625
1500.0
1500.0
1500.0
1500.0
1500.0
1499.9998779296875
1500.0
1500.0
1500.0
1500.0
1500.0
1500.0
1500.0
1500.0
1500.0
1500.0
1500.0
1500.0
1500.0
1500.0
1500.0
1500.0
1500.0
1500.0
1500.0
1500.0
1500.0
1500.0
1500.0
1500.0
1500.0
100.0
100.00015258789062
99.9996337890625
100.0
100.0
100.0
100.0
1500.0
1500.00146484375
1500.0
1500.0
1500.0
1500.0
1500.0
1500.0
1500.0
1500.0
1500.0
1500.0
1500.0
1500.0
1500.0
1500.0
1500.0
1500.0
1456.275146484375
1399.9925537109375
1346.4512939453125
1294.815185546875
1244.733642578125
1196.364501953125
1150.0013427734375
1105.07763671875
1061.3768310546875
1019.5319213867188
981.3057250976562
945.3776245117188
911.727294921875
879.9713134765625
850.0185546875
821.7407836914062
794.6466674804688
769.3055419921875
745.9505615234375
725.3078002929688
705.5164794921875
687.6229858398438
670.7852172851562
654.5231323242188
637.8348388671875
622.6634521484375
610.0046997070312
594.2329711914062
576.3090209960938
557.7144775390625
539.0394287109375
524.0049438476562
512.1867065429688
501.6837463378906
488.5811462402344
472.7603759765625
456.2719421386719
