1499.9998779296875
1500.0003662109375
1500.0
1500.0
1499.9998779296875
1500.0
1499.9998779296875
1500.0
1500.0
1500.0
1500.0
1500.0
1500.0
1500.0
1500.0
1500.0
1500.0
1500.0
1500.0
1500.0
1500.0
1500.0
1500.0
1500.0
1500.0
1500.0
1500.0
1500.0
1500.0
1500.0
1500.0
1500.0
100.0
99.99826049804688
99.98922729492188
100.0
100.0
100.0
100.0
1500.0
1499.8187255859375
1500.0
1500.0
1500.0
1500.0
1471.558837890625
1416.39794921875
1363.854736328125
1312.3642578125
1261.669677734375
1211.5330810546875
1161.81201171875
1112.5389404296875
1063.791748046875
1015.746337890625
968.5958862304688
922.9808959960938
879.0869140625
837.241455078125
797.6614990234375
760.2109985351562
724.6139526367188
690.7095947265625
658.3421020507812
627.419677734375
597.8687744140625
569.6099243164062
542.6048583984375
516.8781127929688
492.37713623046875
468.9516296386719
446.5589294433594
424.6282958984375
404.4889831542969
385.2969665527344
367.07806396484375
349.8782958984375
333.65032958984375
318.3143005371094
303.7828369140625
289.78369140625
276.5004577636719
264.15142822265625
252.3026885986328
241.20570373535156
230.71275329589844
220.7850799560547
211.30857849121094
202.12289428710938
193.60995483398438
185.6651153564453
178.10073852539062
170.9416961669922
164.1641082763672
