1500.0
1500.0
1500.0001220703125
1500.0
1500.0
1500.0
1499.9998779296875
1500.0
1500.0
1500.0
1500.0
1500.0
1500.0
1500.0
1500.0
1500.0
1500.0
1500.0
1500.0
1500.0
1500.0
1500.0
1500.0
1500.0
1500.0
1500.0
1500.0
1500.0
1500.0
1500.0
1500.0
1500.0
1500.0
1500.0
100.0003662109375
100.0
99.99995422363281
100.0
100.0
100.0
1500.0
1500.0
1500.0003662109375
1500.0
1500.0
1500.0
1499.9993896484375
1500.0001220703125
1500.0
1500.0
1500.0
1498.9794921875
1442.28076171875
1391.3212890625
1343.2464599609375
1297.140380859375
1252.5958251953125
1209.615966796875
1168.1124267578125
1128.010498046875
1089.42578125
1052.295654296875
1016.4996337890625
982.0006103515625
948.7837524414062
916.6039428710938
885.5112915039062
855.5126342773438
826.5111694335938
798.47998046875
771.3795166015625
745.1416625976562
719.795654296875
695.3850708007812
671.9576416015625
649.506591796875
627.9691772460938
607.2783813476562
587.425048828125
568.3782958984375
550.1132202148438
532.5919799804688
515.781494140625
499.67413330078125
484.1605224609375
469.3177185058594
455.14971923828125
441.58013916015625
428.5603942871094
416.0346374511719
403.9862365722656
392.4072265625
381.274169921875
370.5588073730469
360.2252197265625
350.18914794921875
