1500.0
1500.0
1500.0
1500.0
1500.0
1500.0
1500.0
1500.0
1500.0
1500.0
1500.0
1500.0
1500.0
1488.540771484375
1470.77783203125
1451.22119140625
1429.6754150390625
1406.8111572265625
1383.146240234375
1360.115966796875
1339.272705078125
1319.244873046875
1300.1219482421875
1279.04541015625
1260.8485107421875
1242.2296142578125
1222.576416015625
1202.7987060546875
1182.3707275390625
1162.3741455078125
1141.5250244140625
1119.203125
100.0
100.0
100.0
100.0
100.0
100.0
1467.08837890625
1195.1187744140625
1071.906982421875
1022.9562377929688
994.5191650390625
969.4133911132812
942.8582153320312
915.775390625
888.2313842773438
859.7601318359375
832.4932861328125
803.6393432617188
774.4821166992188
746.2337036132812
719.7090454101562
694.8629760742188
677.2315673828125
662.0923461914062
648.5562744140625
635.7667236328125
622.8387451171875
610.3322143554688
598.0852661132812
586.0364379882812
574.147705078125
562.4511108398438
550.8864135742188
539.3311767578125
527.6748657226562
515.866455078125
503.94287109375
492.01812744140625
480.2049865722656
468.54949951171875
457.0643310546875
445.7508850097656
434.5935974121094
423.5342102050781
412.5905456542969
401.75640869140625
391.0705871582031
380.6019287109375
370.4176330566406
360.54376220703125
351.0519714355469
342.0168762207031
333.3628234863281
325.07220458984375
317.0978698730469
309.380859375
301.8970031738281
294.58807373046875
287.5304260253906
280.6886291503906
