1500.0
1500.0
1500.0
1500.0
1500.0
1500.0
1500.0
1500.0
1500.0
1500.0
1500.0
1500.0
1500.0
1500.0
1500.0
1500.0
1500.0
1500.0
1500.0
1500.0
1500.0
1500.0
1500.0
1500.0
1500.0
1500.0
1500.0
1500.0
1500.0
1500.0
1500.0
1500.0
100.0
100.0
100.0
100.0
100.0
100.0
1500.0
1499.9998779296875
1500.0
1500.0
1500.0
1500.0
1500.0
1500.0
1500.0
1500.0
1500.0
1500.0
1500.0
1500.0
1500.0
1500.0
1500.0
1500.0
1453.6566162109375
1388.576171875
1327.619140625
1270.6368408203125
1217.58056640625
1167.735595703125
1120.21337890625
1074.4134521484375
1031.3763427734375
990.175048828125
949.7177124023438
909.8097534179688
870.0283813476562
830.8126220703125
793.8919067382812
758.9744262695312
725.5011596679688
693.177490234375
662.6207885742188
635.5684814453125
608.5997924804688
580.6651000976562
551.9373779296875
528.6895751953125
506.61553955078125
484.92901611328125
463.42889404296875
442.4982604980469
422.5340270996094
403.7761535644531
386.0237121582031
369.2250671386719
352.7960510253906
336.70281982421875
321.4842224121094
307.30645751953125
