1499.9998779296875
1500.0
1500.0028076171875
1500.0
1500.0
1500.0
1500.0
1500.0
1500.0
1500.0
1500.0
1500.0
1500.0
1499.9998779296875
1500.0
1500.0
1500.0
1500.0
1500.0
1500.0
1500.0
1500.0
1500.0
1500.0
1500.0
1500.0
1500.0
1500.0
1500.0
1500.0
1500.0
1500.0
100.0
100.0
100.0
100.0
100.0
100.0
1491.193359375
1499.998779296875
1500.0
1500.0
1500.0
1500.0
1500.0
1500.0
1500.0
1500.0
1500.0
1500.0
1500.0
1500.0
1500.0
1500.0
1500.0
1500.0
1500.0
1466.6126708984375
1407.4678955078125
1350.1842041015625
1295.7816162109375
1243.720703125
1193.2822265625
1144.3861083984375
1097.231689453125
1050.8228759765625
1004.55419921875
960.237060546875
918.6127319335938
880.2407836914062
844.5449829101562
810.2517700195312
777.3786010742188
744.5775146484375
711.4782104492188
678.47705078125
647.477783203125
619.1370239257812
592.3839721679688
567.4215087890625
545.234619140625
524.0050048828125
502.88262939453125
483.910400390625
466.4753723144531
448.9893798828125
432.7990417480469
417.2075500488281
401.55316162109375
385.600341796875
369.1585998535156
352.7320861816406
