1500.0
1329.2275390625
1124.71923828125
1059.8084716796875
1038.59619140625
1022.427490234375
1008.0476684570312
994.6951293945312
982.10400390625
970.9651489257812
960.5994262695312
949.8411865234375
938.8380737304688
928.4129028320312
918.638916015625
909.5126953125
900.7976684570312
892.24951171875
883.9141235351562
875.784912109375
867.777099609375
859.7794189453125
851.7293090820312
843.4183349609375
834.604736328125
824.994873046875
814.3084106445312
802.455810546875
789.5211181640625
775.6400146484375
760.9569091796875
745.6985473632812
100.0
100.0
100.0
100.0
100.0
100.0
846.230712890625
740.4152221679688
697.355224609375
672.8134155273438
655.3643188476562
640.9384155273438
627.8416748046875
615.2649536132812
602.7662963867188
590.151123046875
577.3489990234375
564.3538818359375
551.193603515625
537.8997802734375
524.4776611328125
510.9393615722656
497.30255126953125
483.58001708984375
469.7900695800781
455.8520812988281
442.24798583984375
429.3705139160156
416.8484802246094
404.408203125
392.0423583984375
379.653564453125
367.3187561035156
355.2095947265625
343.40966796875
331.8781433105469
320.6203918457031
309.6307678222656
298.9305419921875
288.5457763671875
278.4957275390625
268.7941589355469
259.511962890625
250.59603881835938
241.97666931152344
233.64508056640625
225.58824157714844
217.77745056152344
210.211181640625
202.89450073242188
195.83206176757812
189.0189971923828
182.44915771484375
176.1331329345703
169.96722412109375
163.99514770507812
158.3323974609375
152.9194793701172
147.7386932373047
142.7683563232422
