2085.138671875
2066.144287109375
2037.6900634765625
2014.3238525390625
2025.1470947265625
2020.335205078125
2031.3553466796875
2038.383544921875
2053.948974609375
2061.892578125
2074.968505859375
2083.3759765625
2091.500244140625
2104.007080078125
2110.095458984375
2129.135009765625
2150.61083984375
2169.799560546875
2187.450439453125
2205.625244140625
2223.9677734375
2245.103515625
2268.3984375
2301.261474609375
2343.750732421875
2401.996826171875
2473.9296875
2554.036865234375
2639.837158203125
2729.7099609375
2822.51171875
2919.485107421875
129.81427001953125
127.88582611083984
127.63701629638672
127.43161010742188
127.17388153076172
126.93355560302734
2335.806396484375
2743.92578125
2965.443115234375
3124.71533203125
3265.39794921875
3404.969482421875
3549.48876953125
3700.669921875
3855.015869140625
4007.57861328125
4157.0986328125
4304.09912109375
4452.50537109375
4605.8046875
4761.5205078125
4922.3037109375
5090.34326171875
5275.58447265625
5482.3017578125
5686.623046875
5892.125
6094.498046875
6289.7880859375
6476.185546875
6653.55517578125
6822.24658203125
6964.4033203125
7076.6767578125
7168.11279296875
7239.10595703125
7299.306640625
7358.2646484375
7407.11279296875
7452.51220703125
7497.7119140625
7533.28466796875
7561.82568359375
7581.3564453125
7593.55615234375
7597.7880859375
7587.1826171875
7570.0078125
7549.96435546875
7516.79052734375
7464.04443359375
7415.47021484375
7379.46142578125
7353.73828125
7136.7607421875
6887.91748046875
6664.43017578125
6458.1083984375
6260.81591796875
6068.6943359375
