2085.000244140625
2070.16748046875
2040.30517578125
2013.8739013671875
1992.9688720703125
2065.799560546875
2080.6962890625
2095.922119140625
2093.022216796875
2097.264404296875
2113.49951171875
2163.34326171875
2161.60205078125
2157.77392578125
2162.6376953125
2175.0283203125
2194.628662109375
2203.960205078125
2208.907470703125
2216.955810546875
2225.16015625
2234.380859375
2246.408203125
2266.306640625
2294.596923828125
2319.564208984375
2337.826416015625
2362.419189453125
2396.6845703125
2442.174560546875
2502.62890625
2571.934814453125
113.69735717773438
111.40657043457031
109.00825500488281
108.32618713378906
108.34555053710938
108.45161437988281
1662.242431640625
1678.9244384765625
1640.078369140625
2551.58935546875
3396.66455078125
3511.580078125
3428.82177734375
3386.764892578125
3349.8779296875
3362.546630859375
3380.30712890625
3384.128662109375
3403.8525390625
3439.191650390625
3506.07958984375
3600.881103515625
3723.89501953125
3856.6650390625
3984.6123046875
4106.90576171875
4219.6396484375
4086.932861328125
4002.53515625
3984.46875
4009.61767578125
4055.51171875
4108.09521484375
4158.30224609375
4203.52294921875
4248.81494140625
4297.2890625
4354.89208984375
4419.25048828125
4486.876953125
4555.85546875
4620.54150390625
4678.7412109375
4732.376953125
4783.87451171875
4833.15771484375
4880.220703125
4926.07861328125
4970.62255859375
5012.58642578125
5050.3515625
5084.07470703125
5113.8193359375
5138.35498046875
5157.4140625
5170.7138671875
5177.390625
5177.177734375
5170.29443359375
5157.46484375
