2085.0
2069.429443359375
2042.8712158203125
2019.47607421875
2002.4884033203125
1997.61767578125
2031.3477783203125
2048.59033203125
2057.2421875
2063.79736328125
2090.09033203125
2109.2509765625
2123.095947265625
2138.14892578125
2155.425048828125
2170.249267578125
2189.600830078125
2206.669677734375
2223.798583984375
2240.377685546875
2255.3642578125
2271.896484375
2289.02880859375
2306.20556640625
2323.65966796875
2342.203857421875
2370.4990234375
2402.91552734375
2446.525634765625
2503.60107421875
2569.35546875
2639.77734375
123.47602844238281
124.90815734863281
125.90142822265625
126.60701751708984
127.12176513671875
127.49313354492188
1892.9114990234375
2156.572021484375
2502.757080078125
2740.6337890625
2919.442138671875
3069.76220703125
3204.89306640625
3329.00732421875
3445.619873046875
3557.022705078125
3662.935302734375
3763.8154296875
3860.9697265625
3955.0966796875
4047.5517578125
4139.4501953125
4231.32275390625
4323.00146484375
4414.78125
4506.50146484375
4599.33984375
4693.8681640625
4789.3984375
4885.853515625
4984.39306640625
5086.6572265625
5189.57666015625
5297.775390625
5429.90380859375
5556.9853515625
5675.6435546875
5791.4736328125
5915.1298828125
6043.30322265625
6173.51708984375
6299.5107421875
6408.83349609375
6503.81689453125
6586.966796875
6663.23486328125
6736.6171875
6807.2841796875
6867.2822265625
6914.74560546875
6954.9951171875
6994.0556640625
7039.37841796875
7072.65673828125
7092.5302734375
7098.8330078125
7104.7587890625
7121.30078125
7162.16943359375
7227.19921875
