2084.99853515625
2073.0
2045.878662109375
2021.2034912109375
2002.2510986328125
2047.839599609375
2060.5185546875
2091.50439453125
2084.82421875
2085.517822265625
2089.963134765625
2101.020751953125
2149.20361328125
2148.73876953125
2154.156005859375
2153.3310546875
2158.642822265625
2178.310791015625
2192.73095703125
2190.385498046875
2194.3701171875
2200.7314453125
2205.937255859375
2211.70947265625
2220.561279296875
2234.596435546875
2248.507568359375
2264.690673828125
2280.700927734375
2299.196044921875
2325.982421875
2359.136962890625
118.55424499511719
116.75491333007812
115.34095001220703
114.2784423828125
114.3607177734375
114.50177001953125
1738.7578125
1721.5006103515625
1947.34423828125
2929.6015625
3137.3779296875
3007.453125
2922.134765625
2891.491943359375
2917.464111328125
2992.137939453125
3118.4052734375
3246.98486328125
3313.616455078125
3333.033203125
3348.792724609375
3377.48828125
3433.151123046875
3523.81982421875
3618.3759765625
3712.91162109375
3815.87353515625
3865.75927734375
3914.826171875
4021.99609375
4146.470703125
4300.43359375
4302.1806640625
4236.896484375
4218.15625
4220.63330078125
4235.6943359375
4260.3427734375
4300.1845703125
4356.3525390625
4419.5205078125
4484.52099609375
4547.6328125
4607.52197265625
4662.6083984375
4715.87744140625
4767.568359375
4816.982421875
4865.2978515625
4913.1337890625
4959.84375
5004.67578125
5045.82666015625
5082.00390625
5111.33447265625
5133.16748046875
5146.92333984375
5151.96728515625
5148.53515625
5137.5546875
5131.994140625
5121.65673828125
