2052.33349609375
2011.5826416015625
2091.91162109375
2095.718505859375
2098.7705078125
2128.7197265625
2149.228759765625
2140.494873046875
2126.779541015625
2118.3115234375
2122.93115234375
2126.1044921875
2130.083251953125
2134.358154296875
2136.552001953125
2146.2607421875
2158.599365234375
2170.703369140625
2183.718994140625
2193.4130859375
2202.787109375
2214.326416015625
2227.56494140625
2242.742431640625
2262.35595703125
2286.73193359375
2314.1513671875
2344.697998046875
2387.473388671875
2440.503662109375
2506.91552734375
2580.554443359375
121.20701599121094
118.9549560546875
118.18885803222656
118.36690521240234
118.70314025878906
118.96294403076172
1724.667724609375
2096.153564453125
2581.077880859375
2904.566650390625
3140.2646484375
3326.14453125
3488.317138671875
3643.121826171875
3800.124267578125
3955.97802734375
4108.91650390625
4256.31298828125
4398.06787109375
4538.283203125
4683.3984375
4837.4736328125
4998.74267578125
5181.8701171875
5359.65283203125
5536.70654296875
5734.59619140625
5929.25927734375
6149.302734375
6374.67724609375
6574.76904296875
6722.41455078125
6845.81494140625
6676.32861328125
6408.77880859375
6190.34619140625
5991.15380859375
5805.369140625
5628.65185546875
5449.421875
5298.646484375
5144.9052734375
4984.8427734375
4825.4736328125
4675.44384765625
4531.4130859375
4393.24462890625
4258.46533203125
4126.2978515625
4000.013671875
3880.903564453125
3765.015869140625
3647.619384765625
3520.5341796875
3394.529296875
3275.680419921875
3160.30517578125
3045.132568359375
2932.6513671875
2816.244873046875
