2085.0
2073.240966796875
2046.2037353515625
2021.5765380859375
2002.767333984375
2039.901123046875
2060.953369140625
2090.50927734375
2084.748291015625
2085.414306640625
2089.506591796875
2099.854736328125
2147.41943359375
2147.938720703125
2154.87353515625
2152.693115234375
2158.637451171875
2177.81689453125
2190.757568359375
2192.93408203125
2197.5869140625
2203.33984375
2208.216552734375
2213.825927734375
2222.558837890625
2239.583740234375
2256.07421875
2273.18994140625
2289.580322265625
2310.535400390625
2338.492919921875
2374.175537109375
118.24531555175781
116.42830657958984
115.012451171875
113.94298553466797
114.0377426147461
114.18426513671875
1734.68994140625
1718.2578125
1946.2900390625
2956.090576171875
3172.84423828125
3052.697998046875
2973.96875
2947.19189453125
2983.8154296875
3070.958251953125
3205.86181640625
3291.4375
3323.98193359375
3343.210693359375
3368.161865234375
3415.0029296875
3500.653076171875
3599.4423828125
3695.530029296875
3800.6494140625
3836.498291015625
3906.417724609375
4009.593994140625
4127.19873046875
4273.11474609375
4439.60009765625
4329.13037109375
4287.34912109375
4278.70166015625
4286.259765625
4305.3857421875
4338.77734375
4389.29150390625
4450.64404296875
4516.529296875
4581.21484375
4643.64990234375
4702.1455078125
4758.04296875
4812.24169921875
4864.16552734375
4914.94677734375
4965.30615234375
5014.01171875
5060.37841796875
5102.6279296875
5139.52734375
5169.63232421875
5191.89404296875
5206.1806640625
5211.6552734375
5208.48876953125
5197.52490234375
5179.783203125
5155.5380859375
