2068.126708984375
2032.64990234375
2021.45556640625
2056.617919921875
2061.138671875
2060.746337890625
2059.186767578125
2060.21240234375
2078.835693359375
2088.935791015625
2092.922119140625
2097.447265625
2102.86181640625
2107.34228515625
2114.908203125
2121.830078125
2127.103271484375
2140.18603515625
2158.554931640625
2188.32568359375
2233.93994140625
2293.757080078125
2361.85009765625
2444.326904296875
2538.450439453125
2638.277587890625
2745.99169921875
2868.25732421875
3009.06787109375
3162.69482421875
3326.339111328125
3500.6455078125
145.28919982910156
143.3705291748047
142.39398193359375
140.45501708984375
138.57171630859375
136.65313720703125
134.7502899169922
2736.83935546875
3018.797607421875
3202.78759765625
3479.325439453125
3751.41650390625
4041.989501953125
4360.59814453125
4684.9990234375
5012.61962890625
5325.85400390625
5403.05224609375
5288.06884765625
5173.99462890625
5081.16748046875
4985.92626953125
4870.86181640625
4740.1376953125
4603.380859375
4456.25830078125
4309.521484375
4150.44482421875
3982.0146484375
3808.62744140625
3633.435791015625
3459.515380859375
3367.939208984375
3289.140869140625
3121.044189453125
2956.89990234375
2800.66650390625
2636.510009765625
2472.6904296875
2291.46875
2156.9931640625
2033.1328125
1909.0274658203125
1807.6329345703125
1719.9022216796875
1639.9796142578125
1565.402587890625
1493.8642578125
1424.501708984375
1356.2838134765625
1289.217041015625
1222.6707763671875
1157.033935546875
1100.71435546875
1054.2884521484375
1008.0076904296875
967.535888671875
931.4674072265625
898.6767578125
868.3826904296875
840.4109497070312
814.1968383789062
789.8203735351562
