2021.516357421875
2474.956787109375
2453.81494140625
2272.617919921875
2209.72412109375
2170.514404296875
2139.653564453125
2127.62890625
2123.368408203125
2137.288330078125
2159.681396484375
2184.416748046875
2207.74462890625
2240.78173828125
2270.7998046875
2299.192626953125
2330.431396484375
2366.150146484375
2413.0263671875
2485.31982421875
2585.619384765625
2710.026123046875
2854.6962890625
3014.061767578125
3183.583740234375
3361.90234375
3547.04931640625
3738.4658203125
3873.647705078125
3912.4365234375
3963.626953125
4015.968017578125
169.90884399414062
133.29525756835938
132.84226989746094
131.07455444335938
129.7209930419922
131.4117889404297
133.10638427734375
3972.8935546875
4390.7490234375
4213.06005859375
4114.3857421875
4080.33984375
4073.8388671875
4100.63525390625
4134.716796875
4174.42822265625
4213.04345703125
4246.89306640625
4287.82177734375
4317.90234375
4333.7001953125
4333.982421875
4323.54150390625
4299.54638671875
4258.20263671875
4200.71630859375
4131.35693359375
4051.486572265625
3962.498046875
3867.046142578125
3767.143798828125
3664.274658203125
3609.34619140625
3561.220458984375
3458.4638671875
3356.132568359375
3255.398193359375
3156.58642578125
3059.327880859375
2962.478515625
2866.710205078125
2772.34619140625
2679.0673828125
2589.133056640625
2501.81005859375
2416.92333984375
2333.740478515625
2253.214599609375
2175.668701171875
2101.562744140625
2030.6142578125
1962.3970947265625
1896.605224609375
1833.1287841796875
1771.765380859375
1712.4561767578125
1655.134765625
1599.6336669921875
1545.8115234375
1493.5325927734375
1442.82568359375
1394.0128173828125
1347.2476806640625
