2077.262451171875
2049.93310546875
2020.6427001953125
2056.86474609375
2046.228515625
2081.032470703125
2083.243896484375
2084.979736328125
2081.659912109375
2065.09619140625
2019.248046875
1972.262939453125
1926.1285400390625
1886.2528076171875
1851.640380859375
1823.5478515625
1791.4324951171875
1768.61669921875
1746.5274658203125
1727.373291015625
1710.3037109375
1693.840576171875
1677.9609375
1665.607177734375
1649.49951171875
1633.3480224609375
1622.6121826171875
1617.671142578125
1621.25244140625
1625.42041015625
1627.9654541015625
1630.8896484375
1645.6636962890625
113.71525573730469
114.8426742553711
115.976318359375
116.87267303466797
117.58165740966797
118.19548797607422
1384.1788330078125
1657.2027587890625
1746.6021728515625
1799.55419921875
1846.3565673828125
1896.2890625
1953.2908935546875
2010.277587890625
2061.833251953125
2106.207275390625
2145.951171875
2179.2548828125
2210.085693359375
2239.166748046875
2265.600341796875
2287.9931640625
2305.345947265625
2317.72802734375
2326.210205078125
2331.656494140625
2334.64013671875
2335.26806640625
2333.16064453125
2328.067138671875
2320.208251953125
2308.56640625
2292.839111328125
2273.63916015625
2252.06103515625
2229.03369140625
2205.222412109375
2181.36328125
2157.98486328125
2134.903076171875
2112.458984375
2101.697998046875
2090.90966796875
2069.4951171875
2048.25048828125
2026.91455078125
2005.346923828125
1983.51123046875
1961.2901611328125
1938.5816650390625
1915.593994140625
1892.4647216796875
1869.2813720703125
1845.9931640625
1822.623779296875
1799.172607421875
1775.7386474609375
1752.3909912109375
1729.2064208984375
1706.2880859375
1683.6634521484375
