2083.232421875
2064.99609375
2041.5074462890625
2027.35986328125
2011.8966064453125
2022.1513671875
2044.918212890625
2054.625732421875
2057.4970703125
2057.95703125
2056.6796875
2088.486328125
2111.777587890625
2127.984130859375
2146.6064453125
2166.204345703125
2184.283203125
2206.755126953125
2226.34619140625
2248.84619140625
2292.728759765625
2351.106201171875
2429.623046875
2525.22998046875
2632.31591796875
2750.583740234375
2881.451416015625
3025.257080078125
3180.062255859375
3342.8427734375
3512.260498046875
3686.468017578125
3861.431396484375
175.09567260742188
160.48583984375
157.9124298095703
157.30096435546875
156.47674560546875
154.9553680419922
152.9435272216797
3358.2529296875
3522.462646484375
3663.314208984375
3843.27978515625
4049.389892578125
4270.18896484375
4500.23095703125
4733.2236328125
4964.9873046875
5203.06103515625
5447.1689453125
5683.03759765625
5923.13330078125
6188.86572265625
6411.974609375
6607.390625
6776.9677734375
6910.40869140625
7013.42578125
7087.14990234375
7137.869140625
7174.80712890625
7204.11669921875
7231.119140625
7241.0703125
7223.90185546875
7181.3720703125
7133.22314453125
7087.2998046875
7068.2431640625
7062.005859375
7059.72900390625
7078.69287109375
7113.04443359375
7170.43408203125
7253.24560546875
7358.03369140625
7444.59619140625
7476.4609375
7501.37939453125
7513.7900390625
7508.9140625
7462.03271484375
7274.8076171875
6946.1884765625
6668.44140625
6420.74169921875
6188.75146484375
5975.02734375
5763.11181640625
5551.89892578125
5349.97509765625
5153.5673828125
4969.45556640625
