2026.158203125
2012.89501953125
2078.134033203125
2060.820556640625
2039.939208984375
2025.392333984375
2027.7462158203125
2023.455322265625
2016.797119140625
2027.578857421875
2043.5487060546875
2072.57763671875
2098.642822265625
2129.6962890625
2169.543212890625
2226.27685546875
2317.749755859375
2438.58056640625
2585.695556640625
2756.176513671875
2947.45947265625
3157.82275390625
3385.641357421875
3629.679443359375
3890.075927734375
4165.8154296875
4459.62353515625
4777.32421875
5119.52197265625
5490.80859375
5894.16455078125
6340.39990234375
6827.90087890625
336.34423828125
356.170654296875
357.3442687988281
344.46728515625
335.94775390625
334.5406494140625
337.43017578125
8807.19140625
10194.1396484375
10885.8056640625
11268.91015625
11563.0771484375
11862.20703125
12215.9248046875
12633.1044921875
13111.5322265625
13647.0361328125
14241.2109375
14827.5615234375
14838.57421875
14856.6376953125
14867.2978515625
14862.2607421875
14838.962890625
14795.2587890625
14731.6982421875
14650.431640625
14551.681640625
14436.4052734375
14305.021484375
14159.03125
14000.44921875
13829.8115234375
13648.5546875
13458.544921875
13261.15625
13057.34765625
12847.580078125
12625.498046875
12398.0283203125
12168.552734375
11918.8935546875
11684.52734375
11451.26953125
11219.388671875
10989.2470703125
10759.4423828125
10530.755859375
10303.8916015625
10080.0908203125
9859.2685546875
9644.1689453125
9432.822265625
9224.99609375
9028.2978515625
8833.8720703125
8644.556640625
8458.6318359375
8275.9755859375
8097.25390625
7922.92919921875
