1439.6517333984375
1041.802734375
807.71826171875
706.9871826171875
597.405029296875
584.9531860351562
583.7461547851562
573.1911010742188
568.3831176757812
563.613037109375
557.423828125
550.59033203125
543.3758544921875
536.3259887695312
533.16748046875
528.521240234375
521.9364013671875
514.2504272460938
506.0774230957031
497.6705627441406
489.25128173828125
480.8118591308594
472.0478210449219
462.93096923828125
453.4794921875
443.7232971191406
433.7000732421875
423.44281005859375
412.9624938964844
405.29620361328125
398.1901550292969
391.3215637207031
384.5751647949219
117.3260726928711
119.30217742919922
120.40277099609375
122.00385284423828
122.57042694091797
122.91163635253906
123.21797943115234
393.6671447753906
362.0603942871094
377.8321838378906
388.8202819824219
380.5066833496094
364.5860595703125
345.9618835449219
330.5337829589844
317.7583923339844
310.0123596191406
308.30743408203125
309.55523681640625
314.1193542480469
324.8963623046875
341.62921142578125
361.3300476074219
381.4898681640625
401.7438659667969
422.28314208984375
442.7801513671875
462.87823486328125
483.13958740234375
502.9580993652344
522.07958984375
540.4135131835938
557.9220581054688
574.4398803710938
589.5696411132812
603.1359252929688
615.1695556640625
625.5636596679688
634.2244262695312
641.360595703125
647.158935546875
651.732666015625
655.0662841796875
657.3534545898438
658.81787109375
659.2630615234375
658.7093505859375
657.2274780273438
654.9736328125
652.0496826171875
648.5494995117188
644.58837890625
640.1721801757812
635.3261108398438
630.287841796875
624.9549560546875
619.3356323242188
613.4512329101562
607.352783203125
601.0939331054688
594.7498779296875
