2063.391357421875
2037.193603515625
2040.94189453125
2089.880126953125
2066.961669921875
2054.0810546875
2044.1893310546875
2039.31396484375
2038.7467041015625
2037.798095703125
2036.738037109375
2042.3916015625
2048.110595703125
2048.60107421875
2053.390869140625
2058.810302734375
2077.12109375
2086.054443359375
2097.708251953125
2110.955322265625
2131.19287109375
2166.14208984375
2196.22314453125
2234.66796875
2287.283203125
2343.2236328125
2415.600341796875
2500.49365234375
2622.260986328125
2784.74072265625
2972.107421875
3189.7802734375
3174.53515625
108.63162994384766
111.62847900390625
113.47181701660156
116.3604736328125
118.39093017578125
119.86393737792969
120.94664001464844
2273.938720703125
2811.24658203125
2772.29052734375
2687.727783203125
2579.713623046875
2660.69921875
2764.221923828125
2842.84912109375
2894.870361328125
2922.092041015625
2931.713134765625
2917.546142578125
2885.867431640625
2861.17333984375
2831.1279296875
2790.09375
2750.465087890625
2713.11962890625
2672.31201171875
2631.1591796875
2591.909423828125
2556.7822265625
2521.730712890625
2486.322021484375
2449.31103515625
2411.327880859375
2375.9990234375
2345.32763671875
2318.103759765625
2293.426025390625
2269.080078125
2244.0673828125
2217.995361328125
2190.848876953125
2162.499755859375
2132.719482421875
2102.244873046875
2070.54833984375
2037.663818359375
2003.4034423828125
1967.91259765625
1931.80615234375
1895.6007080078125
1859.156494140625
1823.2728271484375
1787.9659423828125
1752.866943359375
1718.080078125
1683.741455078125
1649.979248046875
1616.94091796875
1584.659912109375
1553.0001220703125
1521.7559814453125
