2027.683349609375
1970.339111328125
2557.707275390625
2925.688232421875
3439.085205078125
3780.21484375
3797.155517578125
3530.664794921875
3219.126953125
2946.425048828125
2727.64990234375
2557.885498046875
2432.06201171875
2340.659423828125
2281.459716796875
2246.613037109375
2227.4091796875
2221.8701171875
2224.737548828125
2232.201171875
2243.651611328125
2260.851318359375
2286.58984375
2322.1455078125
2369.73193359375
2432.810302734375
2512.59521484375
2609.53662109375
2723.251953125
2849.22900390625
2978.43505859375
3103.61474609375
3224.348876953125
3346.908935546875
81.75389862060547
77.88961791992188
76.2945327758789
77.48762512207031
77.97988891601562
78.67884826660156
79.4339828491211
1333.39599609375
2066.721923828125
2240.64599609375
2665.5263671875
3587.631103515625
4160.74462890625
4496.3095703125
3883.50244140625
3734.515380859375
3662.91650390625
3596.210693359375
3557.93798828125
3528.844970703125
3500.95947265625
3484.1591796875
3470.607666015625
3445.525390625
3407.600830078125
3356.514404296875
3297.440673828125
3239.400634765625
3184.875732421875
3128.201171875
3067.58154296875
2999.179931640625
2927.25
2852.78662109375
2779.56884765625
2703.88525390625
2628.0732421875
2550.317626953125
2469.869873046875
2392.353759765625
2315.44482421875
2237.67822265625
2160.148681640625
2090.5107421875
2027.088623046875
1969.20849609375
1914.9232177734375
1865.1552734375
1818.932861328125
1775.470947265625
1732.076416015625
1687.341796875
1641.6304931640625
1595.5111083984375
1550.1416015625
1505.423095703125
1461.1988525390625
1417.4288330078125
1374.1141357421875
1331.41650390625
1289.8692626953125
1249.26513671875
1211.703857421875
