2024.5966796875
1869.0738525390625
1870.9453125
1717.4951171875
1527.216552734375
1427.9608154296875
1396.839111328125
1380.9188232421875
1362.8140869140625
1345.73583984375
1327.713134765625
1310.640380859375
1301.6575927734375
1295.99755859375
1291.78564453125
1290.31298828125
1293.9576416015625
1298.3829345703125
1302.595703125
1310.4034423828125
1326.643798828125
1352.0811767578125
1385.1741943359375
1424.085693359375
1467.1907958984375
1513.985107421875
1567.0560302734375
1620.7884521484375
1674.15380859375
1727.5054931640625
1780.8465576171875
1834.158447265625
1887.085205078125
184.79351806640625
171.38172912597656
188.11512756347656
211.20542907714844
233.1767120361328
251.9870147705078
2227.76318359375
2222.30517578125
2225.8876953125
2258.21923828125
2317.321044921875
2399.9482421875
2478.032470703125
2546.748291015625
2609.462890625
2672.802001953125
2730.525390625
2780.542236328125
2821.12451171875
2852.07421875
2873.313720703125
2884.956298828125
2887.55859375
2882.345947265625
2869.734375
2850.552978515625
2826.025146484375
2797.337158203125
2764.49609375
2727.724853515625
2687.269775390625
2643.469482421875
2596.81787109375
2572.690673828125
2547.7841796875
2495.2041015625
2440.61328125
2384.91796875
2328.460693359375
2271.835693359375
2215.43017578125
2157.894287109375
2101.14794921875
2045.799560546875
1991.9287109375
1939.4859619140625
1888.281494140625
1838.412109375
1789.880859375
1742.7503662109375
1696.9029541015625
1652.306640625
1608.9290771484375
1566.6727294921875
1525.6405029296875
1485.780517578125
1447.078369140625
1409.5499267578125
1373.215576171875
1338.0672607421875
1304.0882568359375
