2045.7867431640625
1998.139404296875
2141.39794921875
2141.45166015625
2195.114501953125
2187.505615234375
2166.03466796875
2150.41064453125
2143.4912109375
2145.85888671875
2159.1181640625
2171.546630859375
2181.891845703125
2194.23095703125
2208.95458984375
2220.891845703125
2228.900390625
2234.92529296875
2243.062744140625
2258.541259765625
2280.535888671875
2308.782470703125
2343.97021484375
2392.371826171875
2454.69384765625
2527.989990234375
2610.2705078125
2703.17041015625
2821.36669921875
2963.6416015625
3117.441650390625
3276.921142578125
132.5574188232422
113.22795867919922
111.44583129882812
112.00688171386719
112.52470397949219
112.85591125488281
2083.860595703125
2990.4736328125
3490.7783203125
3800.09228515625
4045.46728515625
4288.66162109375
4535.4150390625
4785.8798828125
5046.78857421875
5299.109375
5539.0556640625
5778.38037109375
6028.0966796875
6254.9208984375
6515.88671875
6316.298828125
6038.025390625
5814.5439453125
5603.14501953125
5395.78857421875
5190.595703125
4999.66015625
4809.255859375
4624.8291015625
4477.2412109375
4334.1455078125
4190.0234375
4052.4990234375
3915.813720703125
3784.166015625
3649.378662109375
3511.579345703125
3369.586181640625
3237.2333984375
3122.196044921875
3013.6171875
2904.774169921875
2792.26904296875
2677.766845703125
2564.98388671875
2456.880126953125
2352.79150390625
2258.7724609375
2163.880126953125
2072.45166015625
1982.207763671875
1893.3072509765625
1819.4134521484375
1750.94677734375
1684.763671875
1624.1021728515625
1568.7255859375
1516.234619140625
1465.87646484375
