2076.197021484375
2052.810546875
2025.7030029296875
2058.550537109375
2053.2119140625
2047.123291015625
2077.747314453125
2091.762939453125
2085.932861328125
2074.43310546875
2065.314453125
2022.346923828125
1979.31787109375
1934.424072265625
1890.0506591796875
1849.867919921875
1819.301513671875
1789.351806640625
1761.9337158203125
1734.6280517578125
1708.03564453125
1679.1522216796875
1652.220947265625
1630.533935546875
1612.8369140625
1602.00732421875
1593.1942138671875
1584.6602783203125
1581.1890869140625
1578.59814453125
1585.268310546875
1596.70263671875
1610.1473388671875
1640.486328125
117.96590423583984
118.95649719238281
119.21504974365234
119.23572540283203
119.08294677734375
121.51058197021484
122.0783462524414
1406.0927734375
1633.9813232421875
1748.413818359375
1827.8912353515625
1896.2493896484375
1965.066162109375
2035.3126220703125
2070.87255859375
2104.202392578125
2166.52783203125
2223.426513671875
2273.099365234375
2315.805908203125
2351.807861328125
2381.354736328125
2405.27099609375
2423.672119140625
2436.30908203125
2443.846435546875
2446.937255859375
2446.328125
2441.84765625
2433.733642578125
2422.994384765625
2410.157958984375
2396.1240234375
2388.857666015625
2381.05615234375
2365.2646484375
2348.792724609375
2331.567138671875
2313.71484375
2295.18701171875
2276.978515625
2257.72119140625
2237.582763671875
2216.30859375
2193.919921875
2170.411865234375
2145.751953125
2120.053466796875
2093.358154296875
2065.7216796875
2037.3328857421875
2008.3372802734375
1979.0426025390625
1949.616455078125
1920.1004638671875
1890.576171875
1861.0582275390625
1831.649658203125
1802.4342041015625
1773.4959716796875
1744.8770751953125
1716.6051025390625
1688.7227783203125
