2039.1448974609375
2022.7530517578125
2049.3291015625
2033.4327392578125
2028.1859130859375
2022.045166015625
2081.747314453125
2104.033203125
2123.062255859375
2163.630859375
2196.46875
2241.66845703125
2294.067626953125
2336.328857421875
2359.30517578125
2377.9375
2401.648193359375
2431.529296875
2471.12939453125
2533.583740234375
2618.501220703125
2723.673095703125
2848.151611328125
2990.537109375
3147.677001953125
3317.90673828125
3499.02099609375
3689.55908203125
3888.435791015625
4094.985107421875
4308.67333984375
4528.8642578125
4754.33984375
4983.77978515625
216.92791748046875
212.7566375732422
204.919189453125
189.54620361328125
175.97927856445312
167.7282257080078
162.90272521972656
4089.937255859375
4822.10205078125
5198.4140625
5416.98876953125
5599.73291015625
5796.9208984375
6022.5712890625
6146.16748046875
6283.8505859375
6596.2890625
6934.69921875
7268.44384765625
7589.2314453125
7889.865234375
8160.6279296875
8386.9169921875
8431.267578125
8157.36083984375
7903.43701171875
7665.02685546875
7438.12158203125
7216.33935546875
6996.41748046875
6777.78271484375
6560.44677734375
6345.71142578125
6239.14306640625
6133.30078125
5924.703125
5719.7099609375
5519.234375
5324.40771484375
5134.93017578125
4950.80859375
4771.4345703125
4595.4951171875
4422.40380859375
4252.07470703125
4084.414306640625
3920.550537109375
3775.7744140625
3643.22119140625
3519.460205078125
3402.779296875
3291.304931640625
3183.771728515625
3079.390869140625
2978.023193359375
2880.27001953125
2786.325439453125
2695.8544921875
2608.769775390625
2524.907958984375
2444.197265625
2366.261962890625
2291.29541015625
