2028.609375
2055.90771484375
2054.711669921875
2036.4788818359375
2032.365966796875
2029.5244140625
2018.822265625
2009.8929443359375
2014.6142578125
2025.8798828125
2046.0787353515625
2072.740966796875
2107.674560546875
2148.635009765625
2218.782958984375
2330.903564453125
2473.043701171875
2639.184814453125
2827.36376953125
3034.150146484375
3259.9453125
3502.9248046875
3768.16552734375
4052.185302734375
4355.0966796875
4681.17626953125
5031.04150390625
5409.2666015625
5826.017578125
6275.69775390625
6755.2646484375
7284.90625
369.2837829589844
369.3517150878906
358.8057556152344
348.8184814453125
349.9664611816406
355.71044921875
363.7405700683594
9488.490234375
10569.13671875
10950.451171875
11594.8466796875
12104.6455078125
12590.57421875
13084.2060546875
13624.6513671875
14210.3828125
14841.23828125
15504.46875
16008.7314453125
15954.0107421875
15890.9580078125
15810.986328125
15709.5166015625
15584.9404296875
15441.865234375
15279.2109375
15096.27734375
14893.5146484375
14672.2763671875
14434.0576171875
14179.958984375
13911.9775390625
13634.048828125
13346.748046875
13050.7421875
12746.69140625
12439.3603515625
12127.310546875
11798.603515625
11485.6591796875
11178.6884765625
10872.2099609375
10570.232421875
10273.46875
9982.388671875
9697.4091796875
9418.37109375
9144.064453125
8878.21875
8622.76171875
8374.6435546875
8138.11962890625
7907.86865234375
7683.94677734375
7467.17578125
7257.31884765625
7055.0390625
6859.3173828125
6669.56103515625
6486.05517578125
6308.89990234375
6138.091796875
