2020.2921142578125
2533.8408203125
2499.52587890625
2270.5166015625
2174.559326171875
2131.486083984375
2114.0576171875
2118.77294921875
2157.40869140625
2193.45947265625
2212.816650390625
2230.36376953125
2252.0947265625
2277.357421875
2309.3095703125
2341.31884765625
2368.32666015625
2393.326171875
2432.001953125
2489.03125
2562.772705078125
2650.20263671875
2751.79052734375
2867.31591796875
2995.962890625
3136.310546875
3292.1796875
3460.2333984375
3562.02587890625
3607.25732421875
3670.0634765625
3739.147705078125
115.89871978759766
100.25540161132812
101.9024887084961
103.16120147705078
104.25028991699219
105.36732482910156
3769.34423828125
4115.2373046875
3983.808349609375
3940.328369140625
3930.0634765625
3931.680419921875
3957.109619140625
3993.795166015625
4029.9892578125
4058.87353515625
4079.891357421875
4091.974853515625
4096.34130859375
4100.93505859375
4088.067626953125
4057.481689453125
4014.884521484375
3962.373291015625
3895.546142578125
3815.57373046875
3725.52294921875
3627.343017578125
3522.406982421875
3412.52685546875
3299.539794921875
3184.6162109375
3068.9287109375
2953.279541015625
2837.855224609375
2723.66748046875
2610.837890625
2554.8564453125
2499.116943359375
2390.175048828125
2286.669921875
2188.80859375
2096.419677734375
2009.2117919921875
1926.7933349609375
1848.8311767578125
1775.3499755859375
1706.248046875
1641.2752685546875
1580.5401611328125
1523.9892578125
1471.2061767578125
1421.7056884765625
1374.7686767578125
1329.838623046875
1286.48486328125
1244.3985595703125
1203.559326171875
1164.24169921875
1126.554443359375
1090.648193359375
