2082.722900390625
2063.375244140625
2039.5950927734375
2025.0087890625
2017.854736328125
2025.6495361328125
2046.9666748046875
2065.0078125
2060.99072265625
2051.243896484375
2059.394287109375
2091.54345703125
2111.818115234375
2131.52978515625
2149.4736328125
2167.27978515625
2187.68994140625
2209.208251953125
2228.697021484375
2263.9912109375
2319.632568359375
2394.973388671875
2490.0166015625
2597.535400390625
2716.3173828125
2847.837646484375
2993.455078125
3151.333740234375
3318.200439453125
3492.346923828125
3671.86962890625
3852.056640625
4030.091064453125
187.4529571533203
171.44993591308594
167.07530212402344
164.92095947265625
163.29702758789062
161.3498077392578
159.09423828125
3506.634033203125
3608.84375
3638.331787109375
3774.62890625
3965.43017578125
4185.474609375
4422.31201171875
4667.27587890625
4771.90234375
4916.50048828125
5175.1240234375
5442.115234375
5701.9609375
5970.75537109375
6262.8759765625
6504.38916015625
6714.07177734375
6888.09130859375
7024.17236328125
7121.72314453125
7184.591796875
7228.3212890625
7258.43115234375
7283.51123046875
7298.283203125
7287.90966796875
7250.4501953125
7202.62939453125
7155.87353515625
7131.380859375
7115.447265625
7104.83544921875
7092.71142578125
7092.00537109375
7116.51806640625
7165.8623046875
7243.8203125
7345.85009765625
7459.63818359375
7552.19775390625
7578.68505859375
7585.49951171875
7561.4677734375
7531.51220703125
7322.6962890625
6985.38720703125
6692.6435546875
6432.88330078125
6192.9072265625
5963.388671875
5742.9833984375
5535.19140625
5326.75634765625
5126.93896484375
4928.2080078125
4741.814453125
4569.2939453125
