2031.00732421875
1982.3638916015625
2356.840087890625
2842.143798828125
3428.915283203125
3517.60791015625
3338.550048828125
3082.840576171875
2859.138671875
2686.547119140625
2556.250244140625
2467.11767578125
2400.617431640625
2369.34912109375
2358.45068359375
2367.778564453125
2414.470703125
2508.456298828125
2644.013916015625
2814.70361328125
2949.56494140625
2986.42236328125
3047.045166015625
3121.960205078125
3208.672607421875
3307.35986328125
3407.376708984375
3507.821533203125
3606.8603515625
3704.9873046875
3802.58349609375
3898.83349609375
3992.7431640625
254.100341796875
247.71624755859375
252.8431396484375
260.59466552734375
254.10694885253906
247.5332794189453
248.23179626464844
5776.02099609375
5618.77294921875
5682.859375
5678.31103515625
5629.58349609375
5591.392578125
5578.9853515625
5592.17529296875
5601.4267578125
5622.04296875
5674.01416015625
5732.6982421875
5793.48974609375
5853.3017578125
5906.2900390625
5949.7080078125
5982.2763671875
6002.888671875
6010.056640625
6004.52294921875
5987.349609375
5959.80078125
5923.2255859375
5878.310546875
5825.98388671875
5766.45458984375
5700.26025390625
5627.861328125
5549.86572265625
5509.17626953125
5467.26318359375
5380.6494140625
5291.11767578125
5198.39306640625
5102.21337890625
5004.38330078125
4905.8349609375
4807.49658203125
4705.931640625
4604.232421875
4504.66552734375
4405.98779296875
4308.31689453125
4211.79443359375
4116.8837890625
4024.018798828125
3933.5439453125
3845.532470703125
3760.042236328125
3676.41357421875
3594.390380859375
3514.123046875
3436.013671875
3361.015380859375
3287.6337890625
3215.77001953125
3145.8857421875
