2037.699951171875
2006.41357421875
2097.3125
2080.124267578125
2055.24853515625
2039.090087890625
2040.9268798828125
2040.495849609375
2040.6611328125
2036.0296630859375
2035.3890380859375
2033.0804443359375
2039.1173095703125
2042.3321533203125
2054.3662109375
2069.31787109375
2081.589111328125
2093.86376953125
2105.31396484375
2119.872802734375
2139.712890625
2168.45263671875
2219.562255859375
2282.274658203125
2360.83740234375
2454.76953125
2560.580078125
2687.41845703125
2836.01806640625
2997.83837890625
3167.982421875
3340.537841796875
3516.196044921875
137.56455993652344
164.120361328125
167.62318420410156
164.68841552734375
160.0341796875
155.20962524414062
2959.697998046875
3050.84423828125
3253.990234375
3519.016357421875
3820.795166015625
4149.0283203125
4495.3642578125
4744.6787109375
4876.8974609375
5188.8330078125
5139.5458984375
5077.1669921875
5006.97802734375
4924.2783203125
4832.23046875
4731.50146484375
4621.0322265625
4500.66455078125
4384.64404296875
4279.9228515625
4175.0205078125
4073.330810546875
3974.4248046875
3875.398681640625
3768.779541015625
3660.257568359375
3562.604736328125
3471.0517578125
3378.093017578125
3286.512939453125
3192.538818359375
3095.76416015625
2982.662841796875
2865.235595703125
2741.287353515625
2616.727783203125
2511.750244140625
2409.064453125
2272.333251953125
2087.37158203125
1899.8436279296875
1761.279541015625
1628.5384521484375
1491.7677001953125
1405.0931396484375
1323.89208984375
1241.890869140625
1159.6136474609375
1099.4776611328125
1058.1280517578125
1020.6380004882812
985.37109375
953.720703125
923.8740234375
896.3071899414062
