1786.731201171875
1292.203369140625
1022.0892944335938
882.2115478515625
864.1013793945312
835.6583251953125
804.9405517578125
784.54931640625
764.4400634765625
742.0617065429688
718.427490234375
693.5364990234375
668.052001953125
641.955078125
615.3313598632812
588.584716796875
561.74072265625
534.32421875
506.7792053222656
479.3117980957031
454.37554931640625
440.96441650390625
426.8705749511719
410.2718811035156
401.8012390136719
397.9659729003906
388.57379150390625
381.88922119140625
376.84320068359375
372.1967468261719
367.24249267578125
362.37060546875
120.246826171875
122.89884185791016
123.48573303222656
123.8167724609375
124.11432647705078
124.3722915649414
346.2398376464844
311.84307861328125
421.50482177734375
455.7099304199219
394.7764892578125
340.6767272949219
316.1697692871094
312.57421875
317.7622985839844
323.32012939453125
326.5670166015625
327.5474548339844
331.4142761230469
338.21514892578125
348.08148193359375
361.3179626464844
377.6917419433594
396.6981201171875
419.8327331542969
446.3876647949219
475.4820861816406
507.29156494140625
539.1061401367188
568.302490234375
592.531494140625
612.57275390625
622.1629028320312
630.5269775390625
646.3067626953125
662.3700561523438
678.1161499023438
692.9298706054688
706.1182861328125
717.2781982421875
725.9566650390625
731.9901733398438
735.4664306640625
736.5803833007812
735.6222534179688
732.8386840820312
728.4404907226562
722.6406860351562
715.6616821289062
707.810546875
699.1863403320312
690.0943603515625
680.7445678710938
670.9480590820312
660.8639526367188
650.5585327148438
640.1039428710938
629.5827026367188
619.1292724609375
608.814208984375
598.607177734375
588.48681640625
