2081.5166015625
2053.93505859375
2014.12255859375
2049.7880859375
2087.3603515625
2074.423583984375
2081.240234375
2086.941162109375
2108.710205078125
2119.5029296875
2124.63525390625
2116.000244140625
2115.743408203125
2128.982666015625
2146.08447265625
2161.402587890625
2176.853271484375
2206.28857421875
2239.61083984375
2267.00390625
2302.124755859375
2345.626220703125
2379.09228515625
2436.8779296875
2522.6875
2597.3291015625
2627.437255859375
2650.41650390625
2715.2431640625
2775.041748046875
2833.40087890625
2878.543212890625
95.12000274658203
85.31243896484375
86.78842163085938
87.08760833740234
87.78914642333984
88.54127502441406
1401.53466796875
1488.1065673828125
1507.2548828125
2360.576904296875
3680.739501953125
4212.04345703125
4230.0693359375
3824.933349609375
3586.4482421875
3444.0361328125
3369.214111328125
3341.8994140625
3356.844482421875
3382.879638671875
3414.99609375
3450.914794921875
3490.2939453125
3542.99267578125
3608.453369140625
3675.18017578125
3742.46337890625
3803.177734375
3851.937744140625
3887.8740234375
3911.481201171875
3932.505126953125
3946.853759765625
3960.54296875
3992.5673828125
4028.557373046875
4062.363037109375
4089.826171875
4107.32275390625
4112.3515625
4106.19873046875
4089.224853515625
4064.04248046875
4030.470947265625
3989.429931640625
3941.4580078125
3887.874755859375
3829.805908203125
3767.943603515625
3703.8369140625
3638.093017578125
3570.49755859375
3500.076171875
3428.895263671875
3357.90869140625
3286.95556640625
3216.44970703125
3146.678955078125
3078.06201171875
3010.59716796875
2944.70166015625
2880.529052734375
