2052.6142578125
2028.3746337890625
2023.354248046875
2020.2913818359375
2016.9014892578125
2056.16357421875
2062.030517578125
2077.72021484375
2098.0908203125
2150.315185546875
2219.96337890625
2284.95068359375
2359.92236328125
2472.41552734375
2612.65087890625
2770.0029296875
2943.26953125
3132.255615234375
3337.697998046875
3559.7314453125
3799.7568359375
4058.96875
4336.34765625
4631.0732421875
4942.0048828125
5260.150390625
5592.60107421875
5948.08740234375
6337.068359375
6749.4560546875
7194.78662109375
7719.9140625
361.2226867675781
348.7208251953125
348.8551330566406
355.59912109375
366.43206787109375
379.51458740234375
9493.8408203125
10162.884765625
10457.4951171875
11015.857421875
11592.5634765625
12186.67578125
12773.388671875
13352.578125
13939.712890625
14539.8291015625
15152.736328125
15787.3837890625
16445.3828125
17127.91015625
17834.62109375
18319.46875
18083.63671875
17881.49609375
17680.2421875
17468.125
17240.8359375
16996.208984375
16734.392578125
16455.400390625
16160.4228515625
15849.322265625
15688.46484375
15524.66015625
15192.486328125
14852.1044921875
14510.7568359375
14165.5302734375
13817.5595703125
13470.0654296875
13121.732421875
12763.69140625
12426.0791015625
12096.517578125
11773.40625
11457.8740234375
11151.5419921875
10854.455078125
10565.3583984375
10284.3681640625
10011.439453125
9750.8369140625
9500.53515625
9257.115234375
9021.6689453125
8794.349609375
8574.1953125
8361.12890625
8155.01318359375
7955.84912109375
7763.07177734375
7576.26025390625
