2078.260986328125
2048.756103515625
2019.659423828125
2051.126953125
2068.664794921875
2080.14111328125
2080.769775390625
2086.379638671875
2073.953857421875
2051.96337890625
2006.5899658203125
1959.997802734375
1914.935302734375
1879.934326171875
1851.23486328125
1821.67724609375
1792.5010986328125
1766.90576171875
1743.0875244140625
1725.395263671875
1708.4610595703125
1693.865966796875
1679.04150390625
1667.1478271484375
1651.877685546875
1636.6488037109375
1626.0252685546875
1623.635009765625
1625.4771728515625
1626.5343017578125
1627.27197265625
1629.3980712890625
113.856689453125
114.9921875
116.1193618774414
117.02310943603516
117.73400115966797
118.35999298095703
1395.848388671875
1602.4951171875
1686.644287109375
1744.1981201171875
1795.831298828125
1828.8280029296875
1864.0802001953125
1905.0784912109375
1948.2127685546875
1989.8758544921875
2027.021728515625
2058.264404296875
2087.99560546875
2115.922607421875
2141.783203125
2165.190185546875
2184.81005859375
2200.694091796875
2213.3974609375
2223.49560546875
2231.064208984375
2235.710205078125
2236.89990234375
2234.076416015625
2226.298095703125
2213.983154296875
2207.1640625
2199.149169921875
2180.951171875
2161.944091796875
2142.98193359375
2124.403564453125
2105.897216796875
2088.573974609375
2070.446044921875
2051.22802734375
2030.900146484375
2009.371826171875
1986.4212646484375
1961.9447021484375
1936.2913818359375
1909.7001953125
1882.46630859375
1854.7147216796875
1826.375
1797.6724853515625
1768.645263671875
1739.440185546875
1710.170654296875
1680.9708251953125
1651.9476318359375
1623.19140625
1594.826171875
1566.8509521484375
1539.556640625
1512.82470703125
