1998.3028564453125
3191.02392578125
3403.916259765625
3014.829833984375
2808.158935546875
2803.1123046875
2807.544189453125
2770.339111328125
2655.084716796875
2503.58203125
2398.71484375
2311.06494140625
2244.502685546875
2183.29052734375
2124.42919921875
2081.06787109375
2035.6484375
1993.75634765625
1956.2435302734375
1922.8729248046875
1898.2503662109375
1879.0302734375
1876.974609375
1889.4471435546875
1916.770263671875
1954.9683837890625
1997.3941650390625
2041.3714599609375
2084.095458984375
2124.41015625
2161.266845703125
2194.512939453125
2224.127197265625
2249.5556640625
186.61795043945312
143.9964599609375
145.75978088378906
133.89138793945312
128.38592529296875
126.53764343261719
123.941650390625
2606.42724609375
2370.20166015625
2263.624755859375
2265.489501953125
2294.970458984375
2321.67822265625
2340.365966796875
2352.685546875
2363.124267578125
2371.821044921875
2380.599365234375
2387.84814453125
2390.249267578125
2390.0048828125
2382.196044921875
2374.173095703125
2356.532470703125
2331.392578125
2301.507080078125
2270.112548828125
2238.7080078125
2207.131103515625
2174.7373046875
2140.0810546875
2102.712890625
2061.63623046875
2017.9488525390625
1996.289794921875
1974.251953125
1931.5430908203125
1893.3870849609375
1858.9100341796875
1827.918701171875
1799.1357421875
1770.080078125
1740.7235107421875
1710.6534423828125
1681.190185546875
1650.957763671875
1619.042724609375
1587.0360107421875
1556.0482177734375
1526.1650390625
1496.8363037109375
1466.963623046875
1436.9559326171875
1405.6807861328125
1369.9608154296875
1332.8096923828125
1293.7105712890625
1255.255615234375
1217.091064453125
1180.1090087890625
1143.8753662109375
1108.0775146484375
1072.934814453125
