2041.9759521484375
1890.13427734375
1332.1612548828125
1297.7698974609375
1240.807861328125
1202.0345458984375
1166.5406494140625
1137.5369873046875
1111.0836181640625
1083.0350341796875
1053.85205078125
1026.2568359375
1000.7584228515625
980.3379516601562
957.5681762695312
933.9850463867188
910.5503540039062
889.3466796875
876.4323120117188
864.8280639648438
854.1444702148438
844.2198486328125
833.5385131835938
823.3811645507812
814.0379028320312
803.9950561523438
793.192626953125
781.6231079101562
769.4225463867188
758.379638671875
746.626220703125
734.6700439453125
115.16209411621094
115.88951873779297
116.40608215332031
116.697265625
116.98082733154297
117.27212524414062
729.36181640625
662.6994018554688
696.4313354492188
736.0525512695312
791.9319458007812
812.2689208984375
820.3243408203125
823.1515502929688
826.1621704101562
834.0827026367188
848.479248046875
868.344482421875
890.6654663085938
914.2115478515625
939.2224731445312
966.0648803710938
994.5098876953125
1023.3461303710938
1050.488525390625
1074.4603271484375
1094.8037109375
1112.5189208984375
1128.4051513671875
1142.2005615234375
1153.162353515625
1160.5614013671875
1163.3873291015625
1165.2445068359375
1166.849609375
1166.247314453125
1163.8636474609375
1160.4808349609375
1156.58056640625
1152.01123046875
1146.7332763671875
1140.28662109375
1132.374755859375
1122.9974365234375
1112.3074951171875
1100.3779296875
1087.380126953125
1073.2039794921875
1057.9493408203125
1041.8447265625
1025.0958251953125
1008.0524291992188
990.7514038085938
973.30859375
956.1155395507812
938.9827270507812
921.8453979492188
904.739013671875
887.717041015625
870.841796875
854.1181030273438
837.5546875
