2078.697509765625
2171.027099609375
2094.4443359375
2054.7978515625
2035.60205078125
2028.3896484375
2033.80810546875
2039.32861328125
2037.94189453125
2036.948486328125
2051.62841796875
2060.794921875
2070.18994140625
2082.866943359375
2093.906982421875
2097.899658203125
2103.696533203125
2121.59033203125
2140.594970703125
2159.104248046875
2180.445556640625
2206.291259765625
2242.46826171875
2282.53125
2337.685302734375
2402.58056640625
2475.35693359375
2556.7509765625
2655.3291015625
2770.118896484375
2897.326171875
3032.416015625
119.0608139038086
121.01380920410156
121.86292266845703
122.39224243164062
122.76504516601562
123.04804229736328
2451.4306640625
2577.92919921875
2701.321044921875
2963.122314453125
3234.27197265625
3505.56103515625
3769.37548828125
4028.9560546875
4285.11669921875
4557.390625
4849.87841796875
4987.1708984375
4903.0009765625
4810.02001953125
4711.291015625
4607.77392578125
4495.58642578125
4379.42724609375
4264.39501953125
4148.4169921875
4034.032470703125
3920.151611328125
3801.364990234375
3680.019287109375
3562.009521484375
3449.320068359375
3340.829345703125
3237.32275390625
3187.781494140625
3131.908203125
3014.436767578125
2907.8935546875
2810.59619140625
2714.050537109375
2614.25732421875
2516.808349609375
2413.557861328125
2309.41015625
2202.32958984375
2101.604736328125
1989.408203125
1871.974365234375
1749.2333984375
1599.2952880859375
1455.0120849609375
1315.6749267578125
1194.26318359375
1038.3372802734375
941.9431762695312
859.1263427734375
827.6231689453125
803.406005859375
782.7793579101562
761.994873046875
741.2599487304688
721.1257934570312
