2038.3699951171875
2027.19677734375
2377.82470703125
2495.56591796875
2415.67431640625
2337.95751953125
2268.062744140625
2227.789306640625
2213.638916015625
2221.863525390625
2245.94677734375
2270.841796875
2286.375
2307.149658203125
2338.151611328125
2385.99853515625
2454.550048828125
2543.21826171875
2652.400634765625
2782.74365234375
2934.1533203125
3107.086669921875
3299.04443359375
3510.953369140625
3740.9306640625
3985.2744140625
4239.033203125
4503.9755859375
4781.08935546875
5076.91796875
5394.7490234375
5681.80126953125
218.4596710205078
157.2334442138672
141.75128173828125
136.94085693359375
136.34872436523438
137.7002716064453
5631.4765625
7439.62353515625
7198.62890625
7033.61328125
7106.591796875
7259.087890625
7416.4560546875
7565.64111328125
7690.34765625
7810.984375
7924.357421875
8021.56005859375
8104.796875
8168.92724609375
8211.8603515625
8236.240234375
8241.93359375
8228.7646484375
8197.0625
8147.92236328125
8083.18408203125
8004.958984375
7916.2509765625
7818.68994140625
7713.18408203125
7599.98828125
7479.1455078125
7351.7919921875
7285.94921875
7218.55810546875
7079.9482421875
6937.1025390625
6789.58984375
6639.75341796875
6489.0078125
6337.265625
6186.0791015625
6036.83251953125
5889.4130859375
5744.15966796875
5601.82470703125
5462.50634765625
5326.48828125
5193.81689453125
5064.53271484375
4938.9501953125
4816.806640625
4698.041015625
4580.3515625
4466.15087890625
4356.3603515625
4250.099609375
4147.42919921875
4047.93017578125
3951.26708984375
3857.554931640625
