2074.939208984375
2044.119140625
2013.173828125
2078.877685546875
2069.70068359375
2059.68896484375
2052.02734375
2045.565673828125
2040.7467041015625
2037.8350830078125
2044.9696044921875
2046.630615234375
2053.384765625
2058.992919921875
2058.60498046875
2058.906005859375
2066.729248046875
2074.698974609375
2085.603271484375
2089.936279296875
2094.42822265625
2100.606689453125
2106.702392578125
2119.143798828125
2139.56982421875
2161.4248046875
2185.891357421875
2217.253173828125
2247.33056640625
2284.802490234375
2325.03515625
2374.328857421875
115.77873992919922
117.01071166992188
118.06512451171875
118.990478515625
119.83427429199219
120.58660125732422
1825.9697265625
2029.0643310546875
2332.631591796875
2641.562744140625
2938.193115234375
3215.630126953125
3203.82275390625
3144.63134765625
3080.142333984375
3006.66552734375
2924.6455078125
2832.01123046875
2729.06982421875
2641.165771484375
2624.039794921875
2615.8671875
2632.370361328125
2661.6484375
2679.86865234375
2684.822509765625
2677.8408203125
2669.042724609375
2657.039306640625
2641.037841796875
2619.857666015625
2592.23876953125
2558.471435546875
2522.282470703125
2484.135498046875
2445.455078125
2407.68505859375
2373.366455078125
2341.881103515625
2309.330322265625
2276.0
2241.910888671875
2208.3056640625
2174.07958984375
2140.011962890625
2106.05712890625
2074.221923828125
2044.9539794921875
2018.6434326171875
1994.921142578125
1973.0118408203125
1951.187744140625
1928.227294921875
1904.460693359375
1878.3731689453125
1849.6131591796875
1818.8172607421875
1786.7296142578125
1753.557373046875
1719.32421875
