2082.375
2059.37353515625
2035.56396484375
2017.53857421875
2004.9527587890625
2033.734130859375
2039.97314453125
2031.3240966796875
2025.6507568359375
2034.300048828125
2056.357421875
2061.533447265625
2068.481201171875
2084.542724609375
2112.30810546875
2141.239990234375
2165.5078125
2192.17431640625
2222.0703125
2252.630615234375
2286.640869140625
2329.6982421875
2388.883056640625
2465.41748046875
2558.336181640625
2662.7041015625
2773.253662109375
2887.536376953125
3004.9501953125
3125.300048828125
3248.29345703125
3373.596435546875
128.96617126464844
131.2847900390625
138.69329833984375
145.0054473876953
149.674560546875
153.02297973632812
3318.909912109375
3550.82763671875
3654.97705078125
3730.104736328125
3815.898681640625
3923.416748046875
4052.17138671875
4198.216796875
4357.9013671875
4525.767578125
4699.22021484375
4875.82763671875
5054.3515625
5234.62158203125
5416.08349609375
5599.70458984375
5788.79541015625
5983.82666015625
6204.15576171875
6429.75048828125
6664.673828125
6913.6025390625
7174.6943359375
7482.71630859375
7785.64794921875
8068.33837890625
8351.9697265625
8623.0146484375
8884.8896484375
9143.4716796875
9390.357421875
9623.9775390625
9843.341796875
10047.1376953125
10237.65234375
10414.8916015625
10576.4033203125
10718.205078125
10842.1865234375
10950.375
11044.091796875
11124.42578125
11191.4697265625
11245.6923828125
11287.8037109375
11318.7587890625
11338.6708984375
11346.958984375
11343.9130859375
11332.376953125
11311.0419921875
11280.263671875
11242.5439453125
11197.5654296875
