2051.00927734375
2014.99462890625
2080.159912109375
2068.052734375
2052.481689453125
2041.5098876953125
2032.890625
2041.5623779296875
2036.4979248046875
2042.1158447265625
2039.8094482421875
2035.6719970703125
2030.8424072265625
2026.2652587890625
2037.7398681640625
2040.014892578125
2039.592529296875
2050.310791015625
2063.370361328125
2076.695068359375
2087.371337890625
2098.409912109375
2106.69189453125
2117.94775390625
2133.790771484375
2156.2822265625
2193.466552734375
2244.44677734375
2300.973876953125
2373.0205078125
2455.5751953125
2544.9677734375
122.23296356201172
122.83305358886719
123.34956359863281
123.80764770507812
124.2219467163086
124.60565948486328
2151.325439453125
2318.05419921875
2371.36669921875
2543.29638671875
2732.897216796875
2934.26318359375
3138.95654296875
3338.18212890625
3531.760498046875
3722.367431640625
3907.970947265625
4089.652587890625
4268.4833984375
4445.4970703125
4627.27978515625
4827.11083984375
5033.58642578125
5242.23486328125
5440.38232421875
5370.24560546875
5297.361328125
5226.595703125
5155.421875
5081.3857421875
5004.06005859375
4921.40478515625
4835.15673828125
4745.04931640625
4650.580078125
4554.40185546875
4472.57080078125
4385.05859375
4297.74560546875
4210.95751953125
4124.798828125
4039.246826171875
3954.365478515625
3866.871826171875
3780.332763671875
3695.387451171875
3606.8671875
3519.561279296875
3435.769775390625
3354.2734375
3268.261962890625
3182.603759765625
3100.8916015625
3015.568115234375
2925.459228515625
2830.189697265625
2736.28857421875
2640.568359375
2539.38330078125
2433.697509765625
2335.7275390625
