2071.5146484375
2042.850830078125
2010.440673828125
2021.2183837890625
2035.2802734375
2046.00927734375
2056.28076171875
2070.627685546875
2089.86962890625
2099.1162109375
2106.97509765625
2118.6298828125
2132.239013671875
2141.722900390625
2160.175537109375
2179.163330078125
2205.8251953125
2236.43603515625
2265.19970703125
2293.7490234375
2321.37109375
2350.36767578125
2388.1494140625
2439.493408203125
2504.25732421875
2581.61376953125
2669.593017578125
2767.02978515625
2872.272705078125
2983.564697265625
3101.04443359375
3227.850341796875
123.70894622802734
124.11630249023438
124.47212982177734
124.97870635986328
125.36578369140625
125.64305877685547
2453.15625
3089.762939453125
3365.066162109375
3540.935546875
3689.9501953125
3841.310546875
4002.83203125
4175.32470703125
4357.51806640625
4548.61865234375
4748.5322265625
4957.9697265625
5180.84375
5427.80078125
5700.51953125
5964.78076171875
6215.30126953125
6465.7578125
6714.10498046875
6953.75537109375
7170.4736328125
7370.32568359375
7557.89990234375
7732.9404296875
7893.876953125
8044.5771484375
8182.64306640625
8312.1328125
8432.25390625
8531.564453125
8617.00390625
8692.4150390625
8758.4287109375
8815.4033203125
8861.1708984375
8894.12109375
8913.109375
8918.748046875
8614.943359375
8322.3076171875
8051.09033203125
7792.41455078125
7541.28857421875
7293.9873046875
7051.044921875
6815.40234375
6588.2138671875
6476.32177734375
6365.91845703125
6147.36083984375
5928.69970703125
5707.36572265625
5484.408203125
5261.34814453125
5047.61328125
