2086.6865234375
2069.82666015625
2047.2044677734375
2029.4403076171875
2017.4500732421875
2007.4505615234375
1998.8970947265625
2006.0860595703125
2028.5980224609375
2050.819580078125
2061.29736328125
2058.600830078125
2070.137451171875
2086.681884765625
2094.909912109375
2101.923095703125
2114.6904296875
2127.459716796875
2137.7861328125
2150.68017578125
2167.65771484375
2189.176025390625
2213.790771484375
2247.939453125
2298.54150390625
2366.9638671875
2447.14697265625
2536.706298828125
2638.02001953125
2750.60205078125
2872.51708984375
3001.754150390625
129.4031219482422
127.87702941894531
129.41445922851562
130.42433166503906
131.07015991210938
131.53823852539062
3089.444580078125
3256.4775390625
3275.331298828125
3328.704345703125
3428.804931640625
3562.977783203125
3719.7548828125
3892.724609375
4077.8291015625
4272.70556640625
4474.06005859375
4682.92333984375
4900.1181640625
5125.47705078125
5363.83837890625
5608.36181640625
5855.48779296875
6107.29736328125
6365.603515625
6637.5302734375
6785.47216796875
6938.97314453125
7246.2587890625
7565.55810546875
7876.767578125
8185.6337890625
8522.681640625
8842.40625
9153.5068359375
9458.533203125
9754.2607421875
10042.05859375
10320.2763671875
10587.5244140625
10851.3134765625
11100.9091796875
11330.83203125
11543.5390625
11740.353515625
11921.205078125
12086.49609375
12237.7548828125
12376.8076171875
12505.107421875
12566.3330078125
12625.7080078125
12737.3046875
12842.216796875
12941.8896484375
13035.037109375
13124.203125
13210.2119140625
13294.53515625
13376.2060546875
13452.642578125
13520.7373046875
