2060.89501953125
2026.448974609375
2024.5718994140625
2056.749267578125
2075.444580078125
2079.218017578125
2081.789306640625
2104.438720703125
2123.4072265625
2131.2978515625
2144.594482421875
2143.404296875
2138.533203125
2137.027587890625
2138.022705078125
2139.46728515625
2140.90087890625
2150.02783203125
2158.162353515625
2162.75244140625
2166.937744140625
2173.327880859375
2178.5498046875
2188.854248046875
2200.942626953125
2225.318115234375
2258.289794921875
2300.711181640625
2347.44775390625
2396.909423828125
2459.64990234375
2528.501953125
121.55220031738281
123.25115966796875
123.72596740722656
124.04769134521484
124.28662109375
124.48472595214844
1921.12060546875
2301.07080078125
2557.205078125
2754.294677734375
2907.213623046875
3037.170654296875
3156.7041015625
3269.800048828125
3378.949462890625
3485.91064453125
3592.43017578125
3698.147216796875
3802.37646484375
3905.487060546875
4008.38134765625
4113.46728515625
4220.1201171875
4331.16748046875
4456.52685546875
4590.71875
4715.82861328125
4844.6396484375
4972.70703125
5101.1591796875
5230.328125
5361.76171875
5490.0068359375
5610.98828125
5727.1123046875
5839.0751953125
5928.4853515625
5994.29248046875
6045.89599609375
6085.6142578125
6118.349609375
6146.19287109375
6172.05908203125
6195.21875
6211.4326171875
6229.41748046875
6256.12109375
6284.47607421875
6312.69921875
6345.7529296875
6384.642578125
6436.29931640625
6510.43994140625
6574.89013671875
6337.5439453125
6134.8583984375
5955.39404296875
5791.1474609375
5636.83544921875
5491.46337890625
