2029.289794921875
2374.251220703125
2495.5634765625
2295.05126953125
2219.306396484375
2189.2841796875
2152.881591796875
2129.50341796875
2116.018798828125
2116.287109375
2118.7265625
2134.902099609375
2152.60693359375
2174.13916015625
2193.0654296875
2210.76318359375
2237.400634765625
2258.992431640625
2279.215087890625
2300.70068359375
2325.02587890625
2351.875244140625
2382.23193359375
2425.062255859375
2486.9541015625
2566.951171875
2662.09326171875
2771.019775390625
2890.939208984375
3018.728271484375
3152.093505859375
3290.374267578125
112.93492889404297
107.48768615722656
105.72212219238281
106.1834716796875
106.7603988647461
108.05084991455078
2444.349853515625
3162.404052734375
3332.384033203125
3579.803955078125
3746.12646484375
3883.605224609375
3884.607177734375
3902.334716796875
3938.47021484375
3981.82080078125
4028.08349609375
4073.999755859375
4118.49267578125
4162.24951171875
4212.02490234375
4253.44921875
4286.53759765625
4310.6689453125
4338.1337890625
4359.29345703125
4375.99462890625
4395.00537109375
4404.61962890625
4405.5322265625
4399.12939453125
4386.224609375
4370.3369140625
4347.826171875
4317.5693359375
4278.41259765625
4232.11083984375
4178.88720703125
4119.21533203125
4054.197998046875
3985.419921875
3912.8369140625
3837.34912109375
3759.41357421875
3680.775146484375
3601.9404296875
3523.400146484375
3444.852783203125
3366.402099609375
3288.043212890625
3210.044677734375
3131.855712890625
3053.840576171875
2976.2109375
2899.01806640625
2822.252685546875
2746.089111328125
2670.7646484375
2597.776123046875
2526.475830078125
2456.451416015625
