0.008181480690836906
0.008625010028481483
0.008145161904394627
0.007853646762669086
0.007698438595980406
0.007595688570290804
0.007523815147578716
0.007465713657438755
0.00741066737100482
0.007358546834439039
0.007308748085051775
0.007259751204401255
0.0072118183597922325
0.007167399860918522
0.0071252756752073765
0.007084055338054895
0.007043601479381323
0.007004426792263985
0.006968693342059851
0.006934732664376497
0.0069020283408463
0.006870760582387447
0.006842091679573059
0.006815190892666578
0.006789071019738913
0.006762775592505932
0.006735601462423801
0.006707247346639633
0.006677542347460985
0.006645673420280218
0.0066098603419959545
0.0065729497000575066
0.0007077108602970839
0.0006288396543823183
0.0006145522929728031
0.0006233305321075022
0.0006425791070796549
0.000667195359710604
0.006717457436025143
0.006624804809689522
0.006491030100733042
0.006422249600291252
0.006374157499521971
0.006331254728138447
0.0062883710488677025
0.0062441290356218815
0.0061978562735021114
0.0061489916406571865
0.0060981400310993195
0.0060401600785553455
0.005970692727714777
0.005904194433242083
0.005834965500980616
0.005762646906077862
0.005688352510333061
0.005611636210232973
0.005532917100936174
0.005452245008200407
0.0053691682405769825
0.005283364560455084
0.005195304751396179
0.005104744341224432
0.005012348294258118
0.004918690305203199
0.00482441671192646
0.004729484207928181
0.004634210839867592
0.004539557732641697
0.004446249455213547
0.004353968892246485
0.004262108355760574
0.004170457366853952
0.004078824073076248
0.003987295553088188
0.003896647598594427
0.0038066727574914694
0.0037171626463532448
0.0036283000372350216
0.0035402425564825535
0.0034531697165220976
0.003367341822013259
0.003283149329945445
0.003200765000656247
0.003120306646451354
0.003042224794626236
0.0029658759012818336
0.0028913558926433325
0.002818545326590538
0.002747649559751153
0.002678621094673872
0.0026114319916814566
0.00254609901458025
