0.024947067722678185
0.027722148224711418
0.03228427469730377
0.033393196761608124
0.03384479135274887
0.034112997353076935
0.034340161830186844
0.03451704606413841
0.03464442491531372
0.034782905131578445
0.034934017807245255
0.035052426159381866
0.03520076721906662
0.03535429388284683
0.035535190254449844
0.03573693335056305
0.035929836332798004
0.03611648455262184
0.036301709711551666
0.03649258613586426
0.03672654926776886
0.03700981289148331
0.03734959289431572
0.03774707764387131
0.03819543868303299
0.0386868454515934
0.03921486437320709
0.039772260934114456
0.04037807881832123
0.04102153331041336
0.04170973598957062
0.04243352264165878
0.002289764815941453
0.0022319918498396873
0.002216318156570196
0.002210620790719986
0.0022079902701079845
0.002205880591645837
0.039512455463409424
0.041836898773908615
0.04310448467731476
0.04402369633316994
0.04486285150051117
0.045725662261247635
0.04664882272481918
0.047646451741456985
0.048734840005636215
0.0499483086168766
0.05127968266606331
0.05274226889014244
0.05425878241658211
0.05570737645030022
0.056847576051950455
0.05802329629659653
0.0591878704726696
0.06036226451396942
0.06152215972542763
0.06265076994895935
0.06374859064817429
0.06478875130414963
0.065801702439785
0.06680148094892502
0.06779111176729202
0.06876908242702484
0.06973674148321152
0.07068967074155807
0.07163062691688538
0.07263854146003723
0.07339788973331451
0.07102782279253006
0.06880983710289001
0.06667500734329224
0.06459226459264755
0.0625593513250351
0.06056623160839081
0.05861357972025871
0.056703727692365646
0.054833780974149704
0.053032420575618744
0.051304612308740616
0.049629028886556625
0.04800080135464668
0.046411462128162384
0.04484894499182701
0.04331308603286743
0.04180503264069557
0.040401216596364975
0.03918905556201935
0.038074180483818054
0.03702644258737564
0.03603023663163185
0.035075508058071136
