0.042397499084472656
0.047323647886514664
0.054031115025281906
0.055609118193387985
0.056163012981414795
0.05641826242208481
0.05690709501504898
0.057325076311826706
0.05761466175317764
0.05781469866633415
0.058012742549180984
0.05819827318191528
0.058367788791656494
0.058520179241895676
0.05865862965583801
0.05878134444355965
0.058894600719213486
0.0590125136077404
0.059155285358428955
0.05930212512612343
0.059538040310144424
0.059799350798130035
0.060042817145586014
0.06037614122033119
0.06084670126438141
0.061411671340465546
0.06205565854907036
0.06277535855770111
0.06359529495239258
0.0645495057106018
0.06558195501565933
0.06665437668561935
0.0036984835751354694
0.0038096897769719362
0.0038533296901732683
0.0038431978318840265
0.0037912088446319103
0.0037427162751555443
0.060647256672382355
0.06323724240064621
0.0656866580247879
0.06787606328725815
0.06985484063625336
0.07168404757976532
0.07339730113744736
0.07503404468297958
0.07663429528474808
0.07822594791650772
0.07981814444065094
0.08145680278539658
0.08241754025220871
0.0831519290804863
0.08495871722698212
0.08694951236248016
0.08902211487293243
0.09114319086074829
0.09287278354167938
0.09430984407663345
0.0957593098282814
0.09725070744752884
0.09886809438467026
0.10064876824617386
0.10314148664474487
0.10567709058523178
0.106525719165802
0.1074918657541275
0.10962136089801788
0.11195876449346542
0.1143222227692604
0.11675114929676056
0.11927193403244019
0.12189935147762299
0.12470217794179916
0.12714505195617676
0.1250048726797104
0.12064966559410095
0.11697094887495041
0.11354657262563705
0.11017804592847824
0.10674011707305908
0.10263374447822571
0.09626748412847519
0.0878300592303276
0.08894691616296768
0.0914534404873848
0.0943608433008194
0.12437207251787186
0.16206279397010803
0.20211797952651978
0.24541331827640533
0.29494065046310425
0.35408058762550354
0.4301629662513733
0.5097506046295166
