0.024535181000828743
0.02707137167453766
0.030550505965948105
0.033311761915683746
0.03378128260374069
0.03405917063355446
0.03445305675268173
0.034708570688962936
0.03492029756307602
0.03511461988091469
0.035351723432540894
0.03559917211532593
0.035852834582328796
0.03612057492136955
0.03638605400919914
0.03664379566907883
0.03690531104803085
0.03716554120182991
0.037407271564006805
0.03766978904604912
0.037981659173965454
0.03833435848355293
0.038722142577171326
0.039141424000263214
0.03959685564041138
0.04010964184999466
0.04066672548651695
0.04127098619937897
0.04191768914461136
0.04260747879743576
0.043337468057870865
0.0440962091088295
0.002430620137602091
0.0023737566079944372
0.002368179615586996
0.0023659670259803534
0.002363348612561822
0.0023598591797053814
0.03999686986207962
0.04204707592725754
0.043646905571222305
0.044948261231184006
0.046088866889476776
0.047168560326099396
0.04824689030647278
0.049357857555150986
0.050533611327409744
0.05178757756948471
0.05316875874996185
0.05462081730365753
0.056076791137456894
0.05723006650805473
0.05833681672811508
0.05946699529886246
0.06059692054986954
0.06166974455118179
0.0627114325761795
0.06369485706090927
0.06463762372732162
0.06554152816534042
0.06642120331525803
0.06728307902812958
0.068119578063488
0.06892278045415878
0.06972391158342361
0.07053928822278976
0.07103967666625977
0.06866823136806488
0.06649763137102127
0.06443053483963013
0.06240575760602951
0.060409363359212875
0.05843687057495117
0.056498218327760696
0.05461059883236885
0.05278036370873451
0.05099998787045479
0.04926791042089462
0.04757177457213402
0.045928601175546646
0.04436243698000908
0.042881861329078674
0.04150049760937691
0.040320850908756256
0.039266154170036316
0.038286350667476654
0.03735683485865593
0.03646767884492874
0.035617630928754807
0.03480622544884682
0.0340312160551548
0.033288221806287766
