3.9777719974517822
4.764081001281738
6.272038459777832
7.808445453643799
7.80152702331543
7.36099910736084
7.176332950592041
7.289796829223633
7.608028888702393
8.050725936889648
8.604649543762207
9.308921813964844
9.576613426208496
9.556507110595703
9.414054870605469
9.332210540771484
9.32522201538086
9.376115798950195
9.488042831420898
9.638357162475586
9.819733619689941
10.022579193115234
10.23475456237793
10.453211784362793
10.684932708740234
10.931808471679688
11.195738792419434
11.484993934631348
11.788914680480957
12.127105712890625
12.499837875366211
12.91379165649414
0.30613911151885986
0.26657813787460327
0.2704964876174927
0.27804407477378845
0.28781601786613464
0.2985364496707916
15.414240837097168
16.61566925048828
16.958894729614258
17.32678985595703
17.777132034301758
18.29497528076172
18.83847999572754
19.363733291625977
19.940284729003906
20.649463653564453
21.394702911376953
22.13296890258789
22.882877349853516
23.658050537109375
24.469482421875
25.317729949951172
26.202308654785156
27.120819091796875
28.070301055908203
29.040264129638672
30.021671295166016
31.009876251220703
31.999116897583008
33.00245666503906
34.022701263427734
35.053253173828125
36.09991455078125
37.1436653137207
38.2767219543457
39.340675354003906
40.37309265136719
41.37587356567383
42.36874008178711
43.36452865600586
44.36220932006836
45.36567306518555
46.357276916503906
47.30014419555664
48.18262481689453
49.00762939453125
49.786376953125
50.52614212036133
51.232933044433594
51.912071228027344
52.57102966308594
53.21388626098633
53.84001922607422
54.44940948486328
55.044559478759766
55.628055572509766
56.20737838745117
56.797447204589844
57.380435943603516
57.99454879760742
