9.23166275024414
13.515839576721191
11.046623229980469
9.004337310791016
8.071610450744629
7.6498613357543945
7.399769306182861
7.260580062866211
7.165371894836426
7.07020378112793
6.994248390197754
6.935539722442627
6.895453453063965
6.867010116577148
6.843410015106201
6.794123649597168
6.728896617889404
6.673868656158447
6.635952949523926
6.61803674697876
6.621817111968994
6.6378865242004395
6.655327796936035
6.695286750793457
6.762317180633545
6.855661392211914
6.968510150909424
7.101874351501465
7.256093978881836
7.4321699142456055
7.626874923706055
7.8457722663879395
0.47441723942756653
0.4084435999393463
0.3773641884326935
0.37334686517715454
0.37880948185920715
0.38650867342948914
9.361400604248047
9.863511085510254
10.1668119430542
10.529894828796387
10.931475639343262
11.381440162658691
11.886642456054688
12.441301345825195
13.034716606140137
13.677390098571777
14.349846839904785
15.082480430603027
15.888169288635254
16.763309478759766
17.694095611572266
18.667198181152344
19.67340850830078
20.684165954589844
21.675594329833984
22.651870727539062
23.622238159179688
24.575183868408203
25.608905792236328
26.56630516052246
27.460386276245117
28.297977447509766
29.085800170898438
29.82354164123535
30.51201629638672
31.13231086730957
31.689043045043945
32.193260192871094
32.66438293457031
33.116661071777344
33.55557632446289
33.993316650390625
34.409690856933594
34.793434143066406
35.1461296081543
35.474422454833984
35.785804748535156
36.0903205871582
36.39065170288086
36.69337844848633
37.0089225769043
37.335201263427734
37.66580581665039
37.98878479003906
38.29600524902344
38.64754104614258
38.946571350097656
39.20610046386719
39.43773651123047
39.64628982543945
