0.03788886219263077
0.04013591259717941
0.04395626485347748
0.0483684316277504
0.051468122750520706
0.052423425018787384
0.05270477384328842
0.05297151580452919
0.05329042673110962
0.05354836583137512
0.053781479597091675
0.054002515971660614
0.054181285202503204
0.054370585829019547
0.054563380777835846
0.05476341396570206
0.05496852844953537
0.05516422167420387
0.055353403091430664
0.05554720386862755
0.055744193494319916
0.05598779395222664
0.056260302662849426
0.05662797391414642
0.05709385871887207
0.057614490389823914
0.058174632489681244
0.05878905951976776
0.0594586543738842
0.06018780916929245
0.06098340451717377
0.06182187795639038
0.0038077235221862793
0.003606208134442568
0.003503359155729413
0.0034383174497634172
0.003395283129066229
0.003364336211234331
0.056915897876024246
0.05956918001174927
0.06129763275384903
0.06272216141223907
0.06407216936349869
0.06537572294473648
0.06666503101587296
0.06795389950275421
0.06925197690725327
0.07057107985019684
0.0719115287065506
0.07327000051736832
0.07465336471796036
0.07535616308450699
0.07606568187475204
0.07751826196908951
0.07900188863277435
0.08057922124862671
0.08200201392173767
0.08343134075403214
0.08486463874578476
0.0863402783870697
0.08784209191799164
0.08939031511545181
0.09059369564056396
0.09175747632980347
0.09289321303367615
0.09326151758432388
0.09394649416208267
0.09486007690429688
0.09570805728435516
0.09652404487133026
0.09748898446559906
0.09851348400115967
0.09949613362550735
0.1004992350935936
0.10184184461832047
0.1032228097319603
0.10429150611162186
0.10511685162782669
0.10584336519241333
0.10659715533256531
0.1075381338596344
0.10874337702989578
0.11004858464002609
0.10709840059280396
0.10414652526378632
0.10140103101730347
0.09881962090730667
0.0962274894118309
0.09360140562057495
0.09101751446723938
0.08866111934185028
0.08630853146314621
0.08393830060958862
0.08154022693634033
