6.971073627471924
7.885613441467285
10.166173934936523
13.39941692352295
13.647727012634277
12.273994445800781
11.951751708984375
12.169647216796875
12.556171417236328
12.841471672058105
13.126441955566406
13.398588180541992
13.70370864868164
14.085762977600098
14.611594200134277
15.317577362060547
15.8632230758667
16.324230194091797
16.883729934692383
17.60248565673828
18.45068359375
19.4715518951416
20.696609497070312
21.995481491088867
23.32543182373047
24.8730411529541
26.818498611450195
29.2310733795166
32.27201461791992
36.0999755859375
41.04173278808594
47.01277160644531
3.24520206451416
0.8395565152168274
0.7332744598388672
0.735019326210022
0.7473879456520081
0.7625176906585693
26.205371856689453
57.62147521972656
77.23295593261719
94.80985260009766
111.44424438476562
128.04698181152344
145.59503173828125
164.04197692871094
182.9167938232422
202.5022430419922
223.43592834472656
245.10311889648438
267.0719909667969
289.45648193359375
312.58209228515625
336.4628601074219
359.9033508300781
383.317626953125
402.0360412597656
414.3941955566406
426.5776062011719
438.1665954589844
449.1592102050781
459.6723327636719
468.94244384765625
476.2427062988281
481.6282958984375
486.7080993652344
491.5228576660156
495.6758728027344
499.1707458496094
501.9947509765625
504.261962890625
506.0663146972656
507.6023864746094
508.8116149902344
509.81756591796875
510.3061828613281
510.4042663574219
510.1042175292969
509.44342041015625
508.51007080078125
507.37200927734375
506.065673828125
504.6656799316406
502.9715881347656
501.1806640625
499.4283142089844
497.759765625
496.1045227050781
494.3429260253906
492.49395751953125
490.6673889160156
488.8614807128906
