0.007877090945839882
0.008945676498115063
0.01046744454652071
0.010936074890196323
0.011122208088636398
0.011213323101401329
0.011290939524769783
0.011383497156202793
0.011457673273980618
0.01155349612236023
0.01165132038295269
0.011759535409510136
0.011855293065309525
0.011952214874327183
0.012055025435984135
0.012172206304967403
0.012290538288652897
0.01241335365921259
0.012558073736727238
0.012734813615679741
0.012941457331180573
0.013173333369195461
0.013427536934614182
0.013701272197067738
0.013991359621286392
0.014280084520578384
0.014531945809721947
0.014801769517362118
0.015079289674758911
0.01536304410547018
0.015654802322387695
0.01595507375895977
0.0009065447375178337
0.0008601447916589677
0.0008491050684824586
0.0008464419515803456
0.0008463211706839502
0.0008470992906950414
0.015264926478266716
0.015920836478471756
0.0162914227694273
0.0166111309081316
0.016945073381066322
0.01730383187532425
0.01768716238439083
0.01809193566441536
0.01851653680205345
0.018967214971780777
0.019453780725598335
0.01994895003736019
0.02045559324324131
0.02098667062819004
0.021436691284179688
0.02188652567565441
0.022363461554050446
0.022863170132040977
0.02337401546537876
0.02388177067041397
0.02404794469475746
0.023451825603842735
0.02288021519780159
0.02232472226023674
0.021779481321573257
0.02124200388789177
0.020711055025458336
0.0201870147138834
0.01966969482600689
0.019159216433763504
0.018658747896552086
0.018169434741139412
0.01769171468913555
0.017225021496415138
0.016768893226981163
0.016322718933224678
0.015887709334492683
0.01546485722064972
0.015052124857902527
0.014648495241999626
0.014253816567361355
0.013867897912859917
0.01349567249417305
0.013138782232999802
0.01279491651803255
0.012461984530091286
0.012140489183366299
0.011828744783997536
0.011525972746312618
0.011232172138988972
0.01094743236899376
0.010671360418200493
0.010403677821159363
0.010143796913325787
