0.0069987052120268345
0.007886730134487152
0.00882197916507721
0.00940725952386856
0.009906619787216187
0.01005243044346571
0.010172358714044094
0.010273615829646587
0.010372050106525421
0.010469598695635796
0.010569482110440731
0.010674106888473034
0.010784278623759747
0.010895516723394394
0.011005183681845665
0.01111580803990364
0.011247506365180016
0.01141080167144537
0.011623339727520943
0.011892971582710743
0.012218535877764225
0.012593000195920467
0.013004195876419544
0.013367381878197193
0.013766827061772346
0.014192918315529823
0.014645326882600784
0.015129727311432362
0.01564209721982479
0.016178466379642487
0.016750521957874298
0.017366433516144753
0.018018674105405807
0.0010280216811224818
0.0009637033217586577
0.0009544268250465393
0.0009602268110029399
0.0009756956715136766
0.000993137015029788
0.0010105655528604984
0.018844272941350937
0.019590366631746292
0.019992327317595482
0.020330848172307014
0.020698368549346924
0.021129775792360306
0.02164974808692932
0.022265413776040077
0.022967664524912834
0.023739002645015717
0.024566512554883957
0.02545403130352497
0.02640177495777607
0.027407940477132797
0.028476295992732048
0.029602110385894775
0.030807014554739
0.03209782391786575
0.03346025198698044
0.03490012139081955
0.03649631142616272
0.03839698061347008
0.04042493924498558
0.04264286160469055
0.04503744840621948
0.04562627151608467
0.04373298957943916
0.04216578230261803
0.04070571810007095
0.03931276500225067
0.03797901049256325
0.03670019656419754
0.03547003120183945
0.03428568318486214
0.03314435854554176
0.03204796835780144
0.03099905326962471
0.029990533366799355
0.029021015390753746
0.028088439255952835
0.027193138375878334
0.026335183531045914
0.02551250346004963
0.024724263697862625
0.023968832567334175
0.023243742063641548
0.022548584267497063
0.021881865337491035
0.02124112844467163
0.02062462456524372
0.02003144659101963
0.01946076564490795
0.018912239000201225
0.018383659422397614
