-0.0
-0.0
-0.0
-0.0
-0.0
-0.0
-0.0
-0.0
-0.0
-0.0
-0.0
-0.0
-0.0
-0.0
-0.0
-0.0
-0.0
-0.0
-0.0
-0.0
-0.0
-0.0
-0.0
-0.0
-0.0
-0.0
-0.0
-0.0
-0.0
-0.0
-0.0
-0.0
-0.0
-0.0
-0.0
-0.0
-0.0
-0.0
-0.0
-0.0
-0.0
-0.0
-0.0
-0.0
-0.0
-0.0
-0.0
-0.0
-0.0
-0.0
-0.0
-0.0
-0.0
-0.0
-0.0
-0.0
-0.0
-0.0
-0.0
-0.0
-0.0
-0.0
-0.0
-0.0
-0.0
-0.0
-0.0
-0.0
-0.0
-0.0
-0.0
-0.0
5.93944605498109e-07
1.586435132594488e-06
2.4733190002734773e-06
3.264653742007795e-06
3.967956672568107e-06
4.594211986841401e-06
5.1464357966324314e-06
5.633904493151931e-06
6.063970431569032e-06
6.442050562327495e-06
6.77216758049326e-06
7.059181371005252e-06
7.308737622224726e-06
7.523991371272132e-06
7.707772056164686e-06
7.862944585212972e-06
7.99220197222894e-06
8.098044418147765e-06
8.182713827409316e-06
8.248185622505844e-06
8.296423402498476e-06
8.329132469953038e-06
