0.09448565542697906
0.10988549888134003
0.126994788646698
0.1389755755662918
0.14809228479862213
0.15163572132587433
0.15902452170848846
0.16599202156066895
0.1766577661037445
0.1846456229686737
0.1927369385957718
0.19647464156150818
0.19789692759513855
0.19813868403434753
0.19833235442638397
0.19831526279449463
0.19835159182548523
0.19845041632652283
0.19866128265857697
0.19896680116653442
0.19931179285049438
0.19968366622924805
0.20007802546024323
0.20051130652427673
0.20095907151699066
0.20143508911132812
0.20195633172988892
0.20257359743118286
0.2035045027732849
0.2047813981771469
0.20590412616729736
0.20689207315444946
0.2078060656785965
0.20872364938259125
0.20974139869213104
0.21092373132705688
0.2122681438922882
0.025315606966614723
0.024584444239735603
0.01909071020781994
0.012088499963283539
0.010443676263093948
0.008609396405518055
0.16747674345970154
0.17384926974773407
0.17807115614414215
0.18497423827648163
0.19296027719974518
0.2032790333032608
0.21333540976047516
0.22256624698638916
0.2308972328901291
0.23844100534915924
0.24529753625392914
0.25155162811279297
0.2571353316307068
0.26217493414878845
0.2668411433696747
0.2711959779262543
0.27541735768318176
0.27959689497947693
0.28378671407699585
0.28803232312202454
0.2938050925731659
0.29976195096969604
0.3062727749347687
0.31029394268989563
0.3036849796772003
0.29823336005210876
0.29361602663993835
0.28940337896347046
0.2854230999946594
0.2816533148288727
0.2780194580554962
0.274483323097229
0.27358540892601013
0.2830994725227356
0.30163928866386414
0.32863402366638184
0.36480000615119934
0.40997445583343506
0.46226346492767334
2.0034492015838623
3.039538621902466
3.8826708793640137
4.786075592041016
5.636332035064697
6.434464454650879
7.193443298339844
7.958257675170898
8.713712692260742
9.468721389770508
10.225465774536133
11.303022384643555
12.474360466003418
13.61226749420166
14.727492332458496
