0.03965145722031593
0.046977780759334564
0.053769487887620926
0.05652035400271416
0.05794345960021019
0.059187259525060654
0.059992555528879166
0.060269519686698914
0.06010405346751213
0.059656500816345215
0.05915302783250809
0.058764588087797165
0.05852656811475754
0.058435115963220596
0.05850736051797867
0.05865401774644852
0.05883891507983208
0.05903901532292366
0.05925748124718666
0.05944431200623512
0.05961008742451668
0.059762440621852875
0.0598980113863945
0.060053449124097824
0.060237497091293335
0.060465071350336075
0.0607471726834774
0.06110019236803055
0.061540666967630386
0.06206308305263519
0.06263215839862823
0.06322252750396729
0.06382062286138535
0.06443838030099869
0.004595442675054073
0.003991058096289635
0.0033294211607426405
0.002859891392290592
0.0027049717027693987
0.002679686062037945
0.0487319715321064
0.056290023028850555
0.062248289585113525
0.06540649384260178
0.06714063137769699
0.06841998547315598
0.0690293237566948
0.06962182372808456
0.07072538882493973
0.07179288566112518
0.07286951690912247
0.0739295557141304
0.07497981190681458
0.07601451873779297
0.07702380418777466
0.07799560576677322
0.07892891764640808
0.07983197271823883
0.08071424812078476
0.08158624172210693
0.08045625686645508
0.07960230112075806
0.07889428734779358
0.07822851091623306
0.07757675647735596
0.07693182677030563
0.07629262655973434
0.07566320896148682
0.07503596693277359
0.07432636618614197
0.07363662123680115
0.07295221090316772
0.07227000594139099
0.07159119099378586
0.07091494649648666
0.07024232298135757
0.06957313418388367
0.06890527904033661
0.06823386251926422
0.06756781786680222
0.0671253576874733
0.0669122189283371
0.06625506281852722
0.0656232088804245
0.06499478965997696
0.06436314433813095
0.06373295187950134
0.06310668587684631
0.062487389892339706
0.06187445670366287
0.061266012489795685
0.06066082790493965
0.06005900353193283
0.05946480482816696
0.05888156592845917
0.05831244960427284
