0.026263197883963585
0.030380433425307274
0.03255847468972206
0.033204201608896255
0.034059979021549225
0.03454265743494034
0.03480271250009537
0.0350101999938488
0.03518226370215416
0.03540166839957237
0.035672783851623535
0.0359569787979126
0.036211948841810226
0.03645341470837593
0.03666866943240166
0.03688373416662216
0.03717710077762604
0.03755325824022293
0.03802056238055229
0.03859018161892891
0.03926981985569
0.040033284574747086
0.04087340831756592
0.0417901948094368
0.04278570041060448
0.043849922716617584
0.04497404396533966
0.046161796897649765
0.04742477461695671
0.04877707362174988
0.05024917051196098
0.05189184844493866
0.053623467683792114
0.0028065508231520653
0.0026632293593138456
0.002600784646347165
0.002579075749963522
0.002587494207546115
0.0025995969772338867
0.002606662455946207
0.05086832493543625
0.05304896831512451
0.05420294031500816
0.05538744106888771
0.05642864480614662
0.05754906311631203
0.05876489728689194
0.06007707864046097
0.06148504838347435
0.06300338357686996
0.06462077796459198
0.06628845632076263
0.06795698404312134
0.06965205073356628
0.07139622420072556
0.07280385494232178
0.06971417367458344
0.06683152168989182
0.06406588107347488
0.06139015033841133
0.058929216116666794
0.05650908872485161
0.054135505110025406
0.05297386646270752
0.05182582512497902
0.04959455132484436
0.04744475334882736
0.04537355899810791
0.044356077909469604
0.04334953427314758
0.0417197048664093
0.040258124470710754
0.03889128938317299
0.03761772811412811
0.03641698136925697
0.03527768328785896
0.03419500216841698
0.033163949847221375
0.03218347951769829
0.03125448524951935
0.030373409390449524
0.02953154593706131
0.028721952810883522
0.02794051356613636
0.027182195335626602
0.026448633521795273
0.02574150264263153
0.02506074495613575
0.02440383844077587
0.023780716583132744
0.02318614162504673
0.022612715139985085
0.022045310586690903
0.02148830145597458
0.020946474745869637
0.020430047065019608
0.01994127221405506
