0.009767834097146988
0.009682769887149334
0.009446671232581139
0.009245164692401886
0.008941221050918102
0.008732263930141926
0.008640696294605732
0.008596140891313553
0.008568087592720985
0.008488954044878483
0.008428611792623997
0.00832024123519659
0.008234460838139057
0.008154821582138538
0.008077704347670078
0.00800770428031683
0.007945823483169079
0.00788895133882761
0.00783666130155325
0.007787471637129784
0.007739241700619459
0.007692650426179171
0.0076476698741316795
0.007605826482176781
0.007566234562546015
0.007528788410127163
0.0074936277233064175
0.0074602412059903145
0.007428373675793409
0.00739808427169919
0.007369730621576309
0.00734291085973382
0.007317368872463703
0.007292849011719227
0.007269273046404123
0.007246841210871935
0.0013812120305374265
0.0012182224309071898
0.0011760812485590577
0.0011737950844690204
0.0011722283670678735
0.0011709063546732068
0.007506533060222864
0.007780090440064669
0.007728880271315575
0.007616829592734575
0.00757170794531703
0.007492563221603632
0.007415507920086384
0.0073937359265983105
0.007364512421190739
0.007317299023270607
0.007276356685906649
0.007238083053380251
0.007201985456049442
0.007168183568865061
0.007136609870940447
0.007107063662260771
0.0070793810300529
0.007053328212350607
0.007028675638139248
0.007005233783274889
0.006982840597629547
0.006961350794881582
0.0069406540133059025
0.006920677609741688
0.006901284214109182
0.006882337853312492
0.006863742601126432
0.006845374591648579
0.006827200762927532
0.0068092308938503265
0.006791431922465563
0.00677375216037035
0.00675612548366189
0.006738492287695408
0.006720803212374449
0.006703019607812166
0.006685113068670034
0.006667060777544975
0.006648849230259657
0.0066304695792496204
0.006611936260014772
0.006593343336135149
0.00657464237883687
0.00655578775331378
0.0065367575734853745
0.006517689675092697
0.006498600821942091
0.006479464937001467
0.006460237316787243
0.006440871395170689
0.00642133504152298
0.006401635706424713
0.0063818893395364285
0.006362111307680607
0.006342245731502771
0.006322262343019247
0.006302103865891695
0.006281745620071888
