0.033978357911109924
0.03531968966126442
0.036322493106126785
0.037211015820503235
0.03802834823727608
0.03844678774476051
0.039021652191877365
0.03932366147637367
0.039496634155511856
0.03953589126467705
0.03954112157225609
0.039621442556381226
0.039839114993810654
0.040047574788331985
0.04024232551455498
0.04045994207262993
0.040676288306713104
0.04084514454007149
0.04097597301006317
0.04110574722290039
0.0412566252052784
0.04142425209283829
0.04125412926077843
0.040973663330078125
0.04070058465003967
0.04044121131300926
0.04019088298082352
0.039943523705005646
0.03969926759600639
0.03945986181497574
0.03922481834888458
0.038989122956991196
0.038747068494558334
0.03849697858095169
0.03824140504002571
0.03798146918416023
0.03771735727787018
0.002184281824156642
0.002293225610628724
0.0024273470044136047
0.0023788860999047756
0.0023234316613525152
0.002255217172205448
0.03936468064785004
0.04082788899540901
0.04064552113413811
0.040362779051065445
0.03995518013834953
0.039570849388837814
0.0386647991836071
0.03779391944408417
0.03706394508481026
0.03653337433934212
0.03613264858722687
0.035807400941848755
0.03552603721618652
0.03526783362030983
0.03502027690410614
0.03477681055665016
0.03453334420919418
0.03428873047232628
0.03404226154088974
0.03379406780004501
0.03354674205183983
0.03329697623848915
0.03303970769047737
0.032776057720184326
0.03251661732792854
0.03225899487733841
0.032004207372665405
0.031752005219459534
0.03150137886404991
0.031252093613147736
0.031004909425973892
0.03076019696891308
0.030517034232616425
0.030274568125605583
0.030032381415367126
0.029790757223963737
0.029550112783908844
0.02931026555597782
0.02907148003578186
0.028833670541644096
0.0285965446382761
0.0283597894012928
0.028123609721660614
0.027887895703315735
0.02765309065580368
0.027509037405252457
0.027418969199061394
0.02718530222773552
0.026954853907227516
0.02672615274786949
0.026499437168240547
0.02627517655491829
0.026052894070744514
0.025833096355199814
0.025615353137254715
0.025399979203939438
0.025187354534864426
0.024976549670100212
