0.007946358062326908
0.009862980805337429
0.009503684937953949
0.009247391484677792
0.009054227732121944
0.00898585096001625
0.008880076929926872
0.00880009587854147
0.008655790239572525
0.008534736931324005
0.008330538868904114
0.00817602314054966
0.008050909265875816
0.007950612343847752
0.00787089392542839
0.0078042736276984215
0.007745739072561264
0.00769320223480463
0.007644976954907179
0.007599386386573315
0.007555790711194277
0.007513773161917925
0.007472839672118425
0.007434154395014048
0.007398461923003197
0.007366674952208996
0.0073385089635849
0.0073129464872181416
0.007288744207471609
0.007264868356287479
0.007240749429911375
0.00721580209210515
0.007190001662820578
0.007163226138800383
0.00713438680395484
0.007102583069354296
0.007069998420774937
0.0007348107174038887
0.0006538169691339135
0.0006273256149142981
0.0006178176263347268
0.0006154545117169619
0.0006139843608252704
0.007619184907525778
0.007620672695338726
0.007554950192570686
0.007481311447918415
0.007378012873232365
0.007290603127330542
0.00714869424700737
0.007036980241537094
0.006946537643671036
0.006873719859868288
0.006814006716012955
0.0067634982988238335
0.006719197612255812
0.006679896265268326
0.006643046159297228
0.006608590949326754
0.006574372760951519
0.006539165508002043
0.006503942888230085
0.0064683533273637295
0.006432319525629282
0.006395926233381033
0.006359264254570007
0.006322156637907028
0.006284661125391722
0.006235976703464985
0.006187226623296738
0.006138441618531942
0.006089598871767521
0.006041150540113449
0.0059933229349553585
0.005945565178990364
0.005897683557122946
0.005849714390933514
0.005801701918244362
0.005753711797297001
0.005705860909074545
0.005658269859850407
0.005610964260995388
0.00556393526494503
0.005517201963812113
0.005470461677759886
0.0054239146411418915
0.005377632100135088
0.005331685300916433
0.005303632467985153
0.005286139901727438
0.0052407183684408665
0.0051959361881017685
0.0051516457460820675
0.0051078349351882935
0.005064564291387796
0.005021771416068077
0.0049794516526162624
0.004937593825161457
0.004896227270364761
0.004855392035096884
0.004815125837922096
