0.008154552429914474
0.009516973979771137
0.01043672114610672
0.010687234811484814
0.01105993427336216
0.01122203841805458
0.011314059607684612
0.011412023566663265
0.011519829742610455
0.011632992886006832
0.011778002604842186
0.01190941035747528
0.012046579271554947
0.012197221629321575
0.012351754121482372
0.012529576197266579
0.012760288082063198
0.013039092533290386
0.01335940882563591
0.013715044595301151
0.014098642393946648
0.014449135400354862
0.014801028184592724
0.015165850520133972
0.0155409574508667
0.015929071232676506
0.016332246363162994
0.01675332337617874
0.017194492742419243
0.017657224088907242
0.018145620822906494
0.018661070615053177
0.019208984449505806
0.001081019639968872
0.0010429667308926582
0.001021126052364707
0.0010053283767774701
0.0009982750052586198
0.0009955355199053884
0.0009953940752893686
0.01862005889415741
0.01923281140625477
0.019564880058169365
0.020061219111084938
0.020593315362930298
0.021187642589211464
0.021729666739702225
0.02226165495812893
0.022831382229924202
0.02342778630554676
0.023802677169442177
0.023055197671055794
0.022337840870022774
0.021639224141836166
0.02095116302371025
0.02027188055217266
0.019599488005042076
0.01893683522939682
0.018291320651769638
0.017661822959780693
0.017048493027687073
0.016451023519039154
0.015871349722146988
0.01531185768544674
0.014769134111702442
0.014241963624954224
0.013737058266997337
0.013259914703667164
0.012805778533220291
0.012372028082609177
0.011956814676523209
0.011557713150978088
0.011174370534718037
0.010807503014802933
0.010455915704369545
0.010118886828422546
0.009795292280614376
0.009484631009399891
0.009185942821204662
0.008898461237549782
0.008621777407824993
0.00835584755986929
0.008100597187876701
0.007855746895074844
0.007620987016707659
0.007395911496132612
0.00717994524165988
0.006972672883421183
0.006773791275918484
0.006582851987332106
0.0063993558287620544
0.006223360542207956
0.006054645404219627
0.00589285371825099
0.005737339146435261
