0.022380268201231956
0.028474146500229836
0.030683787539601326
0.030575022101402283
0.03067156858742237
0.030909433960914612
0.03101298026740551
0.03110264241695404
0.031194090843200684
0.03136971965432167
0.03160246089100838
0.03183998167514801
0.03209558129310608
0.03237608075141907
0.032655760645866394
0.03293505311012268
0.03322259336709976
0.03353666514158249
0.0339539535343647
0.03448916971683502
0.035131096839904785
0.03587009385228157
0.036698292940855026
0.03760509938001633
0.038569070398807526
0.039604611694812775
0.04071823135018349
0.04052610695362091
0.039979949593544006
0.039448730647563934
0.03890402242541313
0.03833349049091339
0.037735067307949066
0.0025848778896033764
0.0020662108436226845
0.001803067047148943
0.0017128379549831152
0.001736107049509883
0.0017807153053581715
0.0018687414703890681
0.04055573418736458
0.039846271276474
0.038357362151145935
0.036699507385492325
0.035542216151952744
0.0345696285367012
0.033656299114227295
0.03277098760008812
0.03192193806171417
0.03104289248585701
0.030139006674289703
0.029232749715447426
0.028320342302322388
0.027395933866500854
0.026470528915524483
0.025556456297636032
0.024651261046528816
0.023754695430397987
0.0228744950145483
0.022013099864125252
0.021173054352402687
0.02035696618258953
0.019563954323530197
0.018794434145092964
0.018053270876407623
0.01734199747443199
0.016658877953886986
0.016017699614167213
0.015438971109688282
0.014900663867592812
0.014389305375516415
0.013901500031352043
0.013435527682304382
0.012995037250220776
0.01257664617151022
0.012177417986094952
0.01179111935198307
0.011421281844377518
0.011067315936088562
0.010727058164775372
0.010401601903140545
0.010092204436659813
0.009797114878892899
0.009514604695141315
0.00924359355121851
0.008981668390333652
0.008727487176656723
0.008482095785439014
0.008246221579611301
0.008020731620490551
0.007805561181157827
0.007599981036037207
0.007403812371194363
0.007216502912342548
0.007036888971924782
