7.128054141998291
8.573946952819824
12.008193969726562
14.435927391052246
12.92551326751709
12.892102241516113
13.125076293945312
13.431241989135742
13.694500923156738
13.987236022949219
14.43623161315918
14.547115325927734
14.869681358337402
15.436915397644043
16.153270721435547
17.003103256225586
17.94341278076172
19.017730712890625
20.329505920410156
21.904441833496094
23.880022048950195
26.354042053222656
29.450218200683594
33.435794830322266
38.866703033447266
45.71737289428711
54.079410552978516
63.10569763183594
73.50375366210938
85.33228302001953
98.4909439086914
113.22230529785156
4.748520851135254
2.9751381874084473
2.823768377304077
2.6635427474975586
2.5824296474456787
2.5414421558380127
74.21865844726562
96.43109130859375
156.3326873779297
179.2474822998047
213.7953338623047
244.03555297851562
273.749267578125
302.8249206542969
331.5053405761719
360.9395446777344
380.8771667480469
398.1510925292969
414.2642517089844
428.8976135253906
441.4828796386719
452.570556640625
462.3164367675781
468.8738098144531
475.2298583984375
481.4335632324219
487.48333740234375
492.9185485839844
497.7155456542969
501.9693908691406
505.57891845703125
508.6801452636719
511.2591857910156
513.3626098632812
514.9937133789062
516.3204956054688
517.4951782226562
518.5291748046875
519.4095458984375
520.0872192382812
520.5281372070312
520.7366943359375
520.4749145507812
519.6718139648438
518.337646484375
516.6202392578125
514.5885620117188
512.3524169921875
509.98516845703125
507.5665283203125
505.1839294433594
502.8683166503906
500.3486328125
497.67987060546875
495.24163818359375
492.9248046875
490.7029113769531
488.57037353515625
486.5399475097656
484.6067810058594
482.7770080566406
