10.024015426635742
13.367030143737793
10.408537864685059
9.053282737731934
8.392402648925781
7.728172779083252
7.41876220703125
7.216151714324951
7.063309192657471
6.938833236694336
6.833591938018799
6.749542713165283
6.644949913024902
6.537447929382324
6.456389427185059
6.409183025360107
6.363276958465576
6.3484578132629395
6.367869853973389
6.420336723327637
6.498947620391846
6.593712329864502
6.703500270843506
6.8282389640808105
6.956807613372803
7.0965704917907715
7.251689910888672
7.42941427230835
7.637725830078125
7.873027324676514
8.147246360778809
8.47109317779541
8.855366706848145
0.6216785907745361
0.57289719581604
0.5607834458351135
0.5743061900138855
0.5915303230285645
0.6105812191963196
12.20405387878418
12.591747283935547
12.631867408752441
13.16835880279541
13.855902671813965
14.726105690002441
15.690102577209473
16.707347869873047
17.76203727722168
18.85712432861328
19.990171432495117
21.152341842651367
22.32695770263672
23.506103515625
24.78334617614746
26.123014450073242
27.426843643188477
28.712080001831055
29.976726531982422
31.212989807128906
32.41965866088867
33.60795593261719
34.77863693237305
35.914634704589844
36.97776794433594
37.969566345214844
38.90058898925781
39.78580856323242
40.6426887512207
41.497989654541016
42.4495964050293
43.35298156738281
44.182106018066406
44.939720153808594
45.65381622314453
46.33638381958008
47.001285552978516
47.664695739746094
48.340980529785156
49.041595458984375
49.77228546142578
50.5142707824707
51.24568557739258
51.91859436035156
52.515380859375
53.03631591796875
53.414852142333984
53.786712646484375
54.061431884765625
54.259525299072266
54.405853271484375
54.52448272705078
54.62252426147461
54.7088508605957
54.79011917114258
