0.14297910034656525
0.14849193394184113
0.14186549186706543
0.13785715401172638
0.12915784120559692
0.12519370019435883
0.11652667075395584
0.10582183301448822
0.09661766141653061
0.08864592760801315
0.08205913007259369
0.07659643143415451
0.07411017268896103
0.07365007698535919
0.07381618022918701
0.0745006650686264
0.07560694217681885
0.07697764039039612
0.07852308452129364
0.08025766909122467
0.08214041590690613
0.08415854722261429
0.08629047125577927
0.08852825313806534
0.09086400270462036
0.09331925213336945
0.09589595347642899
0.09861240535974503
0.1014721691608429
0.1044899970293045
0.10767559707164764
0.11103905737400055
0.11458934098482132
0.11834334582090378
0.12204454839229584
0.12550462782382965
0.1285744160413742
0.13120359182357788
0.13344697654247284
0.13534407317638397
0.13751359283924103
0.13785377144813538
0.13865631818771362
0.14001671969890594
0.14315339922904968
0.1467141956090927
0.1507439762353897
0.15526479482650757
0.16032439470291138
0.1659962236881256
0.1722123771905899
0.17786216735839844
0.1825798749923706
0.18681252002716064
0.1908939629793167
0.19501395523548126
0.19921180605888367
0.20348988473415375
0.20790128409862518
0.21243813633918762
0.21708714962005615
0.22184021770954132
0.22639308869838715
0.23070481419563293
0.23472115397453308
0.23850785195827484
0.2416164129972458
0.24391596019268036
0.24735698103904724
0.25183743238449097
0.2570267915725708
0.2625599801540375
0.2684279978275299
0.2742893695831299
0.2801826298236847
0.28616026043891907
0.29226523637771606
0.29851779341697693
0.30495303869247437
0.31158915162086487
0.31844446063041687
0.32550719380378723
0.32889288663864136
0.3327037990093231
0.340027779340744
0.3475821614265442
0.35534802079200745
0.3633280396461487
0.3715116083621979
0.3798874020576477
0.38847243785858154
0.3973340094089508
0.40651994943618774
0.41598477959632874
0.42570897936820984
0.4356812834739685
0.44588539004325867
