0.1695801317691803
0.16993120312690735
0.1846684217453003
0.21200445294380188
0.23000271618366241
0.23666565120220184
0.24112184345722198
0.24459756910800934
0.24725638329982758
0.24928978085517883
0.25114262104034424
0.2528836727142334
0.2544685900211334
0.25577524304389954
0.2571704387664795
0.25907978415489197
0.2607186436653137
0.2622703015804291
0.2637287378311157
0.2651057243347168
0.2663995027542114
0.26743966341018677
0.2683619558811188
0.2692437171936035
0.2701685130596161
0.2710265815258026
0.27200815081596375
0.27314186096191406
0.27445274591445923
0.27588969469070435
0.2774779796600342
0.27924421429634094
0.024363402277231216
0.02423870749771595
0.024182181805372238
0.024127021431922913
0.023977437987923622
0.02385087125003338
0.22547201812267303
0.25091230869293213
0.26358339190483093
0.2797764539718628
0.29441598057746887
0.30796679854393005
0.3209175765514374
0.3338702917098999
0.3470560610294342
0.36072203516960144
0.3745410442352295
0.38165175914764404
0.38867485523223877
0.4024967551231384
0.4163852334022522
0.43037036061286926
0.4444310963153839
0.45943254232406616
0.47619837522506714
0.4965161681175232
0.5183976888656616
0.5410838723182678
0.5645182132720947
0.588684618473053
0.6139049530029297
0.6393371820449829
0.6654080748558044
0.6920523643493652
0.747772216796875
0.9722371697425842
1.3749358654022217
3.7155494689941406
27.082504272460938
36.896629333496094
44.70805358886719
52.346885681152344
60.27425003051758
68.57412719726562
76.93283081054688
84.76924896240234
90.19161224365234
92.73404693603516
95.33333587646484
103.281005859375
110.94491577148438
117.36618041992188
122.77678680419922
127.5713882446289
131.59783935546875
135.10516357421875
138.12969970703125
141.16140747070312
144.16793823242188
146.80690002441406
149.21461486816406
151.2958221435547
