0.11214930564165115
0.12275421619415283
0.1382564902305603
0.14859811961650848
0.15069124102592468
0.15183010697364807
0.15282244980335236
0.15360145270824432
0.1543591469526291
0.15542981028556824
0.15655480325222015
0.15742851793766022
0.15821820497512817
0.1589246243238449
0.15957699716091156
0.16017666459083557
0.16078069806098938
0.16152352094650269
0.16234417259693146
0.16320525109767914
0.16413889825344086
0.16512873768806458
0.16618157923221588
0.16739331185817719
0.16893088817596436
0.1707065850496292
0.17270009219646454
0.1748533844947815
0.1771252602338791
0.17952308058738708
0.18212881684303284
0.1849575936794281
0.011812308803200722
0.010171568021178246
0.009282009676098824
0.008891836740076542
0.008688606321811676
0.008549840189516544
0.15825581550598145
0.17059728503227234
0.1789848357439041
0.18587173521518707
0.19228149950504303
0.19864299893379211
0.20525620877742767
0.21577823162078857
0.22813063859939575
0.24151799082756042
0.2550232410430908
0.27004340291023254
0.2679685652256012
0.2625441551208496
0.25715819001197815
0.251852810382843
0.2466462254524231
0.2415066659450531
0.23641197383403778
0.2313980907201767
0.22650384902954102
0.22163867950439453
0.21674604713916779
0.21180574595928192
0.20684264600276947
0.20162005722522736
0.1964358538389206
0.19128620624542236
0.18619404733181
0.1812170296907425
0.17652423679828644
0.17186599969863892
0.16709081828594208
0.16218946874141693
0.1571146845817566
0.15224823355674744
0.14913761615753174
0.14737586677074432
0.14632588624954224
0.1456659585237503
0.14528661966323853
0.14526262879371643
0.14559206366539001
0.1464165449142456
0.14796951413154602
0.15027102828025818
0.15314526855945587
0.1564171016216278
0.15952900052070618
0.16285741329193115
0.1664176732301712
0.17019914090633392
0.17417339980602264
0.1783735305070877
