0.007788964081555605
0.00871999654918909
0.009891741909086704
0.010915668681263924
0.011152622289955616
0.011237130500376225
0.011302540078759193
0.011409524828195572
0.011532023549079895
0.011650247499346733
0.011755866929888725
0.01187263336032629
0.011975901201367378
0.012076261453330517
0.012181290425360203
0.01229250617325306
0.012409335933625698
0.012529865838587284
0.012659524567425251
0.012804134748876095
0.012970923446118832
0.01316074375063181
0.013373048976063728
0.013608583249151707
0.013865210115909576
0.014134254306554794
0.014395603910088539
0.014648675918579102
0.014919552952051163
0.01519960630685091
0.015490156598389149
0.015792693942785263
0.0008307134849019349
0.0007826881483197212
0.0007720491848886013
0.0007728154305368662
0.0007782129687257111
0.0007856886368244886
0.015035966411232948
0.015953892841935158
0.016435202211141586
0.016778714954853058
0.017089642584323883
0.017408033832907677
0.017748313024640083
0.018114272505044937
0.018508391454815865
0.01894570142030716
0.01940266229212284
0.019877497106790543
0.02003917098045349
0.020380059257149696
0.020926637575030327
0.021484781056642532
0.021970227360725403
0.02246522717177868
0.022990576922893524
0.023526201024651527
0.024048808962106705
0.024068566039204597
0.02348814159631729
0.02293415367603302
0.02239271253347397
0.02186097949743271
0.021338390186429024
0.020824233070015907
0.02058517374098301
0.020317217335104942
0.01981811784207821
0.019327495247125626
0.01884358562529087
0.018369754776358604
0.017907321453094482
0.017455492168664932
0.017013365402817726
0.016580095514655113
0.016155503690242767
0.01574045792222023
0.015334516763687134
0.014936131425201893
0.014544984325766563
0.014160792343318462
0.013783358968794346
0.01341256033629179
0.013053799979388714
0.012708407826721668
0.012374740093946457
0.012053032405674458
0.011742541566491127
0.011443788185715675
0.011155040934681892
0.010875770822167397
0.01060560904443264
0.010343784466385841
