0.007994183339178562
0.008973498828709126
0.010450095869600773
0.011346242390573025
0.011462627910077572
0.011545608751475811
0.011630670167505741
0.011714452877640724
0.01179048977792263
0.011849761009216309
0.011900526471436024
0.011966470628976822
0.012051425874233246
0.01213047280907631
0.012201663106679916
0.012296107597649097
0.012392374686896801
0.012492815032601357
0.012606289237737656
0.012750823982059956
0.012928107753396034
0.013130203820765018
0.013352294452488422
0.013590843416750431
0.01384675782173872
0.014120769686996937
0.014410222880542278
0.014713112264871597
0.014983239583671093
0.015263640321791172
0.015558888204395771
0.01586863398551941
0.0009120152681134641
0.0009168133838102221
0.0009151865961030126
0.0009132638806477189
0.0009112886618822813
0.0009097084403038025
0.015854043886065483
0.016314134001731873
0.01662122830748558
0.016948234289884567
0.017301416024565697
0.017680974677205086
0.018090348690748215
0.018535586073994637
0.019008023664355278
0.019508399069309235
0.02005045674741268
0.020655859261751175
0.02131492644548416
0.02178269624710083
0.02226966619491577
0.022782601416110992
0.023318307474255562
0.02387937717139721
0.024461477994918823
0.02505502849817276
0.025656510144472122
0.026264630258083344
0.02687256410717964
0.027477795258164406
0.028067052364349365
0.028640935197472572
0.029204029589891434
0.029759889468550682
0.030310356989502907
0.030854148790240288
0.03139239922165871
0.03193937614560127
0.03247345611453056
0.03298964723944664
0.03350699692964554
0.034032005816698074
0.03454173728823662
0.03503534570336342
0.03550563380122185
0.03595277667045593
0.036380283534526825
0.03678396716713905
0.037161219865083694
0.03617340326309204
0.0351615846157074
0.03419947624206543
0.03327123820781708
0.03237288445234299
0.03150120750069618
0.03065570443868637
0.029834367334842682
0.02903679758310318
0.0282633975148201
0.027514629065990448
