0.024844417348504066
0.027503283694386482
0.03195918723940849
0.03340976685285568
0.03385880962014198
0.0341436043381691
0.034346070140600204
0.03453589975833893
0.03466866537928581
0.034796297550201416
0.034929875284433365
0.035052891820669174
0.035202283412218094
0.03535665199160576
0.035537026822566986
0.03573592007160187
0.03592802584171295
0.036115337163209915
0.03629929944872856
0.03648914396762848
0.036722443997859955
0.0370095930993557
0.037354473024606705
0.037757258862257004
0.03821054846048355
0.03870614245533943
0.039237719029188156
0.03979847580194473
0.0404093861579895
0.04105741158127785
0.041749995201826096
0.04247812554240227
0.002246837830170989
0.002150589833036065
0.002120992634445429
0.0021142305340617895
0.002116699004545808
0.00212344853207469
0.03959997743368149
0.04200420528650284
0.04322894290089607
0.04409763962030411
0.044904228299856186
0.04575296491384506
0.04667272791266441
0.047674816101789474
0.048766717314720154
0.049982793629169464
0.051314953714609146
0.052766840904951096
0.05427670106291771
0.05571812763810158
0.05686232075095177
0.058038197457790375
0.05919460207223892
0.06035797670483589
0.06151774898171425
0.06265188753604889
0.06374838948249817
0.0647851750254631
0.06579224765300751
0.06678760051727295
0.06777230650186539
0.06875010579824448
0.06970921903848648
0.07065213471651077
0.0715886726975441
0.07259133458137512
0.07343465834856033
0.07106875628232956
0.06885728240013123
0.06672611832618713
0.06464211642742157
0.06260315328836441
0.06060287728905678
0.0586494542658329
0.05674415081739426
0.05488479137420654
0.053079377859830856
0.05135145038366318
0.04967590793967247
0.04804384708404541
0.046445414423942566
0.044879212975502014
0.04334050416946411
0.0418415404856205
0.0404195599257946
0.03920308127999306
0.038087911903858185
0.03703954443335533
0.036041513085365295
0.035085394978523254
