1500.0
1500.0
1500.0001220703125
1500.0
1500.0
1500.0
1500.0
1500.0
1500.0
1500.0
1500.0
1500.0
1500.0
1500.0
1500.0
1500.0
1500.0
1500.0
1500.0
1500.0
1500.0
1500.0
1500.0
1500.0
1500.0
1500.0
1500.0
1500.0
1500.0
1500.0
1500.0
1500.0
100.0
100.0
100.0
100.0
100.0
100.0
1497.1309814453125
1499.999755859375
1500.0
1500.0
1500.0
1500.0
1500.0
1500.0
1500.0
1500.0
1500.0
1500.0
1500.0
1500.0
1481.6368408203125
1410.094970703125
1339.5323486328125
1271.9920654296875
1207.556396484375
1144.6632080078125
1083.0577392578125
1022.7147216796875
964.3812255859375
908.26708984375
855.66259765625
812.3552856445312
773.9682006835938
738.257080078125
704.4937133789062
672.57177734375
643.4296264648438
616.056396484375
589.792724609375
564.0953979492188
551.3308715820312
539.0952758789062
518.7747192382812
499.5787048339844
479.8534851074219
459.42083740234375
439.21881103515625
422.3616027832031
405.19696044921875
388.03228759765625
371.3172607421875
355.0128173828125
341.695556640625
328.8986511230469
315.12127685546875
300.1009216308594
285.09368896484375
271.1058044433594
258.29833984375
248.18649291992188
241.18313598632812
