1500.0
1500.0
1500.0
1500.0
1500.0
1500.0
1500.0
1500.0
1500.0
1500.0
1500.0
1500.0
1500.0
1500.0
1500.0
1500.0
1499.9993896484375
1500.0
1500.0
1500.0
1500.0
1500.0
1500.0
1500.0
1500.0
1500.0
1500.0
1500.0
1500.0
1500.0
1500.0
1500.0
100.0
100.0
100.0
100.0
100.0
100.0
1500.0
1499.9998779296875
1500.0
1499.9998779296875
1500.0
1500.0
1500.0
1500.0
1500.0
1500.0
1500.0
1500.0
1500.0
1500.0
1500.0
1500.0
1500.0
1500.0
1500.0
1500.0
1500.0
1500.0
1500.0
1500.0
1500.0
1500.0
1500.0
1500.0
1500.0
1500.0
1500.0
1427.6036376953125
1344.06640625
1290.518310546875
1241.60888671875
1191.911865234375
1139.1422119140625
1082.209716796875
1028.087646484375
977.9595947265625
944.6463012695312
912.9805297851562
875.4359130859375
833.530517578125
789.3945922851562
744.3903198242188
700.1512451171875
656.5398559570312
615.31689453125
594.7808227539062
574.7452392578125
552.3734741210938
529.5313720703125
506.88739013671875
