1500.0
1500.0
1500.0
1500.0
1500.0
1500.0
1500.0
1500.0
1500.0
1500.0
1500.0
1500.0
1500.0
1500.0
1500.0
1500.0
1499.9981689453125
1499.9971923828125
1500.0
1500.0
1500.0
1500.0
1500.0
1500.0
1500.0
1500.0
1500.0
1500.0
1500.0
1500.0
1500.0
1500.0
100.0
100.0
100.0
100.0
100.0
100.0
1500.0
1500.0
1500.0
1500.0
1500.0
1500.0
1500.0
1500.0
1500.0
1500.0
1500.0
1500.0
1500.0
1500.0
1500.0
1500.0
1500.0
1500.0
1500.0
1500.0
1500.0
1500.0
1500.0
1500.0
1500.0
1500.0
1500.0
1449.63818359375
1397.2451171875
1346.298095703125
1296.6553955078125
1248.310546875
1201.4234619140625
1156.1773681640625
1112.5306396484375
1070.47509765625
1029.9534912109375
990.9168090820312
953.3187866210938
917.0350341796875
881.8109741210938
847.9559936523438
815.4072875976562
784.2230224609375
754.0501098632812
725.2904052734375
697.6600341796875
671.1048583984375
645.4862060546875
620.8321533203125
597.0448608398438
574.2034912109375
550.8228759765625
529.7724609375
