1500.0
1252.96826171875
1076.29296875
1030.4285888671875
1012.7765502929688
998.9600219726562
984.3265991210938
970.5682373046875
959.0603637695312
947.968994140625
937.3978271484375
927.650146484375
918.3892211914062
908.95849609375
899.5728759765625
890.595458984375
881.8499755859375
873.0947265625
863.847412109375
854.2062377929688
844.3739624023438
834.13720703125
822.8414916992188
810.0219116210938
795.5922241210938
779.6979370117188
762.6110229492188
744.585693359375
726.1553344726562
708.9149780273438
691.5894775390625
674.4995727539062
100.0
100.0
100.0
100.0
100.0
100.0
675.7355346679688
623.61083984375
598.1646728515625
582.8004760742188
569.3184814453125
555.7068481445312
541.5289916992188
526.75390625
511.4305725097656
495.62017822265625
479.49114990234375
463.69281005859375
448.3915100097656
433.1280212402344
417.9281921386719
402.94842529296875
388.3127136230469
374.0401916503906
360.0792541503906
346.3775329589844
332.92626953125
319.7545471191406
306.8500671386719
294.2744445800781
282.063720703125
270.2594299316406
258.8591613769531
247.8815460205078
237.39682006835938
227.4789581298828
218.0410614013672
208.98321533203125
200.23733520507812
191.7604522705078
183.3043975830078
175.3611297607422
167.73622131347656
160.3243865966797
153.0400390625
146.18629455566406
139.66831970214844
133.33139038085938
126.90975952148438
121.24420166015625
115.87335968017578
113.271240234375
110.71752166748047
105.84674072265625
101.25118255615234
96.90254974365234
92.72918701171875
88.76335906982422
85.00736236572266
81.43378448486328
78.04935455322266
