1499.998779296875
1499.9998779296875
1500.0
1500.0
1500.0
1500.0
1500.0
1500.0
1500.0
1500.0
1500.0
1500.0
1500.0
1500.0
1500.0
1500.0
1500.0
1500.0
1500.0
1500.0
1500.0
1500.0
1500.0
1500.0
1500.0
1500.0
1500.0
1500.0
1500.0
1500.0
1500.0
1500.0
100.0
100.0
100.0
100.0
100.0
100.0
1500.0006103515625
1500.0
1500.0
1500.0
1500.0
1500.0
1500.0
1500.0
1500.0
1500.0
1500.0
1500.0
1500.0
1500.0
1500.0
1500.0
1500.0
1500.0
1500.0
1500.0
1500.0
1500.0
1500.0
1500.0
1500.0
1500.0
1500.0
1500.0
1500.0
1500.0
1500.0
1500.0
1497.717529296875
1444.0499267578125
1393.723388671875
1345.2906494140625
1298.80322265625
1254.1224365234375
1211.353759765625
1170.2926025390625
1130.735595703125
1092.3271484375
1054.8907470703125
1018.2588500976562
982.4596557617188
964.7779541015625
947.4059448242188
914.2341918945312
882.0302734375
850.5374755859375
819.1537475585938
792.8240356445312
769.4273681640625
747.3046264648438
726.501953125
