1499.9998779296875
1500.0
1091.4112548828125
946.2005615234375
905.7327880859375
873.6286010742188
843.3088989257812
815.7037963867188
789.0977172851562
765.5101928710938
746.4401245117188
730.1922607421875
714.0775146484375
697.50390625
680.0089721679688
663.328369140625
649.6021118164062
635.334716796875
621.2871704101562
609.3201904296875
601.7410888671875
594.9218139648438
587.6430053710938
579.6420288085938
570.7084350585938
561.1261596679688
551.5458374023438
541.9033813476562
532.1671752929688
522.153076171875
511.4185485839844
499.7419128417969
100.0
100.0
100.0
100.0
100.0
100.0
786.3055419921875
573.3907470703125
496.2986755371094
448.2830810546875
420.6693420410156
402.6400146484375
390.3993835449219
381.79083251953125
373.7049865722656
365.5964660644531
357.5927734375
349.5456237792969
341.2447509765625
332.90008544921875
324.70037841796875
316.6838684082031
307.9826354980469
298.9226379394531
291.3808288574219
284.1563415527344
277.02532958984375
269.9024353027344
262.7593688964844
255.6182403564453
248.488037109375
241.4042510986328
234.36526489257812
227.39808654785156
220.52833557128906
213.80133056640625
207.26185607910156
200.9505615234375
194.85667419433594
188.9654998779297
183.3482208251953
178.08132934570312
172.96372985839844
168.02285766601562
163.2604522705078
158.6646270751953
154.25418090820312
150.0182647705078
145.94256591796875
142.06661987304688
138.33595275878906
134.7465057373047
131.29327392578125
127.97199249267578
124.77964782714844
121.720947265625
118.78645324707031
115.96892547607422
113.25851440429688
110.65422058105469
