1380.0478515625
1038.6748046875
803.4983520507812
669.1732788085938
602.1835327148438
572.0833740234375
551.1512451171875
532.2581787109375
514.656005859375
498.9776611328125
490.886474609375
485.8924255371094
480.4997863769531
474.73358154296875
468.64752197265625
460.955078125
453.1172790527344
445.9431457519531
439.17669677734375
432.17840576171875
425.01116943359375
417.68280029296875
410.1267395019531
402.02130126953125
393.4678649902344
384.5859375
375.466552734375
366.01446533203125
356.2654113769531
346.30712890625
337.81207275390625
329.1902160644531
100.0
100.0
99.9999771118164
100.0
100.0
100.0
457.4989318847656
331.5159912109375
293.71533203125
277.025634765625
267.4442443847656
262.8539123535156
258.9957275390625
255.29925537109375
251.7399444580078
248.25802612304688
243.73431396484375
239.85885620117188
236.37071228027344
232.59674072265625
228.76937866210938
225.18626403808594
221.5126190185547
217.8277130126953
214.16787719726562
210.3972930908203
206.40673828125
202.26309204101562
198.07003784179688
193.83103942871094
189.43661499023438
184.9516143798828
180.3793182373047
175.74159240722656
171.07708740234375
166.4455108642578
161.8594207763672
157.34732055664062
152.91778564453125
148.5876007080078
144.38075256347656
140.328857421875
136.42478942871094
132.6295623779297
128.96786499023438
125.4295883178711
122.00254821777344
118.6890640258789
115.58561706542969
112.60671997070312
109.72022247314453
106.93138122558594
104.25301361083984
101.67796325683594
99.20318603515625
96.8370590209961
94.57352447509766
92.39666748046875
90.30308532714844
88.29344940185547
