1463.8328857421875
1137.26611328125
918.7901611328125
793.2890625
681.7982788085938
618.3945922851562
590.5894775390625
572.2495727539062
560.2283935546875
550.21044921875
544.8491821289062
543.3539428710938
546.3294067382812
549.508544921875
551.933349609375
554.3709106445312
555.8881225585938
556.3778686523438
555.8384399414062
554.262939453125
551.7879638671875
548.614990234375
544.9207763671875
541.031494140625
537.2630004882812
533.691650390625
530.2190551757812
526.8427734375
523.6194458007812
520.4474487304688
517.1798095703125
513.7689819335938
510.2382507324219
506.6269226074219
502.865234375
498.97686767578125
494.94580078125
99.99749755859375
100.0
100.00048065185547
100.0
100.0010986328125
100.0
767.2640380859375
737.4314575195312
696.4962158203125
656.3361206054688
560.95751953125
527.1287841796875
496.42041015625
467.1375732421875
452.0269775390625
444.1114807128906
439.9502258300781
437.5478820800781
435.73504638671875
433.87298583984375
431.6510314941406
428.9512023925781
425.76983642578125
422.1649475097656
418.218017578125
414.0050964355469
409.5873718261719
405.0157470703125
400.3387145996094
396.2335510253906
392.1226501464844
387.8000183105469
383.45538330078125
379.115234375
374.8060302734375
370.57452392578125
366.4265441894531
362.3150329589844
358.2181396484375
354.13165283203125
350.06707763671875
346.0437927246094
342.1136169433594
338.2557067871094
334.45074462890625
330.7217712402344
327.01971435546875
323.3262634277344
319.6312255859375
315.9281005859375
312.0103759765625
307.9250793457031
304.01947021484375
300.1979675292969
296.6138916015625
293.1297302246094
289.5708923339844
285.9446105957031
282.3442687988281
278.87451171875
275.6434631347656
272.66925048828125
269.8611755371094
