1048.268798828125
818.8941040039062
706.4028930664062
678.9522094726562
662.5093383789062
643.45703125
629.2637939453125
614.1368408203125
598.71337890625
577.3165283203125
558.87890625
532.439697265625
514.3884887695312
501.09033203125
490.19268798828125
480.7864685058594
472.7591857910156
466.0726623535156
460.68170166015625
456.4367370605469
452.7622375488281
449.2825927734375
445.8978576660156
442.7320861816406
439.8261413574219
437.2051086425781
434.9014587402344
432.8519592285156
430.9806213378906
429.2430419921875
427.6148376464844
426.03302001953125
424.4319763183594
422.8343811035156
421.2873840332031
419.8211364746094
418.4315185546875
100.00000762939453
100.0
100.0
100.0
100.0
100.0
540.5260620117188
526.5805053710938
496.7691345214844
478.33587646484375
463.3650817871094
457.4516906738281
449.99310302734375
438.5765686035156
429.40704345703125
421.8758850097656
415.55096435546875
410.0956726074219
405.2688293457031
400.8089294433594
396.5548095703125
392.41595458984375
388.3266296386719
384.2563171386719
380.19873046875
376.1478576660156
372.5078125
368.8663635253906
365.1908874511719
361.4794921875
357.7918701171875
354.1272888183594
350.5085144042969
347.04931640625
343.6287536621094
340.2192077636719
336.8725280761719
333.6062927246094
330.39801025390625
327.2342224121094
324.1039733886719
321.00933837890625
317.9553527832031
314.945068359375
311.98016357421875
309.0605773925781
306.18621826171875
303.35955810546875
300.58172607421875
297.85101318359375
295.16729736328125
292.5287170410156
289.9322814941406
287.3794860839844
284.8727722167969
282.41357421875
280.0020446777344
277.6390686035156
275.32269287109375
273.05810546875
270.8395690917969
268.656982421875
266.46185302734375
