1500.0003662109375
1500.000244140625
1500.0
1500.058837890625
1500.49755859375
1500.0
1256.890869140625
1154.2164306640625
1110.879638671875
1089.6990966796875
1053.9156494140625
1036.3275146484375
1019.18212890625
1013.1702270507812
1013.1232299804688
1012.8397216796875
1013.0410766601562
1013.6859130859375
1014.8106689453125
1015.9107666015625
1016.08642578125
1016.0997314453125
1016.2339477539062
1016.1597900390625
1015.6968994140625
1014.6365966796875
1012.9775390625
1010.765380859375
1008.0475463867188
1005.0358276367188
1001.771484375
997.99853515625
993.6412353515625
988.6987915039062
983.1919555664062
977.2183837890625
970.6053466796875
100.0
100.0
100.0
100.0
100.0
100.0
1499.9998779296875
1454.494873046875
1322.1927490234375
1248.596923828125
1184.707763671875
1160.2969970703125
1128.5128173828125
1060.4932861328125
1005.6567993164062
963.820556640625
932.2193603515625
908.2445068359375
889.2742309570312
873.855224609375
861.6759033203125
851.0791015625
841.607177734375
832.8924560546875
824.7946166992188
817.1151733398438
809.6967163085938
802.41748046875
795.3334350585938
788.2317504882812
781.0272216796875
773.6965942382812
766.2483520507812
758.7611694335938
751.1853637695312
743.4790649414062
735.6644287109375
727.788818359375
719.8947143554688
711.9794311523438
704.0563354492188
696.1513671875
688.1886596679688
680.1566162109375
672.1486206054688
664.2587280273438
656.5485229492188
649.0599365234375
641.7064208984375
634.1719360351562
626.7356567382812
619.3034057617188
611.9974365234375
604.8754272460938
598.0689086914062
591.6765747070312
585.582763671875
579.5631103515625
573.4871826171875
567.3146362304688
561.0576171875
554.7868041992188
548.580078125
