1500.0
1500.0
1500.0
1500.0
1500.000244140625
1499.9996337890625
1500.0
1500.0
1500.0
1500.0
1500.0
1500.0
1500.0
1500.0
1500.0
1500.0
1500.0
1500.0
1500.0
1500.0
1500.0
1500.0
1500.0
1500.0
1500.0
1500.0
1500.0
1500.0
1500.0
1500.0
1500.0
1500.0
1500.0
100.0
100.0
100.0
100.0
100.0
100.0
1499.9998779296875
1500.0
1500.0
1500.0
1500.0
1500.0
1500.0
1500.0
1500.0
1500.0
1500.0
1500.0
1500.0
1500.0
1500.0
1500.0
1500.0
1500.0
1500.0
1500.0
1500.0
1500.0
1500.0
1500.0
1500.0
1500.0
1473.6961669921875
1419.46435546875
1372.0418701171875
1328.3514404296875
1286.791259765625
1246.5003662109375
1206.2294921875
1168.28564453125
1133.0562744140625
1099.905029296875
1069.832275390625
1040.545166015625
1010.2296142578125
978.4955444335938
945.4710693359375
911.0513305664062
876.5548095703125
846.2886962890625
824.411376953125
805.9563598632812
785.4388427734375
764.696533203125
745.0911254882812
726.0189208984375
706.990966796875
687.9796752929688
669.2435913085938
651.0956420898438
632.943603515625
