1500.0
1500.0
1500.0
1500.0
1500.0
1500.015380859375
1500.0
1500.0
1500.0
1500.0
1500.0
1500.0
1500.0
1500.0
1500.0
1500.0
1500.0
1500.0
1499.9998779296875
1500.0
1500.0
1500.0
1500.0
1500.0
1500.0
1500.0
1500.0
1500.0
1500.0
1500.0
1500.0
1500.0
1500.0
100.0
100.0
100.0
100.0
100.0
100.0
1500.0
1500.0
1500.0
1500.0
1500.0
1500.0
1500.0
1500.0
1500.0
1500.0
1500.0
1500.0
1500.0
1500.0
1500.0
1500.0
1500.0
1500.0
1500.0
1500.0
1500.0
1500.0
1500.0
1500.0
1452.2548828125
1399.9888916015625
1353.6956787109375
1309.33349609375
1267.0997314453125
1225.7117919921875
1185.0343017578125
1147.693115234375
1112.779541015625
1081.862548828125
1051.1029052734375
1017.8121337890625
983.3842163085938
948.39697265625
913.7346801757812
879.4327392578125
844.267333984375
808.7957763671875
774.0134887695312
740.4444580078125
717.5172119140625
698.4143676757812
679.5850830078125
661.1218872070312
642.9620361328125
624.937744140625
606.467529296875
587.5411987304688
568.4451293945312
549.334716796875
529.8428955078125
