1500.0
1500.1981201171875
1385.8341064453125
1202.9989013671875
900.3828735351562
723.02490234375
667.1053466796875
600.2793579101562
524.3120727539062
477.192626953125
447.1520080566406
428.96185302734375
418.000244140625
410.8631591796875
405.9854431152344
402.223388671875
399.3626403808594
397.29669189453125
395.9249267578125
395.14178466796875
394.81146240234375
394.79583740234375
395.0082092285156
395.39361572265625
395.8893737792969
396.3570251464844
396.7164611816406
396.9064636230469
397.0115661621094
397.05120849609375
397.0338134765625
396.961669921875
396.83868408203125
396.6685791015625
100.55266571044922
100.0
100.0
100.0
99.9933090209961
98.69966888427734
559.8306274414062
597.0570068359375
583.699951171875
561.7106323242188
531.8851928710938
518.345947265625
505.4595031738281
484.89495849609375
469.4291687011719
457.2568359375
447.6214599609375
439.4786071777344
432.12823486328125
425.391357421875
419.18585205078125
413.5013122558594
408.3607482910156
403.70819091796875
399.43701171875
395.42938232421875
391.69403076171875
388.23748779296875
385.03997802734375
382.0920104980469
379.35919189453125
376.76873779296875
374.260986328125
371.7893981933594
369.32977294921875
366.8875427246094
364.4933166503906
362.1639099121094
359.90972900390625
357.7310791015625
355.6322326660156
353.60845947265625
351.6451416015625
349.7231140136719
347.8323974609375
345.9681701660156
344.1200866699219
342.2927551269531
340.49322509765625
338.7177734375
336.9645690917969
335.23193359375
333.5185852050781
331.82952880859375
330.1693420410156
328.534423828125
326.917236328125
325.31634521484375
323.7325134277344
322.16949462890625
320.63043212890625
319.1162109375
317.60040283203125
