66.52626037597656
64.31221008300781
59.71083068847656
56.0578727722168
50.557395935058594
47.44184494018555
46.41136169433594
45.12002182006836
43.37356948852539
41.87376403808594
40.52033996582031
39.2976188659668
38.25990295410156
37.39320755004883
36.68181228637695
36.104312896728516
35.63332748413086
35.24751281738281
34.9403190612793
34.65424346923828
34.38666534423828
34.132476806640625
33.88201904296875
33.61673355102539
33.33103942871094
33.026363372802734
32.70808410644531
32.38516616821289
32.070308685302734
31.76430892944336
31.471004486083984
31.18517303466797
30.90451431274414
30.62761878967285
30.33025550842285
30.10144805908203
29.85457420349121
29.625497817993164
29.420488357543945
29.245141983032227
29.095314025878906
29.072011947631836
29.030593872070312
28.960956573486328
28.842666625976562
28.785926818847656
28.729848861694336
28.614511489868164
28.490751266479492
28.35352897644043
28.199617385864258
28.027551651000977
27.837692260742188
27.631242752075195
27.410097122192383
27.176530838012695
26.93266487121582
26.68058204650879
26.422277450561523
26.1595458984375
25.893991470336914
25.628137588500977
25.36343765258789
25.100072860717773
24.838228225708008
24.57805633544922
24.319690704345703
24.063098907470703
23.80817985534668
23.554885864257812
23.303255081176758
23.053237915039062
22.804798126220703
22.56157112121582
22.3612003326416
22.17919921875
21.99493980407715
21.804758071899414
21.6126708984375
21.4195556640625
21.225709915161133
21.031461715698242
20.836990356445312
20.642436981201172
20.446683883666992
20.250049591064453
20.053415298461914
19.8572940826416
19.661996841430664
19.467710494995117
19.27455711364746
19.082569122314453
18.891864776611328
18.70291519165039
18.515613555908203
18.3297176361084
18.144983291625977
