1309.858642578125
1042.885498046875
917.8115844726562
889.8181762695312
863.5858764648438
837.4409790039062
814.2664794921875
795.5225219726562
779.7465209960938
766.1737060546875
754.595947265625
744.70654296875
735.1353759765625
725.2542724609375
715.4979858398438
705.6486206054688
695.221435546875
684.57275390625
673.5302734375
661.21630859375
646.9522705078125
630.70458984375
612.7861328125
593.9912719726562
576.2918090820312
558.2896118164062
541.026123046875
523.7882690429688
506.5484924316406
489.26513671875
471.923828125
454.4354553222656
436.8307189941406
100.0
100.0
99.99999237060547
100.0
100.0
100.00006103515625
100.00003051757812
411.79931640625
395.5379943847656
384.15179443359375
367.61041259765625
353.5385437011719
341.0218200683594
329.1345520019531
317.3624572753906
305.73858642578125
294.2812805175781
283.0145568847656
271.8855285644531
260.9336853027344
250.21070861816406
239.77566528320312
229.6315155029297
219.82093811035156
210.37774658203125
201.3997802734375
192.8238067626953
184.65098571777344
176.81845092773438
169.28712463378906
161.91244506835938
154.739013671875
147.9620361328125
141.52027893066406
135.4183807373047
129.63526916503906
124.15647888183594
118.95372009277344
114.02192687988281
109.35466766357422
104.9373550415039
100.7475814819336
96.75845336914062
92.78912353515625
88.70171356201172
85.09907531738281
81.69927978515625
78.4833755493164
75.43656921386719
72.55313110351562
69.82119750976562
67.2325439453125
64.77587890625
62.441837310791016
60.22447967529297
58.11684036254883
56.10963439941406
54.19477462768555
52.359703063964844
50.60264205932617
48.93100357055664
47.347408294677734
