1500.0
1500.0
1500.0
1500.0009765625
1500.0
1500.0
1500.0
1500.0
1500.0
1500.0
1500.0
1500.0
1500.0
1500.0
1500.0
1500.0
1500.0
1500.0
1500.0
1500.0
1500.0
1500.0
1500.0
1500.0
1500.0
1500.0
1500.0
1450.5869140625
1406.0986328125
1365.5125732421875
1326.51318359375
1288.0277099609375
1249.71826171875
100.0
100.0
99.99047088623047
100.0
99.99746704101562
99.95816802978516
100.00001525878906
1500.0
1499.94580078125
1499.99951171875
1328.33203125
1212.9693603515625
1139.5419921875
1088.1536865234375
1047.819580078125
1012.6181640625
979.6890869140625
948.0392456054688
916.8683471679688
886.6583251953125
856.9174194335938
827.5169067382812
798.6222534179688
770.485595703125
743.4810791015625
717.8167114257812
693.4443969726562
670.3964233398438
648.8805541992188
628.6923217773438
609.5677490234375
591.4325561523438
574.2125854492188
557.8140869140625
542.3396606445312
527.5889282226562
513.4052734375
499.5501403808594
485.50494384765625
470.889892578125
456.1430969238281
441.5059814453125
427.75213623046875
416.1518249511719
405.867919921875
396.33013916015625
387.21478271484375
378.4977722167969
370.03277587890625
361.04205322265625
351.26336669921875
341.1668395996094
331.086669921875
321.37884521484375
313.2399597167969
306.29693603515625
298.89971923828125
291.5438537597656
284.3677673339844
277.29632568359375
270.3010559082031
262.6631164550781
