1500.0
1500.0
1500.0
1500.0001220703125
1500.0
1500.0
1500.0
1500.0
1500.0
1500.0
1500.0
1500.0
1500.0
1500.0
1500.0
1500.0
1500.0
1500.0
1500.0
1500.0
1484.051025390625
1450.135498046875
1414.8333740234375
1378.1563720703125
1340.387451171875
1301.7352294921875
1262.501708984375
1222.898681640625
1182.9632568359375
1142.84814453125
1102.8740234375
1063.3380126953125
1024.3558349609375
100.0
100.0
99.99703216552734
100.0
100.0
99.87188720703125
99.99370574951172
1183.6531982421875
1106.4378662109375
1048.386474609375
978.8963012695312
929.9175415039062
889.5337524414062
851.419189453125
813.9277954101562
777.4716186523438
742.0909423828125
708.3380126953125
675.8523559570312
644.8751220703125
615.3709106445312
587.6398315429688
561.5701293945312
537.0891723632812
514.1315307617188
492.6287841796875
472.4104309082031
453.3323059082031
435.2273864746094
418.0318603515625
401.69097900390625
386.2864074707031
371.81085205078125
358.2102355957031
345.33062744140625
333.0252990722656
321.1803894042969
309.75946044921875
298.6913146972656
288.07830810546875
278.3894348144531
269.5097351074219
261.3175354003906
253.7385711669922
246.6254119873047
239.8856964111328
233.47500610351562
227.3320770263672
221.47691345214844
215.92135620117188
210.65261840820312
205.63381958007812
200.84442138671875
196.26754760742188
191.8783416748047
187.6695098876953
183.59510803222656
179.6253662109375
175.7704620361328
172.11968994140625
168.89553833007812
166.1371307373047
