1500.0
1500.0
1500.0
1500.024169921875
1500.0
1500.0
1500.0
1500.0
1500.0
1500.0
1500.0
1500.0
1500.0
1500.0
1500.0
1500.0
1500.0
1500.0
1500.0
1488.6182861328125
1440.5185546875
1397.8604736328125
1356.4964599609375
1316.8759765625
1279.3863525390625
1241.2762451171875
1203.025390625
1165.67138671875
1129.6473388671875
1093.980712890625
1058.41357421875
1022.7543334960938
987.4121704101562
100.0
100.0
99.99951171875
100.0
100.0
99.9924087524414
100.0
1346.589111328125
1156.71484375
1029.4027099609375
889.567138671875
809.5369873046875
759.0846557617188
723.1818237304688
694.5599975585938
669.2427978515625
645.330810546875
621.9234008789062
598.7026977539062
575.6845703125
552.893310546875
530.2864379882812
508.06610107421875
486.3866882324219
465.3926696777344
445.1650390625
425.7469787597656
407.112548828125
389.2160339355469
372.0322265625
355.55584716796875
339.7762451171875
324.6900634765625
310.30401611328125
296.5950927734375
283.5216979980469
271.04217529296875
259.0837097167969
247.85214233398438
237.1596221923828
226.95448303222656
217.35537719726562
207.88232421875
199.0344696044922
191.11245727539062
183.49871826171875
176.2236785888672
169.29957580566406
162.71829223632812
156.4669189453125
150.51901245117188
144.82029724121094
139.3447723388672
134.1661376953125
129.26141357421875
124.58184051513672
120.11840057373047
115.86170959472656
111.7974624633789
107.93253326416016
104.25336456298828
100.74150085449219
