1027.9776611328125
751.7926635742188
589.5931396484375
517.2951049804688
434.56475830078125
412.4488525390625
407.8375549316406
405.8066101074219
403.1925048828125
399.80462646484375
395.4819030761719
389.7958679199219
383.5604248046875
375.319091796875
367.5614929199219
360.46112060546875
353.9073791503906
347.20672607421875
340.17950439453125
332.8355712890625
325.2662353515625
317.46783447265625
309.6277770996094
301.9502258300781
294.0887756347656
286.00604248046875
277.9384765625
270.72064208984375
264.2116394042969
257.8917236328125
251.9253692626953
247.91436767578125
243.8232879638672
100.0
100.0
100.0
100.0
100.0
100.0
100.0
317.59661865234375
245.5545196533203
220.4875030517578
203.99449157714844
195.7367706298828
188.9626922607422
183.90078735351562
180.54193115234375
177.87168884277344
175.31529235839844
172.84762573242188
170.33604431152344
167.61685180664062
164.54739379882812
161.1967315673828
157.6407012939453
153.91917419433594
150.06822204589844
146.13165283203125
142.15545654296875
138.2137451171875
134.3939666748047
130.6295928955078
126.91680908203125
123.24724578857422
119.62633514404297
116.09346771240234
112.6497573852539
109.28396606445312
106.02006530761719
102.8821029663086
99.87126922607422
96.99645233154297
94.22396087646484
91.55735778808594
89.091796875
86.72990417480469
84.46155548095703
82.28268432617188
80.18984985351562
78.18306732177734
76.26025390625
74.41992950439453
72.65043640136719
70.95198059082031
69.33209991455078
67.77129364013672
66.2755126953125
64.84498596191406
63.47486114501953
62.16342544555664
60.914615631103516
59.712440490722656
58.55271530151367
57.43341827392578
