1499.999755859375
1500.0
1500.0
1500.0
1500.0
1500.0
1500.0
1500.0
1500.0
1500.0
1500.0
1500.0
1500.0
1500.0
1500.0
1500.0
1500.0
1500.0
1500.0
1500.0
1500.0
1500.0
1500.0
1500.0
1500.0
1500.0
1500.0
1500.0
1500.0
1500.0
1500.0
1500.0
100.0
100.0
100.0
100.0
100.0
100.0
1500.0
1500.0
1500.0
1500.0
1500.0
1500.0
1500.0
1500.0
1500.0
1500.0
1500.0
1500.0
1500.0
1500.0
1500.0
1500.0
1500.0
1500.0
1500.0
1500.0
1500.0
1500.0
1500.0
1500.0
1500.0
1500.0
1500.0
1500.0
1500.0
1500.0
1477.95458984375
1433.3702392578125
1393.003662109375
1354.4249267578125
1316.89892578125
1280.2152099609375
1244.281982421875
1209.1826171875
1174.7884521484375
1141.4830322265625
1109.660400390625
1079.12548828125
1049.673828125
1021.1602783203125
993.5433349609375
966.7194213867188
940.7974243164062
915.7369384765625
891.4774169921875
868.0210571289062
845.3546752929688
823.4185791015625
802.177734375
781.6873168945312
