1499.999755859375
1499.9698486328125
1500.0086669921875
1500.0
1500.0
1499.9998779296875
1500.0
1500.0
1500.0
1500.0
1500.0
1500.0
1500.0
1500.0
1500.0
1500.0
1500.0
1500.0
1500.0
1500.0
1500.0
1500.0
1500.0
1500.0
1500.0
1500.0
1500.0
1500.0
1500.0
1500.0
1500.0
1500.0
100.0
100.0
100.0
100.0
100.0
100.0
1500.0
1500.0
1483.2064208984375
1415.7822265625
1372.8525390625
1343.5635986328125
1314.005615234375
1282.9366455078125
1250.9791259765625
1218.26220703125
1184.9749755859375
1150.584716796875
1116.8184814453125
1083.087646484375
1048.8111572265625
1014.205322265625
979.816650390625
945.5253295898438
911.5306396484375
877.8037719726562
844.3810424804688
811.4027709960938
779.0603637695312
747.5056762695312
716.83154296875
687.076171875
658.3475952148438
630.8328247070312
604.5761108398438
579.4874877929688
555.4273071289062
532.193603515625
509.77777099609375
488.1974182128906
467.452392578125
447.5171203613281
428.3553161621094
409.9840087890625
392.134521484375
375.21514892578125
359.14678955078125
343.71728515625
328.9077453613281
319.5134582519531
314.9169006347656
301.681884765625
289.06866455078125
277.04473876953125
265.5937805175781
254.6936798095703
243.82106018066406
233.62542724609375
224.23031616210938
215.24435424804688
206.6676788330078
198.49057006835938
