1500.0
1500.0
1500.0
1500.0
1500.0
1500.0
1500.0
1500.0
1500.0
1500.0
1500.0
1500.0
1500.0
1500.0
1500.0
1499.9996337890625
1500.0
1500.0
1500.0
1499.999755859375
1500.0
1499.9969482421875
1500.0
1500.0
1500.0
1500.0
1500.0
1500.0
1500.0
1500.0
1500.0
1500.0
100.0
100.0
100.0
100.0
100.0
100.0
1500.0
1500.0
1500.0
1500.0
1500.0
1500.0
1500.0
1500.0
1500.0
1500.0
1500.0
1500.0
1500.0
1500.0
1500.0
1500.0
1500.0
1500.0
1500.0
1500.0
1500.0
1500.0
1500.0
1441.7093505859375
1327.54638671875
1245.449951171875
1173.9818115234375
1098.965087890625
1018.0299072265625
933.2042236328125
850.60888671875
766.4763793945312
680.3055419921875
591.171630859375
509.55133056640625
478.64422607421875
446.6640625
419.57257080078125
396.35400390625
375.0933837890625
354.732177734375
339.0762023925781
325.4466552734375
311.8280944824219
297.9595642089844
284.0115966796875
270.83001708984375
258.6401062011719
247.5442352294922
236.99574279785156
227.1233367919922
218.14382934570312
209.88954162597656
202.15875244140625
195.3282470703125
