1499.999755859375
1500.0
1500.0
1500.0
1500.0
1500.0
1500.0
1499.97802734375
1500.0
1500.0
1500.0
1500.0
1500.0
1500.0
1500.0
1500.0
1500.0
1500.0
1500.0
1500.0
1500.0
1500.0
1500.0
1500.0
1500.0
1500.0
1500.0
1500.0
1500.0
1500.0
1500.0
1500.0
100.0
100.0
100.0
100.0
100.0
100.0
1499.9998779296875
1500.0
1500.0
1452.8941650390625
1406.3143310546875
1365.7373046875
1326.723876953125
1287.826904296875
1248.3133544921875
1207.9215087890625
1167.337646484375
1127.8568115234375
1089.356201171875
1051.1341552734375
1012.9569702148438
975.1751098632812
939.1817016601562
904.9109497070312
872.1823120117188
840.3712158203125
809.2693481445312
778.8534545898438
749.2140502929688
720.4667358398438
692.8046875
666.2672729492188
640.9619140625
616.8756713867188
593.8948974609375
571.851806640625
550.773681640625
530.5880126953125
511.21826171875
492.5947265625
474.6279602050781
457.2930908203125
440.5804138183594
424.58489990234375
409.31964111328125
394.7110900878906
380.53631591796875
366.8271789550781
353.63519287109375
340.9249267578125
328.9862060546875
317.90625
307.5511779785156
297.786376953125
288.22467041015625
279.2158203125
270.7044372558594
262.77532958984375
255.37417602539062
248.4214324951172
