1499.9998779296875
1428.248779296875
1054.383544921875
958.1102905273438
927.1310424804688
899.3003540039062
873.396484375
851.4598388671875
830.3473510742188
810.0911254882812
791.7583618164062
773.89306640625
755.6527709960938
737.5371704101562
719.435791015625
702.8246459960938
688.5963134765625
675.18017578125
661.884521484375
648.1129760742188
633.732421875
621.1973876953125
610.530517578125
600.3154296875
590.1497192382812
579.232666015625
568.7412719726562
558.534912109375
547.864013671875
536.306640625
524.6138305664062
513.08544921875
100.0
100.0
100.0
100.0
100.0
100.0
774.7006225585938
562.2572021484375
486.14263916015625
450.08367919921875
430.0926208496094
415.29827880859375
403.0307922363281
391.7874755859375
380.56573486328125
372.2144470214844
364.3343505859375
356.6884460449219
348.95062255859375
341.00567626953125
333.00213623046875
326.0389404296875
319.0890197753906
311.8820495605469
304.6000671386719
298.1689453125
291.6526184082031
285.1361083984375
278.61004638671875
272.0271911621094
265.33575439453125
258.5210266113281
251.64344787597656
244.7878875732422
238.0223846435547
231.40386962890625
224.93087768554688
218.5665283203125
212.2954559326172
206.1461639404297
200.12689208984375
194.29454040527344
188.70997619628906
183.41305541992188
178.3721923828125
173.70404052734375
169.12655639648438
164.63572692871094
160.22406005859375
155.90541076660156
151.6776580810547
147.5758514404297
143.57760620117188
139.7254638671875
136.01060485839844
132.44195556640625
129.03158569335938
125.77388000488281
122.65473937988281
119.67274475097656
