0.037897393107414246
0.04020164906978607
0.044904906302690506
0.05000358074903488
0.0513719879090786
0.05227673426270485
0.052546177059412
0.05281205475330353
0.052989959716796875
0.053208619356155396
0.05338818207383156
0.053541768342256546
0.05373642221093178
0.05389924719929695
0.05406010523438454
0.054271966218948364
0.0544961616396904
0.05469529330730438
0.054887086153030396
0.055075496435165405
0.055269572883844376
0.05547337606549263
0.05570869892835617
0.05597519502043724
0.056295350193977356
0.05668405815958977
0.057147808372974396
0.057664550840854645
0.058223068714141846
0.05881836265325546
0.059442631900310516
0.06010410934686661
0.003803545841947198
0.0035507187712937593
0.003421249333769083
0.0033469265326857567
0.0033020663540810347
0.0032733576372265816
0.05567411705851555
0.05853438749909401
0.06014254316687584
0.06132378429174423
0.062376588582992554
0.06343550980091095
0.06452696770429611
0.06564141064882278
0.06678025424480438
0.06793351471424103
0.06909384578466415
0.07026281952857971
0.07144536823034286
0.07266361266374588
0.07392054796218872
0.07521390914916992
0.07654938101768494
0.07801010459661484
0.07946057617664337
0.08083484321832657
0.08225086331367493
0.08374843001365662
0.08533427119255066
0.08695167303085327
0.08855753391981125
0.09015493839979172
0.09160088002681732
0.09281861037015915
0.09395565092563629
0.09508521854877472
0.09642840921878815
0.09760048985481262
0.09871229529380798
0.09978898614645004
0.1008223220705986
0.1017983928322792
0.10270911455154419
0.10355766862630844
0.10437170416116714
0.10528869181871414
0.10622771084308624
0.1071004718542099
0.10790248215198517
0.10865096747875214
0.10937214642763138
0.11005733162164688
0.10976675897836685
0.10683920234441757
0.10415498167276382
0.10164032131433487
0.09922707825899124
0.09686640650033951
0.09455994516611099
0.09230943769216537
