7.019787311553955
7.978119373321533
10.230229377746582
13.148811340332031
13.854452133178711
12.351457595825195
12.004638671875
12.271419525146484
12.829379081726074
13.357868194580078
13.704769134521484
13.933084487915039
14.236129760742188
14.650863647460938
15.076069831848145
15.26297664642334
15.586082458496094
16.080543518066406
16.7381591796875
17.491235733032227
18.358142852783203
19.3511962890625
20.472110748291016
21.785654067993164
23.407983779907227
25.391082763671875
27.765625
30.6828670501709
34.12576675415039
38.21601486206055
43.14881896972656
49.202632904052734
1.7465355396270752
0.8040910363197327
0.769135594367981
0.7617596983909607
0.760209858417511
0.7673810124397278
26.10739517211914
59.57358932495117
80.49192810058594
97.21958923339844
111.05421447753906
123.67620086669922
137.30386352539062
152.27035522460938
168.64645385742188
186.07666015625
204.64161682128906
224.52755737304688
245.45750427246094
266.91021728515625
288.7605285644531
311.33941650390625
334.7922058105469
358.872802734375
383.70849609375
409.9842529296875
429.4241027832031
443.74237060546875
457.2701416015625
469.84100341796875
480.6688537597656
488.8327331542969
496.48968505859375
503.7227478027344
510.5155944824219
516.6131591796875
521.7667236328125
526.3304443359375
530.3593139648438
534.143798828125
537.29052734375
540.01416015625
542.377197265625
544.4651489257812
546.3305053710938
547.9808349609375
549.3425903320312
550.3193359375
550.8256225585938
550.7913208007812
550.1630859375
548.78173828125
546.8565063476562
544.540283203125
541.9020385742188
539.1021118164062
536.2483520507812
533.39892578125
530.5432739257812
527.6350708007812
