0.09223281592130661
0.10251474380493164
0.11677023023366928
0.1273956447839737
0.13552291691303253
0.13993045687675476
0.14305415749549866
0.14516836404800415
0.14657242596149445
0.14751382172107697
0.14824140071868896
0.14883705973625183
0.14939652383327484
0.14997869729995728
0.15048529207706451
0.15095974504947662
0.15147516131401062
0.15203046798706055
0.1525612771511078
0.15303540229797363
0.15348666906356812
0.1539260596036911
0.1543615311384201
0.15490178763866425
0.155404731631279
0.1560172736644745
0.15688768029212952
0.1580219566822052
0.15977518260478973
0.16177676618099213
0.16394129395484924
0.16624966263771057
0.023964405059814453
0.017054613679647446
0.012952004559338093
0.010746710002422333
0.00939805619418621
0.008489188738167286
0.12941914796829224
0.142480731010437
0.15049540996551514
0.15949277579784393
0.16834953427314758
0.17577765882015228
0.18211404979228973
0.18784886598587036
0.1934140920639038
0.1989184468984604
0.20440641045570374
0.2099565863609314
0.21574576199054718
0.2218542844057083
0.22844348847866058
0.2358199656009674
0.24556541442871094
0.2560289800167084
0.2671469449996948
0.27795034646987915
0.2894294261932373
0.30303263664245605
0.31777018308639526
0.33428025245666504
0.3558580279350281
0.34198832511901855
0.33448120951652527
0.32753515243530273
0.315254271030426
0.30358028411865234
0.29215043783187866
0.2888132333755493
0.29088902473449707
0.29759496450424194
0.30830487608909607
0.32401183247566223
0.33946701884269714
0.35633742809295654
1.7707575559616089
7.106038570404053
10.736572265625
13.469812393188477
15.385597229003906
16.792476654052734
17.875097274780273
18.74564552307129
19.467872619628906
20.14798927307129
20.712202072143555
21.22637176513672
21.706253051757812
22.16080093383789
22.58133316040039
22.944721221923828
23.28964614868164
