0.007974973879754543
0.008953985758125782
0.010404319502413273
0.011333468370139599
0.011450500227510929
0.011533491313457489
0.011617396026849747
0.011702894233167171
0.011780657805502415
0.011843841522932053
0.011893884278833866
0.011956632137298584
0.01204183790832758
0.012122965417802334
0.01219629030674696
0.012290102429687977
0.012391364201903343
0.012495488859713078
0.012615423649549484
0.012769359163939953
0.012956636026501656
0.01316800992935896
0.013398736715316772
0.01364489458501339
0.013907470740377903
0.014186604879796505
0.01447819359600544
0.01477927528321743
0.01504321489483118
0.015327971428632736
0.015626292675733566
0.015939442440867424
0.0009158494649454951
0.0009253392927348614
0.0009231904405169189
0.0009206556715071201
0.000918067991733551
0.0009159233886748552
0.01592494361102581
0.016383135691285133
0.016685599461197853
0.016997499391436577
0.017338721081614494
0.017709648236632347
0.01811392977833748
0.018555952236056328
0.019031431525945663
0.019540006294846535
0.020094947889447212
0.020717881619930267
0.021372633054852486
0.021846119314432144
0.02234065718948841
0.022859010845422745
0.02339797280728817
0.023960860446095467
0.024536749348044395
0.025120636448264122
0.025712283328175545
0.02630377933382988
0.026889823377132416
0.027465233579277992
0.028018387034535408
0.02855530194938183
0.029080426320433617
0.029591474682092667
0.030093157663941383
0.030583873391151428
0.031065553426742554
0.03154444321990013
0.032021839171648026
0.03247274458408356
0.03270065784454346
0.03293507546186447
0.033386602997779846
0.033819183707237244
0.03422779589891434
0.034610796719789505
0.03497380018234253
0.035314638167619705
0.03563357889652252
0.035935178399086
0.03577183187007904
0.034747011959552765
0.03379140794277191
0.03287630155682564
0.03199213743209839
0.03113500028848648
0.0303038377314806
0.029497243463993073
0.02871461771428585
0.02795642800629139
0.027222102507948875
