6.963465213775635
7.8507771492004395
10.02905559539795
13.006848335266113
13.639409065246582
12.15473461151123
11.761344909667969
11.950040817260742
12.392496109008789
12.707857131958008
13.026529312133789
13.317305564880371
13.62100887298584
14.004385948181152
14.521122932434082
15.211079597473145
15.784828186035156
16.284494400024414
16.87948989868164
17.644207000732422
18.54645538330078
19.612619400024414
20.899173736572266
22.348649978637695
23.849010467529297
25.56276512145996
27.740812301635742
30.471420288085938
33.862457275390625
38.17573547363281
43.73063278198242
50.38522720336914
1.7552261352539062
1.0629322528839111
0.8970416784286499
0.8900681138038635
0.8996521830558777
0.9140101075172424
30.231618881225586
64.61103057861328
84.214599609375
103.08869934082031
121.53871154785156
140.0032501220703
159.35719299316406
179.16287231445312
199.4190673828125
221.18240356445312
243.68858337402344
266.3750305175781
289.36944580078125
312.986083984375
337.6396179199219
361.9880676269531
386.3097839355469
411.4933166503906
428.2210998535156
441.1927490234375
453.66571044921875
465.7633361816406
476.55755615234375
485.58612060546875
492.11138916015625
498.2951354980469
504.0979919433594
509.4700927734375
514.1259155273438
517.8451538085938
520.7479248046875
523.0152587890625
524.8599853515625
526.4655151367188
527.46435546875
528.0739135742188
528.5933837890625
528.8192749023438
528.6143798828125
527.9844360351562
527.0213623046875
525.8153076171875
524.4664306640625
522.9971923828125
521.2416381835938
519.2695922851562
517.3198852539062
515.3909912109375
513.502685546875
511.3990173339844
509.3182067871094
507.3390197753906
505.40045166015625
503.5059509277344
501.634765625
