0.11148855835199356
0.12111292779445648
0.13541221618652344
0.1476191282272339
0.15001539885997772
0.15071211755275726
0.15158912539482117
0.1523267775774002
0.15292988717556
0.15352119505405426
0.15423549711704254
0.15512603521347046
0.15603703260421753
0.15678085386753082
0.15740880370140076
0.1579975038766861
0.15854962170124054
0.1590745598077774
0.15956935286521912
0.16011947393417358
0.16073699295520782
0.16145764291286469
0.16223934292793274
0.16309212148189545
0.16399984061717987
0.16505974531173706
0.1663178950548172
0.16779951751232147
0.1694461554288864
0.17124581336975098
0.17319875955581665
0.17527413368225098
0.010555279441177845
0.008993055671453476
0.008229113183915615
0.008041666820645332
0.007953982800245285
0.007893195375800133
0.15056489408016205
0.16304518282413483
0.1705620139837265
0.17654617130756378
0.18179649114608765
0.1869189739227295
0.1920657455921173
0.19732700288295746
0.2028096616268158
0.21060381829738617
0.22014908492565155
0.23019106686115265
0.24040603637695312
0.2506546974182129
0.25587770342826843
0.26114052534103394
0.2746003270149231
0.26997289061546326
0.26500648260116577
0.26004981994628906
0.25516465306282043
0.25035804510116577
0.24562235176563263
0.2409197837114334
0.2362283617258072
0.2315811663866043
0.22696936130523682
0.22234638035297394
0.2176797240972519
0.21291449666023254
0.20795506238937378
0.20307467877864838
0.1982140690088272
0.1933586746454239
0.18866929411888123
0.18395181000232697
0.17905360460281372
0.17427167296409607
0.16955071687698364
0.16498200595378876
0.16115939617156982
0.158608078956604
0.15664717555046082
0.15504157543182373
0.15361765027046204
0.1523028016090393
0.15113607048988342
0.1500558853149414
0.14923785626888275
0.14905835688114166
0.14929278194904327
0.14989256858825684
0.15074007213115692
0.15201008319854736
0.15366704761981964
