19.110483169555664
18.46731185913086
16.245052337646484
13.630816459655762
11.70409107208252
10.402886390686035
9.51208209991455
8.880833625793457
8.440312385559082
8.131903648376465
7.911595821380615
7.765820503234863
7.687851905822754
7.709859848022461
7.7864203453063965
7.900097370147705
8.01391315460205
8.13733959197998
8.271780967712402
8.41856861114502
8.585978507995605
8.778865814208984
8.994033813476562
9.229616165161133
9.494064331054688
9.786491394042969
10.104013442993164
10.444483757019043
10.8093843460083
11.196927070617676
11.605570793151855
12.071053504943848
2.1971940994262695
1.8862718343734741
1.801622748374939
1.7969316244125366
1.8221570253372192
1.8626141548156738
16.355499267578125
16.92724609375
17.078853607177734
17.552875518798828
18.163864135742188
18.863231658935547
19.647157669067383
20.364948272705078
21.032310485839844
21.71526527404785
22.438371658325195
23.19809341430664
23.991586685180664
24.823015213012695
25.687536239624023
26.577390670776367
27.478914260864258
28.361066818237305
29.288963317871094
30.15410804748535
30.97260093688965
31.745880126953125
32.46929168701172
33.15156555175781
33.76987075805664
34.28980255126953
34.77812194824219
35.182640075683594
35.3956298828125
35.50025177001953
35.54977798461914
35.54599380493164
35.489013671875
35.406768798828125
35.317893981933594
35.23044204711914
35.14314270019531
35.05449676513672
34.97648620605469
34.90655517578125
34.84042739868164
34.77618408203125
34.71240234375
34.64964294433594
34.587833404541016
34.52827453613281
34.472076416015625
34.421173095703125
34.377769470214844
34.35147476196289
34.3561897277832
34.36092758178711
34.367305755615234
34.37919998168945
