0.043094441294670105
0.055672407150268555
0.06083589047193527
0.060455530881881714
0.060549259185791016
0.060749344527721405
0.060757335275411606
0.060749348253011703
0.06081359088420868
0.061011046171188354
0.06134582310914993
0.06174881011247635
0.062155384570360184
0.06249156594276428
0.06273152679204941
0.06293543428182602
0.0631445124745369
0.06337323039770126
0.06363113224506378
0.06390020251274109
0.06418716162443161
0.06441163271665573
0.06387119740247726
0.06343691051006317
0.0630592331290245
0.06270986050367355
0.06237000972032547
0.06202848628163338
0.06167157366871834
0.061303332448005676
0.06092236563563347
0.06052960455417633
0.0029514513444155455
0.0026001338846981525
0.0025985443498939276
0.002580417087301612
0.0025707988534122705
0.0025669196620583534
0.05564391613006592
0.06541216373443604
0.06319788843393326
0.06114184111356735
0.05986398085951805
0.05887915939092636
0.058057546615600586
0.057331155985593796
0.056656256318092346
0.05599730461835861
0.0553341805934906
0.054658323526382446
0.053965941071510315
0.05302158370614052
0.05209747329354286
0.051169704645872116
0.050221461802721024
0.04924771189689636
0.04825529456138611
0.04724854975938797
0.04622846841812134
0.045165352523326874
0.04409005120396614
0.04300444945693016
0.041927363723516464
0.040853824466466904
0.03991863131523132
0.039000004529953
0.038145117461681366
0.03731699660420418
0.036495015025138855
0.03567330166697502
0.03483928367495537
0.03401045501232147
0.033184099942445755
0.032344795763492584
0.031508464366197586
0.030679086223244667
0.029856383800506592
0.029035350307822227
0.028201567009091377
0.027364086359739304
0.026544278487563133
0.025749342516064644
0.024998191744089127
0.024289878085255623
0.023616807535290718
0.02297152392566204
0.022350305691361427
0.021748198196291924
0.02116517350077629
0.0205998532474041
0.02005460299551487
0.019522342830896378
