0.007877240888774395
0.008907160721719265
0.010388004593551159
0.010990896262228489
0.011143759824335575
0.011216973885893822
0.011294840835034847
0.01137841958552599
0.011446213349699974
0.011530131101608276
0.011629345826804638
0.011726738885045052
0.011797678656876087
0.011868256144225597
0.011947529390454292
0.012039809487760067
0.012140076607465744
0.01223895512521267
0.012355741113424301
0.012500305660068989
0.012676599435508251
0.012877173721790314
0.013100095093250275
0.013345932587981224
0.013615665026009083
0.013908063061535358
0.014209906570613384
0.014481860212981701
0.014763331972062588
0.015066687017679214
0.015378217212855816
0.015698784962296486
0.0008578785927966237
0.0008233662811107934
0.0008254749118350446
0.0008330387645401061
0.0008405763655900955
0.0008471583132632077
0.015469156205654144
0.015909669920802116
0.01614886336028576
0.016399892047047615
0.016607146710157394
0.016841335222125053
0.017124855890870094
0.017458586022257805
0.017837459221482277
0.018255917355418205
0.01870839111506939
0.019200731068849564
0.019717784598469734
0.02026146650314331
0.02083262987434864
0.02129604108631611
0.021777445450425148
0.022263333201408386
0.0227565485984087
0.023259423673152924
0.023772764950990677
0.02429979480803013
0.024831609800457954
0.02476881630718708
0.02423335239291191
0.0237104594707489
0.023191943764686584
0.02267850749194622
0.022170737385749817
0.021668976172804832
0.021172376349568367
0.020681345835328102
0.020194409415125847
0.019711671397089958
0.019233275204896927
0.018759114667773247
0.018294591456651688
0.017839614301919937
0.017392944544553757
0.016953477635979652
0.0165207851678133
0.016095273196697235
0.015678351745009422
0.015269706025719643
0.01486772671341896
0.014476685784757137
0.014102769084274769
0.013742541894316673
0.013393250294029713
0.013053196482360363
0.012721574865281582
0.012399543076753616
0.012084309943020344
0.01177445612847805
0.011472759768366814
