0.04309048876166344
0.05565241724252701
0.06080549955368042
0.06041605770587921
0.06051691249012947
0.06071910262107849
0.06072508171200752
0.060704153031110764
0.06075592339038849
0.060933347791433334
0.06124772131443024
0.061609406024217606
0.0619589164853096
0.0622929222881794
0.06256931275129318
0.0627884566783905
0.06298962980508804
0.06319795548915863
0.06342923641204834
0.06367692351341248
0.06394603103399277
0.06421496719121933
0.06420698761940002
0.06371994316577911
0.06331346184015274
0.06295616179704666
0.06262017041444778
0.06229265034198761
0.061962198466062546
0.06161710247397423
0.06126110255718231
0.06089303642511368
0.0029305845964699984
0.002604864304885268
0.00259660417214036
0.0025795239489525557
0.0025705050211399794
0.0025666046421974897
0.05503007769584656
0.06157703697681427
0.06519628316164017
0.06353055685758591
0.061627503484487534
0.06041926145553589
0.059479836374521255
0.05869578942656517
0.058008380234241486
0.05737358704209328
0.056763071566820145
0.05615393817424774
0.0555325523018837
0.05489370599389076
0.054238367825746536
0.053410790860652924
0.05251124128699303
0.05161517113447189
0.05071277171373367
0.04978330805897713
0.04883216693997383
0.0478699654340744
0.04689204320311546
0.04588858038187027
0.04486825317144394
0.0438227616250515
0.04277291148900986
0.04173213243484497
0.04072163999080658
0.039825189858675
0.03894834220409393
0.03814197704195976
0.0373428538441658
0.03655112907290459
0.03576182201504707
0.03495732322335243
0.03415556252002716
0.03335203602910042
0.03254261985421181
0.03173285722732544
0.030930038541555405
0.03013288974761963
0.02933015488088131
0.028511926531791687
0.027692092582583427
0.0268891379237175
0.026111850515007973
0.02537589892745018
0.02468126080930233
0.024020971730351448
0.023387564346194267
0.022775448858737946
0.02218555100262165
0.02161623165011406
0.02106391452252865
