10.11419677734375
13.322648048400879
11.48460865020752
9.99162483215332
8.224627494812012
7.485602378845215
7.157894134521484
7.006446838378906
6.896038055419922
6.818971633911133
6.757583141326904
6.712832450866699
6.669369697570801
6.590554714202881
6.530807018280029
6.501646995544434
6.505615711212158
6.526047706604004
6.55104923248291
6.6054205894470215
6.688904285430908
6.802980422973633
6.948676109313965
7.12944221496582
7.3490309715271
7.60284423828125
7.901721477508545
8.25212287902832
8.659504890441895
9.119246482849121
9.631525993347168
10.206293106079102
10.847047805786133
0.8080069422721863
0.7839163541793823
0.7902936339378357
0.8172770738601685
0.85645991563797
0.8976823687553406
0.9380220770835876
16.855445861816406
16.927711486816406
17.279321670532227
18.294797897338867
19.544246673583984
20.81906509399414
22.143917083740234
23.57383155822754
25.096078872680664
26.74197769165039
28.31178092956543
29.819747924804688
31.259939193725586
32.64634323120117
34.01983642578125
35.39427185058594
36.73186492919922
38.013675689697266
39.202667236328125
40.28232955932617
41.26267623901367
42.16746520996094
43.01349639892578
43.84421157836914
44.70676040649414
45.464054107666016
46.12720489501953
46.71038818359375
47.244686126708984
47.76124572753906
48.289791107177734
48.56120300292969
48.83658218383789
49.438323974609375
49.751121520996094
50.06487274169922
50.664947509765625
51.193214416503906
51.62045669555664
51.90889358520508
52.11699676513672
52.27123260498047
52.39259719848633
52.492794036865234
52.657325744628906
52.80524444580078
52.91849899291992
53.01700210571289
53.11460876464844
53.218624114990234
53.331016540527344
53.4517707824707
53.5836067199707
53.72530746459961
53.8724250793457
54.024417877197266
