0.08936186134815216
0.10298681259155273
0.12105162441730499
0.1298694908618927
0.13528718054294586
0.13810120522975922
0.1394159495830536
0.14020252227783203
0.14075320959091187
0.14114925265312195
0.14146368205547333
0.14186395704746246
0.14243187010288239
0.14301808178424835
0.14359025657176971
0.1441577672958374
0.1447443962097168
0.1453409045934677
0.14606602489948273
0.14678028225898743
0.14756639301776886
0.1487584263086319
0.1504436582326889
0.15238530933856964
0.15467731654644012
0.15732870995998383
0.16022393107414246
0.16343416273593903
0.16700293123722076
0.17092199623584747
0.17510448396205902
0.17956030368804932
0.025506988167762756
0.01706361584365368
0.013967078179121017
0.010697887279093266
0.008466992527246475
0.008063912391662598
0.0081552155315876
0.1370384246110916
0.14887839555740356
0.1580566018819809
0.17217743396759033
0.18352998793125153
0.1933121681213379
0.20248766243457794
0.21190094947814941
0.22168070077896118
0.23189152777194977
0.24467431008815765
0.2598816752433777
0.27488672733306885
0.29061758518218994
0.3063366413116455
0.32221490144729614
0.3375268876552582
0.329472154378891
0.3174578845500946
0.30646735429763794
0.2959821820259094
0.2857617735862732
0.2759440839290619
0.2665404677391052
0.25926876068115234
0.254938542842865
0.2534516155719757
0.25827276706695557
0.26689741015434265
0.27691009640693665
0.2894178032875061
0.304942786693573
1.6035175323486328
2.6020820140838623
2.9638376235961914
3.180823564529419
3.5887234210968018
4.0157084465026855
4.411351680755615
4.777076244354248
5.095337867736816
5.396708011627197
5.6749348640441895
5.929916858673096
6.190715312957764
6.578247547149658
6.976579189300537
7.343496322631836
7.676732540130615
8.008524894714355
8.326263427734375
8.612393379211426
8.872886657714844
9.116328239440918
9.357429504394531
