0.1766095906496048
0.20266763865947723
0.20554719865322113
0.20745275914669037
0.20881634950637817
0.20954856276512146
0.21004708111286163
0.21054063737392426
0.21109600365161896
0.21158085763454437
0.21207456290721893
0.21271157264709473
0.21322381496429443
0.2140805572271347
0.215007483959198
0.21580490469932556
0.21664288640022278
0.2174650877714157
0.21838803589344025
0.21956537663936615
0.22121475636959076
0.2232591211795807
0.225590780377388
0.2285386323928833
0.23188316822052002
0.23586289584636688
0.2405291646718979
0.2457483559846878
0.25145384669303894
0.2574763596057892
0.263816237449646
0.27048295736312866
0.015241648070514202
0.0154569698497653
0.015461168251931667
0.015333631075918674
0.015175406821072102
0.015006310306489468
0.014848984777927399
0.2497248500585556
0.25203824043273926
0.2547090947628021
0.26211172342300415
0.2713721990585327
0.28718599677085876
0.31023627519607544
0.33690550923347473
0.3674619495868683
0.36179617047309875
0.35289818048477173
0.34402453899383545
0.33515864610671997
0.32618793845176697
0.317144513130188
0.3077315092086792
0.29767605662345886
0.28782328963279724
0.27827689051628113
0.2692764401435852
0.26084136962890625
0.2527056932449341
0.2448045164346695
0.23714721202850342
0.22971969842910767
0.22249028086662292
0.2154109925031662
0.20854029059410095
0.20193369686603546
0.19566254317760468
0.18964704871177673
0.18371036648750305
0.17798727750778198
0.17241314053535461
0.1668698489665985
0.1617612987756729
0.1562230885028839
0.15025538206100464
0.14530865848064423
0.14177671074867249
0.13892856240272522
0.1363627165555954
0.14740051329135895
0.16990035772323608
0.19295011460781097
0.2147187888622284
0.23459450900554657
0.2530541718006134
0.2694269120693207
0.28535833954811096
0.30080166459083557
0.31568145751953125
0.33057457208633423
0.3456285297870636
0.6006873846054077
