0.02224324829876423
0.025474203750491142
0.029372800141572952
0.030802905559539795
0.03127376735210419
0.031383052468299866
0.031494975090026855
0.031723830848932266
0.031907301396131516
0.032059356570243835
0.032176241278648376
0.032292306423187256
0.03240630030632019
0.03251902759075165
0.032640084624290466
0.03280122950673103
0.032991573214530945
0.033239662647247314
0.03354296833276749
0.03387387841939926
0.034226469695568085
0.03460688516497612
0.03505943715572357
0.03560348600149155
0.036235034465789795
0.03694254904985428
0.037707872688770294
0.03851815313100815
0.039368800818920135
0.04026305302977562
0.04120487719774246
0.042207442224025726
0.0022851796820759773
0.001986332470551133
0.0019754983950406313
0.0020246589556336403
0.002074707532301545
0.00211707828566432
0.04091854766011238
0.04411405697464943
0.045703910291194916
0.0467865914106369
0.047723256051540375
0.04858589544892311
0.04950983077287674
0.05056740343570709
0.051754795014858246
0.0530904121696949
0.054564088582992554
0.056100599467754364
0.05470044165849686
0.05325181037187576
0.0518389493227005
0.050393782556056976
0.04895665496587753
0.047528065741062164
0.04611341655254364
0.0447128601372242
0.04333942010998726
0.04202265664935112
0.04076911881566048
0.0395243838429451
0.03825969621539116
0.037021927535533905
0.03641662746667862
0.03581851348280907
0.03466462343931198
0.0335536003112793
0.03247947618365288
0.03195282444357872
0.03143191710114479
0.030420703813433647
0.029438385739922523
0.028482122346758842
0.027553288266062737
0.02665400691330433
0.025786777958273888
0.02495318464934826
0.024153180420398712
0.02338479459285736
0.02264546975493431
0.021935652941465378
0.021255291998386383
0.020609399303793907
0.019993526861071587
0.019406188279390335
0.018845750018954277
0.018310248851776123
0.017797289416193962
0.017304636538028717
0.01683073304593563
0.01637429930269718
0.015933051705360413
0.015505845658481121
