0.042562685906887054
0.048422034829854965
0.054540280252695084
0.05525030940771103
0.055788613855838776
0.05621464550495148
0.05656116455793381
0.05697019398212433
0.05728152021765709
0.057620275765657425
0.05794310197234154
0.05825068801641464
0.058530647307634354
0.05878229811787605
0.059002794325351715
0.0592159740626812
0.05944935232400894
0.05973045155405998
0.060076769441366196
0.060527268797159195
0.061073802411556244
0.06169023737311363
0.06239572912454605
0.06319459527730942
0.06411216408014297
0.06514059007167816
0.06625919789075851
0.06744460761547089
0.06867425888776779
0.06995958089828491
0.07129859924316406
0.07271122932434082
0.07421726733446121
0.004033324308693409
0.003881729207932949
0.0037932991981506348
0.0037508264649659395
0.0037306088488548994
0.0037195500917732716
0.06537645310163498
0.06874751299619675
0.07111722975969315
0.07418646663427353
0.07665743678808212
0.07898607105016708
0.08132616430521011
0.08382241427898407
0.08641377091407776
0.08899226039648056
0.09164470434188843
0.09392476826906204
0.09579766541719437
0.09772296994924545
0.09967224299907684
0.10152111202478409
0.10445770621299744
0.1072964072227478
0.11010532826185226
0.11272672563791275
0.11497601866722107
0.11717412620782852
0.11926459521055222
0.12147736549377441
0.12386954575777054
0.12630052864551544
0.1287037432193756
0.13117361068725586
0.13364720344543457
0.13585872948169708
0.1380477100610733
0.1403529942035675
0.14192047715187073
0.13616015017032623
0.1311890184879303
0.1266186237335205
0.12231338024139404
0.1183411106467247
0.11457416415214539
0.11106015741825104
0.10769623517990112
0.10440944880247116
0.10111464560031891
0.09785349667072296
0.09459969401359558
0.09161672741174698
0.08902191370725632
0.08666614443063736
0.08432771265506744
0.08195152133703232
0.07958359271287918
0.07722966372966766
0.0749131366610527
0.07264009863138199
0.07039045542478561
