0.008017792366445065
0.00872994214296341
0.008288734592497349
0.00798820611089468
0.007825088687241077
0.007717414293438196
0.0076314425095915794
0.00756017304956913
0.0075014503672719
0.007445937488228083
0.007394297514110804
0.007344645448029041
0.007295831572264433
0.007248395122587681
0.0072019356302917
0.007156935520470142
0.007115229964256287
0.007076274137943983
0.007038970477879047
0.007003254257142544
0.006968812085688114
0.006935532670468092
0.006903658155351877
0.006874192506074905
0.00684656947851181
0.00681994529440999
0.006793475244194269
0.006766509264707565
0.006738470867276192
0.006709245964884758
0.0066781844943761826
0.006643468048423529
0.0007022440549917519
0.0006314546335488558
0.000614870514255017
0.0006163471261970699
0.0006265892880037427
0.0006420555873773992
0.006831876467913389
0.006751977372914553
0.006607055198401213
0.006521263159811497
0.006459496449679136
0.006407748907804489
0.0063601331785321236
0.006313705816864967
0.006267066113650799
0.006219443865120411
0.0061703696846961975
0.006119461264461279
0.006066368892788887
0.00601152190938592
0.005954584572464228
0.0058927168138325214
0.005827290005981922
0.005749870091676712
0.005671502090990543
0.005594837944954634
0.005517010111361742
0.005436805542558432
0.005354530643671751
0.005270327907055616
0.00518450140953064
0.005097634624689817
0.005009374115616083
0.004920160863548517
0.004830728285014629
0.004741025157272816
0.004651481751352549
0.004562383517622948
0.004474450834095478
0.0043874578550457954
0.00430081132799387
0.00421459786593914
0.0041288938373327255
0.004043674562126398
0.003959141671657562
0.0038754362612962723
0.0037927119992673397
0.0037110394332557917
0.003630555234849453
0.0035514209885150194
0.0034737330861389637
0.0033976167906075716
0.003323191311210394
0.0032505381386727095
0.0031796779949218035
0.003110559657216072
0.0030430506449192762
0.0029771076515316963
0.002912677824497223
0.0028497406747192144
