3.96881103515625
4.612847328186035
6.131505489349365
7.594869136810303
7.803454399108887
7.271846294403076
7.034400939941406
7.11008882522583
7.382710933685303
7.783422946929932
8.285655975341797
8.868452072143555
9.561362266540527
9.625014305114746
9.522481918334961
9.368711471557617
9.300774574279785
9.302252769470215
9.360904693603516
9.47677230834961
9.639389038085938
9.83487319946289
10.039883613586426
10.252920150756836
10.461017608642578
10.677549362182617
10.906749725341797
11.146376609802246
11.407557487487793
11.68503189086914
11.988635063171387
12.322218894958496
0.2649240791797638
0.22703081369400024
0.22948266565799713
0.23505432903766632
0.2423764020204544
0.25015148520469666
14.017426490783691
15.23788833618164
15.590246200561523
15.939889907836914
16.358951568603516
16.856718063354492
17.408281326293945
17.985933303833008
18.561159133911133
19.098285675048828
19.693069458007812
20.413230895996094
21.159440994262695
21.89478874206543
22.639726638793945
23.395893096923828
24.18349266052246
25.00030517578125
25.849748611450195
26.735071182250977
27.65363121032715
28.59519386291504
29.550857543945312
30.516931533813477
31.492286682128906
32.48869323730469
33.50041961669922
34.51884078979492
35.55375671386719
36.58278274536133
37.62519454956055
38.70559310913086
39.71757507324219
40.70241928100586
41.6928825378418
42.684810638427734
43.67636489868164
44.6595344543457
45.63636779785156
46.58629608154297
47.47691345214844
48.29986572265625
49.05894088745117
49.76988983154297
50.44467544555664
51.08800506591797
51.70386505126953
52.298152923583984
52.8787727355957
53.44757843017578
54.00442123413086
54.54997634887695
55.0827751159668
55.60611343383789
