0.14903289079666138
0.1551171988248825
0.17370502650737762
0.19453001022338867
0.20828838646411896
0.21107734739780426
0.21316508948802948
0.21480397880077362
0.21619713306427002
0.21735499799251556
0.21846763789653778
0.21930985152721405
0.220062255859375
0.22098328173160553
0.2217268943786621
0.22242675721645355
0.22310596704483032
0.22352737188339233
0.22394980490207672
0.22428178787231445
0.2247973382472992
0.2255588322877884
0.22646695375442505
0.22740474343299866
0.2285909652709961
0.2300344854593277
0.23159129917621613
0.23500694334506989
0.24011623859405518
0.2461148500442505
0.25315696001052856
0.2611311972141266
0.02428731881082058
0.020521076396107674
0.01907828077673912
0.018530678004026413
0.018406452611088753
0.01849774457514286
0.2194698601961136
0.24217116832733154
0.25734129548072815
0.2776184380054474
0.2936645746231079
0.3070872128009796
0.31911447644233704
0.33058732748031616
0.3419431149959564
0.353531152009964
0.36513203382492065
0.3770894408226013
0.39012575149536133
0.40737050771713257
0.43605607748031616
0.4783793091773987
0.5382450222969055
0.6222388744354248
0.7416103482246399
0.91021728515625
1.054521083831787
3.2662127017974854
26.683927536010742
41.80687713623047
54.15151596069336
64.43984985351562
73.32632446289062
81.7264633178711
89.8321304321289
94.93096160888672
97.49139404296875
99.91020965576172
101.92124938964844
103.40186309814453
104.61823272705078
105.55668640136719
106.32354736328125
107.03885650634766
107.52606964111328
107.74845123291016
107.80577850341797
107.76663970947266
107.64995574951172
107.31153869628906
106.69586944580078
107.02867889404297
107.52369689941406
107.93463134765625
108.35167694091797
110.59610748291016
112.8792724609375
114.50912475585938
115.69195556640625
116.52629852294922
117.12535858154297
