0.06173001974821091
0.07176191359758377
0.07858171314001083
0.08809215575456619
0.12519754469394684
0.1834161877632141
0.14289185404777527
0.13169151544570923
0.12356387078762054
0.10912494361400604
0.10110938549041748
0.09057773649692535
0.08230280876159668
0.07679428905248642
0.07372992485761642
0.07198338955640793
0.07093730568885803
0.07031553238630295
0.06995261460542679
0.06973759829998016
0.06959149986505508
0.0694814994931221
0.06937073916196823
0.06921932846307755
0.06906012445688248
0.06888454407453537
0.06869031488895416
0.06848569214344025
0.06827720999717712
0.06806794553995132
0.06786248087882996
0.0676567479968071
0.06745114177465439
0.06724845618009567
0.067047119140625
0.06684800982475281
0.0054346248507499695
0.004623805172741413
0.004484232515096664
0.00428847735747695
0.003929628990590572
0.003785255365073681
0.10488219559192657
0.11458800733089447
0.12173981219530106
0.10419337451457977
0.09725959599018097
0.08925739675760269
0.08186464756727219
0.07929868996143341
0.07657301425933838
0.07346192002296448
0.07131457328796387
0.0697229728102684
0.06853945553302765
0.06768909096717834
0.06705942004919052
0.06656883656978607
0.06615845113992691
0.0657995268702507
0.0654585212469101
0.06511884927749634
0.06478860974311829
0.06446598470211029
0.06415189057588577
0.06385581195354462
0.0635695829987526
0.06330326199531555
0.06305985152721405
0.06284568458795547
0.06267523020505905
0.06253509968519211
0.06239689514040947
0.06224215403199196
0.06206577643752098
0.06187530234456062
0.061682794243097305
0.0614943765103817
0.06131194159388542
0.06113447621464729
0.06095943599939346
0.06078670546412468
0.06061573699116707
0.060446470975875854
0.06027478724718094
0.060097500681877136
0.05991559475660324
0.05973527207970619
0.05955886095762253
0.059385571628808975
0.059214599430561066
0.05904354900121689
0.058866873383522034
0.058689918369054794
0.05851615220308304
0.05835191532969475
0.05820181220769882
0.058063358068466187
0.057927243411540985
0.057788003236055374
