4.145115375518799
5.126068592071533
6.732460975646973
6.849573612213135
7.0522236824035645
7.3419060707092285
7.7067742347717285
8.091445922851562
8.113283157348633
8.13171100616455
8.211063385009766
8.364294052124023
8.563843727111816
8.762754440307617
8.926825523376465
9.099562644958496
9.257991790771484
9.436185836791992
9.601726531982422
9.781841278076172
9.99753475189209
10.242388725280762
10.51735782623291
10.802876472473145
11.096193313598633
11.405041694641113
11.697582244873047
11.986485481262207
12.277008056640625
12.564396858215332
12.858441352844238
13.150836944580078
0.42701414227485657
0.4031524360179901
0.4295470118522644
0.45167192816734314
0.47216954827308655
0.4913513660430908
15.604321479797363
15.029243469238281
15.000936508178711
15.340038299560547
15.671343803405762
15.929044723510742
16.24541664123535
16.61431121826172
16.97941017150879
17.330110549926758
17.718538284301758
18.120941162109375
18.530664443969727
18.953739166259766
19.392314910888672
19.838790893554688
20.28987693786621
20.747825622558594
21.21453857421875
21.686975479125977
22.162599563598633
22.648292541503906
23.16152572631836
23.703519821166992
24.261526107788086
24.82253646850586
25.379762649536133
25.937074661254883
26.47020721435547
26.9881534576416
27.485549926757812
27.965883255004883
28.4407901763916
28.92212677001953
29.424184799194336
29.98862075805664
30.55520248413086
31.119213104248047
31.675662994384766
32.22450256347656
32.768653869628906
33.296749114990234
33.78691864013672
34.25290298461914
34.68428421020508
35.07571792602539
35.42755126953125
35.748008728027344
36.04801559448242
36.33513641357422
36.63545227050781
36.92428970336914
37.201656341552734
37.4696044921875
37.7371711730957
