0.00833972729742527
0.009610791690647602
0.011312006041407585
0.011522868648171425
0.011655069887638092
0.011768020689487457
0.0118564423173666
0.011948949657380581
0.01204782072454691
0.012151381932199001
0.012246007099747658
0.012347870506346226
0.01246032677590847
0.012590293772518635
0.012752381153404713
0.012953821569681168
0.013179310597479343
0.013421601615846157
0.013681747950613499
0.013966664671897888
0.014281868934631348
0.01462921965867281
0.014969146810472012
0.015301094390451908
0.015653500333428383
0.016024867072701454
0.016420867294073105
0.016837485134601593
0.017273711040616035
0.017731674015522003
0.018213355913758278
0.01872006244957447
0.0009850194910541177
0.001030295854434371
0.001020725816488266
0.0010173683986067772
0.001017166767269373
0.0010191675974056125
0.018926527351140976
0.019656380638480186
0.0200927946716547
0.020678827539086342
0.02120497077703476
0.021629169583320618
0.022066662088036537
0.02254234068095684
0.023058701306581497
0.02360793761909008
0.02418965846300125
0.024804625660181046
0.025439037010073662
0.02609807439148426
0.02676893211901188
0.027462506666779518
0.02817637287080288
0.028906390070915222
0.029652690514922142
0.030420249328017235
0.031206713989377022
0.032013989984989166
0.03286951407790184
0.03374051675200462
0.034626029431819916
0.03552429750561714
0.03646395727992058
0.03657210245728493
0.035211022943258286
0.033956870436668396
0.03275593742728233
0.03159395605325699
0.030469421297311783
0.029378654435276985
0.028317084535956383
0.027295997366309166
0.026315318420529366
0.025373004376888275
0.024484800174832344
0.023646820336580276
0.022874576970934868
0.022144002839922905
0.02144818939268589
0.02077837847173214
0.02013716846704483
0.01952296309173107
0.01893574930727482
0.0183721836656332
0.017830919474363327
0.01731141470372677
0.016812199726700783
0.016332074999809265
0.0158697422593832
0.015423529781401157
0.014991666190326214
