0.04095987603068352
0.04854080080986023
0.051875725388526917
0.04598786309361458
0.04187976196408272
0.03880305215716362
0.03654852136969566
0.0349062904715538
0.03373004123568535
0.03290581703186035
0.032328441739082336
0.03192286193370819
0.03163221478462219
0.03141571208834648
0.031242623925209045
0.031090738251805305
0.0309457965195179
0.03079954907298088
0.03064749203622341
0.030487051233649254
0.03031815215945244
0.030141731724143028
0.02996157296001911
0.02978602983057499
0.02961822599172592
0.029457606375217438
0.029308725148439407
0.029182126745581627
0.029079018160700798
0.028989769518375397
0.028909411281347275
0.02883298136293888
0.0034523047506809235
0.0031264936551451683
0.002938299672678113
0.0028399277944117785
0.002691334579139948
0.0025698235258460045
0.03665924817323685
0.035675257444381714
0.03565721958875656
0.03547825664281845
0.03549510985612869
0.03548446297645569
0.035454269498586655
0.03537102788686752
0.03515807166695595
0.0346347913146019
0.03400428220629692
0.03288942575454712
0.031919024884700775
0.031012529507279396
0.03023877926170826
0.02959916926920414
0.029322216287255287
0.029056483879685402
0.028595685958862305
0.028207069262862206
0.02786637470126152
0.02756277285516262
0.027287254109978676
0.027033666148781776
0.026793701574206352
0.026563353836536407
0.026339484378695488
0.026120202615857124
0.025904884561896324
0.025692043825984
0.025480207055807114
0.025268197059631348
0.02505774423480034
0.024847332388162613
0.024635082110762596
0.02442651055753231
0.024219293147325516
0.02401047572493553
0.02380000241100788
0.023588169366121292
0.02337447553873062
0.02316032536327839
0.022945860400795937
0.022726548835635185
0.02250821515917778
0.022288305684924126
0.022063590586185455
0.021833181381225586
0.021597573533654213
0.02140418440103531
0.021292690187692642
0.02123999036848545
0.021354254335165024
0.021702367812395096
0.022117486223578453
0.02259751409292221
0.02314402535557747
0.023742200806736946
0.024371599778532982
0.025024905800819397
0.025696130469441414
0.02638602815568447
0.027158264070749283
0.028071550652384758
0.029129253700375557
