0.03395882993936539
0.03528982400894165
0.03692798689007759
0.0388500913977623
0.03940177708864212
0.03951876237988472
0.039579104632139206
0.039728641510009766
0.03993608430027962
0.040134042501449585
0.040332552045583725
0.040561091154813766
0.040762268006801605
0.04091057553887367
0.041033074259757996
0.04116113483905792
0.04130510240793228
0.041462093591690063
0.04123949632048607
0.04096588119864464
0.04069819673895836
0.04044360667467117
0.04019565135240555
0.03994941711425781
0.039706066250801086
0.03946668282151222
0.039229150861501694
0.038987841457128525
0.038739126175642014
0.03848233073949814
0.03822057694196701
0.03795451298356056
0.002179098315536976
0.0022769588977098465
0.0024075221735984087
0.0023671784438192844
0.0023250344675034285
0.0022678272798657417
0.04110250622034073
0.04149055480957031
0.041390351951122284
0.04125657677650452
0.041259296238422394
0.04125261306762695
0.04123411700129509
0.04118535667657852
0.041063979268074036
0.04079027473926544
0.04044744744896889
0.03971929848194122
0.03891211748123169
0.038097064942121506
0.03733273595571518
0.03676455840468407
0.03653072193264961
0.03631989285349846
0.035968389362096786
0.035673271864652634
0.03540661558508873
0.03515465557575226
0.03490954637527466
0.03466591238975525
0.034421660006046295
0.03417643904685974
0.03393005207180977
0.03368452563881874
0.033437397330999374
0.03318498656153679
0.03292276710271835
0.0326630063354969
0.03240378201007843
0.03214636072516441
0.0318920873105526
0.03164123743772507
0.031392138451337814
0.031145725399255753
0.030902685597538948
0.0306619331240654
0.030422965064644814
0.030184686183929443
0.02994668483734131
0.029709361493587494
0.029472142457962036
0.029234876856207848
0.028997687622904778
0.028761066496372223
0.028524812310934067
0.02829017862677574
0.028135288506746292
0.028058210387825966
0.027827903628349304
0.027600597590208054
0.027375807985663414
0.027153465896844864
0.026933453977108
0.026713257655501366
0.026493167504668236
0.02627471648156643
0.026057584211230278
0.025841107591986656
0.02562570571899414
0.025413859635591507
0.025205718353390694
