0.1429571509361267
0.14838182926177979
0.14155322313308716
0.12926505506038666
0.11730238050222397
0.10670386254787445
0.09754271060228348
0.08964844793081284
0.08288916945457458
0.07727184891700745
0.07399903237819672
0.07315001636743546
0.07318371534347534
0.07372510433197021
0.07469156384468079
0.07598110288381577
0.0774570107460022
0.07910257577896118
0.08091691136360168
0.08287318050861359
0.08494456112384796
0.08712080866098404
0.08939549326896667
0.09178029745817184
0.09428431838750839
0.09691622853279114
0.09968503564596176
0.10260145366191864
0.10567701607942581
0.10892285406589508
0.11234953999519348
0.11596813797950745
0.11952242255210876
0.1228407695889473
0.12576042115688324
0.1282787173986435
0.13043130934238434
0.13224409520626068
0.13326740264892578
0.1340348869562149
0.1342589259147644
0.13444273173809052
0.134440615773201
0.13444918394088745
0.13447453081607819
0.13454987108707428
0.13477526605129242
0.13548710942268372
0.1366295963525772
0.13967449963092804
0.14297835528850555
0.1466158926486969
0.15064167976379395
0.15511596202850342
0.15750356018543243
0.15999609231948853
0.16551557183265686
0.17164471745491028
0.17817465960979462
0.18350255489349365
0.18822211027145386
0.19275817275047302
0.19730634987354279
0.20200270414352417
0.20682813227176666
0.21176846325397491
0.21685823798179626
0.22206276655197144
0.22737236320972443
0.23278115689754486
0.2379036843776703
0.24271997809410095
0.24724769592285156
0.25152158737182617
0.2555379569530487
0.25865158438682556
0.2622887194156647
0.2671276926994324
0.27294018864631653
0.279378205537796
0.28627923130989075
0.29339784383773804
0.3004595935344696
0.3074781894683838
0.314492791891098
0.32153892517089844
0.32863762974739075
0.3358250558376312
0.34067729115486145
0.3431221544742584
0.35049059987068176
0.35804280638694763
0.365709513425827
0.3735095262527466
0.38146165013313293
0.3895692825317383
0.3978428542613983
0.40630677342414856
0.4150680601596832
0.42411190271377563
0.4334075152873993
0.44294217228889465
0.45269936323165894
