0.14295022189617157
0.14836256206035614
0.14150908589363098
0.12921059131622314
0.11731681227684021
0.10670004785060883
0.0975416973233223
0.08965887129306793
0.08286841213703156
0.07725942879915237
0.07385237514972687
0.07299453765153885
0.07298614084720612
0.07349348068237305
0.07442398369312286
0.07567460089921951
0.07712677866220474
0.0787360668182373
0.08051072806119919
0.08242520689964294
0.08445271849632263
0.08658343553543091
0.08881170302629471
0.09114273637533188
0.0935896635055542
0.09616295248270035
0.09886801242828369
0.101713165640831
0.10470927506685257
0.10786652565002441
0.11119434982538223
0.11470337212085724
0.11814475059509277
0.12135035544633865
0.12415588647127151
0.12655968964099884
0.12859848141670227
0.13030560314655304
0.13135182857513428
0.13091431558132172
0.13193504512310028
0.13449758291244507
0.1374642699956894
0.1408182978630066
0.1445722132921219
0.14874990284442902
0.15338458120822906
0.15585383772850037
0.158428356051445
0.16409483551979065
0.1703423112630844
0.17631161212921143
0.18124037981033325
0.18554812669754028
0.18963271379470825
0.19370529055595398
0.1978272944688797
0.2019859403371811
0.2062445878982544
0.21061241626739502
0.21506565809249878
0.21959877014160156
0.22420568764209747
0.22849084436893463
0.23247763514518738
0.2361723780632019
0.2392938733100891
0.2416900396347046
0.24399754405021667
0.24743957817554474
0.25178688764572144
0.25669774413108826
0.26190903782844543
0.2674262523651123
0.27287736535072327
0.27833759784698486
0.2838985323905945
0.28961360454559326
0.29548877477645874
0.3015531897544861
0.30780333280563354
0.31420421600341797
0.3207186460494995
0.327328622341156
0.33403685688972473
0.3408544957637787
0.3478611707687378
0.3550807535648346
0.3625132441520691
0.37015634775161743
0.3780057430267334
0.3860709071159363
0.3943832516670227
0.4030788540840149
0.41209572553634644
