0.04089748114347458
0.04843701049685478
0.04987087845802307
0.04634653031826019
0.04350321739912033
0.04226011037826538
0.03917248919606209
0.037415239959955215
0.03424064815044403
0.030382022261619568
0.028674906119704247
0.027123719453811646
0.02468947134912014
0.022794131189584732
0.02132667601108551
0.020223824307322502
0.01938633807003498
0.018742868676781654
0.01824306510388851
0.017846327275037766
0.01752511039376259
0.01726217195391655
0.017045004293322563
0.016865499317646027
0.01671862229704857
0.01659778505563736
0.01649768091738224
0.016414346173405647
0.01634719967842102
0.016295624896883965
0.01625232584774494
0.016213690862059593
0.016176875680685043
0.01614200323820114
0.016108959913253784
0.01607690192759037
0.016045529395341873
0.003566419705748558
0.0035073067992925644
0.003501429222524166
0.0034947895910590887
0.003482163418084383
0.0034143126104027033
0.02053276263177395
0.021996865049004555
0.021532578393816948
0.020961010828614235
0.020728321745991707
0.020231064409017563
0.02006019651889801
0.019665803760290146
0.019157588481903076
0.018717335537075996
0.0183272622525692
0.017997121438384056
0.017713842913508415
0.017460636794567108
0.017229020595550537
0.01701558381319046
0.016819152981042862
0.016638491302728653
0.01647409424185753
0.01632743515074253
0.01619993895292282
0.016089553013443947
0.015992796048521996
0.015907032415270805
0.015831857919692993
0.01576707512140274
0.01571129821240902
0.015662875026464462
0.015619859099388123
0.015580061823129654
0.015541513450443745
0.015502898953855038
0.015463492833077908
0.015422973781824112
0.015381447970867157
0.015338949859142303
0.015295327641069889
0.015250853262841702
0.01520602684468031
0.015161319635808468
0.015117052011191845
0.015073266811668873
0.01502995379269123
0.014986666850745678
0.014942953363060951
0.014898681081831455
0.0148537065833807
0.014807961881160736
0.014761775732040405
0.014715459197759628
0.014669308438897133
0.014623439870774746
0.014577974565327168
0.014533018693327904
0.014488616026937962
0.01444469764828682
0.014400877058506012
0.014356548897922039
