0.007561341859400272
0.009325726889073849
0.010200818069279194
0.009770344011485577
0.009438104927539825
0.009297206997871399
0.008892983198165894
0.008646954782307148
0.008270137943327427
0.007876908406615257
0.007710850331932306
0.007575083989650011
0.007375150453299284
0.0072199204005301
0.007098324131220579
0.007002491969615221
0.006924394052475691
0.006859946995973587
0.006807080935686827
0.006763217970728874
0.006726906634867191
0.00669634435325861
0.006670218426734209
0.006647617556154728
0.0066276052966713905
0.006609071511775255
0.006593024358153343
0.006577851716428995
0.006562572903931141
0.006546925753355026
0.0065308185294270515
0.006514586973935366
0.006498235743492842
0.006482088938355446
0.0064656902104616165
0.006449288688600063
0.006433604750782251
0.0005145429167896509
0.0004663821018766612
0.0004476909525692463
0.00043728743912652135
0.00043015278060920537
0.00042764906538650393
0.0072240340523421764
0.007397760637104511
0.007264158688485622
0.007133885752409697
0.007074123714119196
0.006974510382860899
0.0069358316250145435
0.006863597314804792
0.006766845937818289
0.006687910761684179
0.00661813747137785
0.006553465034812689
0.0064943572506308556
0.00644178781658411
0.0063958135433495045
0.0063558053225278854
0.006320761516690254
0.0062900506891310215
0.006262986455112696
0.006239003501832485
0.006216715089976788
0.006195874884724617
0.006176352500915527
0.006157943978905678
0.0061403983272612095
0.006123536732047796
0.00610722741112113
0.006091250106692314
0.006075378507375717
0.006059479434043169
0.006043487228453159
0.006027365569025278
0.006011104676872492
0.005994690582156181
0.005978131666779518
0.005961374379694462
0.005944416858255863
0.0059272819198668
0.005909990984946489
0.005892546381801367
0.005874963942915201
0.0058572618290781975
0.005839488003402948
0.0058216615580022335
0.0058037880808115005
0.00578588480129838
0.005767948925495148
0.005749935284256935
0.005731762386858463
0.005713451653718948
0.0056950547732412815
0.005676585249602795
0.005658057052642107
0.005639486946165562
0.005620905663818121
0.0056023444049060345
0.00558383809402585
0.005565418396145105
