0.042092010378837585
0.04667149484157562
0.053739190101623535
0.05542478710412979
0.05602680519223213
0.056265994906425476
0.05660594627261162
0.05705679580569267
0.0573907196521759
0.057623013854026794
0.0578017421066761
0.057975053787231445
0.0581476166844368
0.05830751731991768
0.058442212641239166
0.05857003852725029
0.05869392678141594
0.058803409337997437
0.05890316143631935
0.05900700017809868
0.05913916602730751
0.059275154024362564
0.05945330485701561
0.05970083922147751
0.05993453785777092
0.060186292976140976
0.060550179332494736
0.061022475361824036
0.061562467366456985
0.06216469034552574
0.06282642483711243
0.06357229501008987
0.0032190135680139065
0.003138125641271472
0.003140517510473728
0.003129314398393035
0.0031023165211081505
0.003067082492634654
0.05744916945695877
0.06014407426118851
0.062397342175245285
0.06441041082143784
0.06617818772792816
0.06777582317590714
0.06925612688064575
0.07064960151910782
0.0719754695892334
0.07326438277959824
0.07453757524490356
0.07580941915512085
0.07710165530443192
0.07840579003095627
0.07972682267427444
0.08017037808895111
0.0810914933681488
0.08253040909767151
0.08406458795070648
0.08573978394269943
0.08752819895744324
0.08933468163013458
0.09115425497293472
0.09269455075263977
0.09395059198141098
0.0951864942908287
0.09646409749984741
0.09779248386621475
0.09933862090110779
0.10080534964799881
0.10277565568685532
0.10461225360631943
0.1062542274594307
0.1081591546535492
0.11019910126924515
0.11221680045127869
0.11422461271286011
0.11631033569574356
0.1185169592499733
0.12091019004583359
0.12345998734235764
0.12563158571720123
0.12454432994127274
0.1206376776099205
0.11730389297008514
0.11415722966194153
0.1110040619969368
0.10790181159973145
0.1021619364619255
0.09525950998067856
0.09096544235944748
0.09314480423927307
0.09620422124862671
0.09955994784832001
0.12738242745399475
