7.0199995040893555
8.165228843688965
10.539271354675293
13.555113792419434
15.062234878540039
14.77127742767334
14.235516548156738
14.47575855255127
15.375853538513184
15.67741584777832
15.613804817199707
15.485015869140625
15.382394790649414
15.452240943908691
15.609338760375977
15.82656192779541
16.106040954589844
16.49433708190918
16.985679626464844
17.602975845336914
18.36867332458496
19.234466552734375
20.20083236694336
21.298267364501953
22.59540367126465
24.16044044494629
26.112516403198242
28.4860782623291
31.329219818115234
34.70187759399414
38.592872619628906
43.24214172363281
1.224973440170288
0.9018528461456299
0.6890514492988586
0.6549953818321228
0.6637189388275146
0.6808006167411804
17.57549476623535
33.42921447753906
66.64995574951172
77.93460083007812
87.96003723144531
99.1009292602539
112.60111236572266
128.3704071044922
144.5924072265625
161.0133819580078
177.3700714111328
193.4134521484375
209.7003631591797
226.04881286621094
242.5935821533203
248.2288360595703
259.6260681152344
277.1762390136719
295.2045593261719
308.0144348144531
318.71807861328125
329.96380615234375
341.0759582519531
351.9617919921875
362.8900146484375
373.5323486328125
383.6478576660156
393.4120788574219
402.7647399902344
411.7267761230469
420.0412902832031
427.1962890625
433.45404052734375
439.3125305175781
444.7782287597656
450.08929443359375
454.9996337890625
459.3326416015625
463.1610107421875
466.557373046875
469.54510498046875
472.0218811035156
474.19189453125
475.7510070800781
476.81024169921875
477.3724365234375
477.5167236328125
477.28961181640625
476.67742919921875
475.733154296875
474.62530517578125
473.43988037109375
472.2435302734375
471.07855224609375
469.8746032714844
