0.03703158721327782
0.03842451795935631
0.04168567433953285
0.04491680860519409
0.04767328128218651
0.05024584382772446
0.051103223115205765
0.051399700343608856
0.0516538992524147
0.0518186055123806
0.05193121358752251
0.05203791707754135
0.052272237837314606
0.05255189165472984
0.052778203040361404
0.05298586189746857
0.05319643020629883
0.05341986194252968
0.053639184683561325
0.05385208874940872
0.054057132452726364
0.054274819791316986
0.05452156066894531
0.054811082780361176
0.05518670007586479
0.05566730722784996
0.056203581392765045
0.0567750446498394
0.05739404261112213
0.058060746639966965
0.05876440927386284
0.05949806421995163
0.003701594891026616
0.003458999330177903
0.0033965581096708775
0.0033654337748885155
0.0033399141393601894
0.003315884852781892
0.05555862560868263
0.05762150138616562
0.05895644426345825
0.060170598328113556
0.06136340647935867
0.06256047636270523
0.06374519318342209
0.06493917107582092
0.06612634658813477
0.0673195943236351
0.06851878762245178
0.06970391422510147
0.07092640548944473
0.07154024392366409
0.07215078175067902
0.07337170094251633
0.07449419051408768
0.07555043697357178
0.07661791890859604
0.07772690057754517
0.07889225333929062
0.08012603968381882
0.08131644874811172
0.08231785148382187
0.08319177478551865
0.08398416638374329
0.08486613631248474
0.0858134999871254
0.08680964261293411
0.08791080862283707
0.08893216401338577
0.08978206664323807
0.09066156297922134
0.09214545041322708
0.09407178312540054
0.09630541503429413
0.09897720813751221
0.10186951607465744
0.10621148347854614
0.11134283244609833
0.12057086080312729
0.13466979563236237
0.1941566914319992
0.28402841091156006
0.405987024307251
0.5625187754631042
0.7409113049507141
0.8998552560806274
1.04262113571167
13.584159851074219
27.43120574951172
33.11250305175781
36.61118698120117
39.02473449707031
40.80234909057617
