0.042662110179662704
0.05530110374093056
0.060921572148799896
0.06051144003868103
0.060594476759433746
0.060840897262096405
0.060877054929733276
0.060858167707920074
0.06088101118803024
0.06102404370903969
0.06131987273693085
0.06168041378259659
0.062047310173511505
0.0624043345451355
0.06269220262765884
0.06291966885328293
0.06312956660985947
0.06334689259529114
0.06358816474676132
0.06384304910898209
0.06412231922149658
0.06440924853086472
0.06407807022333145
0.06361547857522964
0.06321944296360016
0.06286752969026566
0.0625314712524414
0.06220240145921707
0.06186433508992195
0.06151270493865013
0.061148446053266525
0.06077070161700249
0.002958522643893957
0.002598864957690239
0.002600309671834111
0.0025811288505792618
0.002570811193436384
0.002567065879702568
0.05504817143082619
0.06444532424211502
0.0638427585363388
0.06164909899234772
0.06033884733915329
0.0593440867960453
0.058517925441265106
0.057795606553554535
0.05713096633553505
0.05649174749851227
0.05585358291864395
0.055203646421432495
0.05453795567154884
0.053757280111312866
0.052838411182165146
0.05192985385656357
0.05101655051112175
0.050081610679626465
0.04912198707461357
0.0481451191008091
0.04715557023882866
0.046144649386405945
0.045106373727321625
0.04405433312058449
0.042990997433662415
0.04193345829844475
0.04089324548840523
0.03997459635138512
0.039076417684555054
0.03825002908706665
0.037435103207826614
0.036627113819122314
0.035822946578264236
0.035001013427972794
0.0341828390955925
0.03336690366268158
0.03253966569900513
0.03171628713607788
0.030899522826075554
0.03008716180920601
0.029272273182868958
0.028440095484256744
0.027607660740613937
0.02679404616355896
0.026008956134319305
0.025259189307689667
0.024551086127758026
0.02387966774404049
0.023238375782966614
0.022621842101216316
0.022025177255272865
0.02144901268184185
0.020893294364213943
0.02035566233098507
