0.041645511984825134
0.05249089375138283
0.05926324799656868
0.06058625131845474
0.061343491077423096
0.062057528644800186
0.06250287592411041
0.06280630826950073
0.06290671974420547
0.06289162486791611
0.06292229145765305
0.06302852183580399
0.06319835782051086
0.0634189173579216
0.06368773430585861
0.06398380547761917
0.06427797675132751
0.06455398350954056
0.06482786685228348
0.06511713564395905
0.06534966081380844
0.06471744179725647
0.0642135739326477
0.06376316398382187
0.06335413455963135
0.06300490349531174
0.06269712001085281
0.06240229308605194
0.0620906688272953
0.06177137792110443
0.06144712120294571
0.0611114464700222
0.003136561717838049
0.002779730362817645
0.0026429849676787853
0.0026154096703976393
0.0025996363256126642
0.0025884064380079508
0.05386031046509743
0.0627569928765297
0.0664738118648529
0.06381707638502121
0.062265682965517044
0.06107153743505478
0.06005820631980896
0.05917488783597946
0.058375775814056396
0.05762527510523796
0.05690229684114456
0.05618979409337044
0.05527450889348984
0.054351627826690674
0.053913414478302
0.053460802882909775
0.052561987191438675
0.051646340638399124
0.050706151872873306
0.04975495859980583
0.04879792034626007
0.04779359698295593
0.04730191081762314
0.046793270856142044
0.045761194080114365
0.04471870884299278
0.04365142807364464
0.04261672496795654
0.041701048612594604
0.041417445987463
0.040795933455228806
0.039871376007795334
0.03897012025117874
0.038053590804338455
0.037114016711711884
0.036187924444675446
0.035289499908685684
0.03441910445690155
0.0335717611014843
0.032744698226451874
0.03193363919854164
0.031132958829402924
0.030342228710651398
0.029574120417237282
0.02883274480700493
0.028116511180996895
0.027426868677139282
0.02677483670413494
0.026160137727856636
0.025547875091433525
0.024923138320446014
0.024304082617163658
0.02370559424161911
0.02312910370528698
0.022574985399842262
0.022019466385245323
0.02146180532872677
