2077.9853515625
2047.4306640625
2011.449951171875
1991.432861328125
2094.5107421875
2084.36181640625
2072.8203125
2073.88671875
2069.260009765625
2063.69921875
2063.9091796875
2068.0673828125
2080.28076171875
2104.291015625
2131.139404296875
2149.235595703125
2159.760009765625
2168.958251953125
2176.526123046875
2183.210205078125
2189.625732421875
2197.41845703125
2208.0576171875
2221.9189453125
2239.69140625
2260.92578125
2286.438232421875
2315.15087890625
2351.960693359375
2397.61474609375
2454.858154296875
2521.607421875
122.22463989257812
124.54371643066406
124.57711791992188
124.62591552734375
124.68099975585938
124.73829650878906
1802.2772216796875
1982.534912109375
2358.31494140625
2601.88134765625
2791.2451171875
2956.98486328125
3117.295654296875
3279.11083984375
3442.67626953125
3606.73095703125
3774.79736328125
3950.891845703125
4135.81591796875
4338.9765625
4541.142578125
4746.84912109375
4953.50439453125
5159.60693359375
5364.37744140625
5575.3408203125
5799.37890625
5716.17333984375
5621.994140625
5537.57666015625
5474.35107421875
5407.20703125
5339.71484375
5269.18505859375
5197.13623046875
5123.154296875
5048.46923828125
4971.97412109375
4893.044921875
4814.7099609375
4750.35693359375
4679.3662109375
4603.052734375
4517.45166015625
4431.92626953125
4343.974609375
4251.11328125
4157.19775390625
4063.919677734375
3970.546142578125
3875.60546875
3778.98388671875
3678.997314453125
3576.199951171875
3472.515869140625
3368.447998046875
3263.23583984375
3155.52294921875
3048.18603515625
2942.23291015625
