2071.83203125
2042.1295166015625
2012.8299560546875
2000.9674072265625
2068.188720703125
2072.4892578125
2057.2998046875
2052.642578125
2088.22802734375
2139.49267578125
2180.575927734375
2211.55419921875
2248.901123046875
2283.31689453125
2321.690185546875
2365.641845703125
2415.560302734375
2468.6240234375
2521.45751953125
2577.834228515625
2639.364013671875
2706.6484375
2781.6455078125
2865.79443359375
2961.089111328125
3067.740966796875
3185.554443359375
3313.437744140625
3450.165771484375
3595.597412109375
3747.280517578125
3904.083740234375
124.07206726074219
122.23555755615234
123.09040832519531
123.66632843017578
125.78469848632812
129.09312438964844
3291.23291015625
3894.372314453125
4206.13037109375
4409.5126953125
4575.72509765625
4735.96826171875
4902.72265625
5079.7958984375
5268.27734375
5478.3955078125
5708.66845703125
5964.099609375
6228.23681640625
6493.455078125
6760.19921875
7030.6181640625
7315.38623046875
7616.6552734375
7935.78076171875
8252.052734375
8571.1044921875
8863.2294921875
9133.1083984375
9385.693359375
9530.47265625
9366.1015625
9217.986328125
9079.662109375
8942.30078125
8801.41015625
8658.005859375
8511.447265625
8362.126953125
8210.6103515625
8057.18212890625
7902.35693359375
7746.6943359375
7590.21875
7433.19189453125
7276.73046875
7122.357421875
6969.86083984375
6819.50244140625
6671.337890625
6524.681640625
6378.3740234375
6232.96484375
6088.55029296875
5945.12060546875
5802.76123046875
5661.5517578125
5521.79296875
5383.88037109375
5248.53662109375
