2029.0582275390625
2032.861083984375
2053.085205078125
2099.102783203125
2102.76806640625
2156.43017578125
2195.3798828125
2219.38671875
2236.85205078125
2251.36181640625
2267.02001953125
2291.98583984375
2334.389404296875
2382.452880859375
2446.17431640625
2536.66748046875
2651.238037109375
2783.745361328125
2929.53125
3086.927978515625
3254.89208984375
3433.0712890625
3621.19677734375
3819.58544921875
4028.157958984375
4247.009765625
4474.47021484375
4708.302734375
4952.98046875
5211.083984375
5479.61328125
5758.69970703125
198.0299835205078
203.7537841796875
205.149658203125
208.9241485595703
216.379638671875
225.68521118164062
5966.994140625
6758.84375
7269.47509765625
7627.38232421875
7995.4013671875
8341.0498046875
8703.4306640625
9097.775390625
9517.1142578125
9635.0078125
9670.23046875
9714.5615234375
9756.705078125
9790.8203125
9812.0
9818.96875
9808.572265625
9778.7431640625
9731.0302734375
9668.9658203125
9591.7265625
9501.24609375
9400.4501953125
9291.0732421875
9173.9140625
9051.4189453125
8923.4853515625
8790.2294921875
8652.15234375
8509.89453125
8363.71484375
8289.1689453125
8213.5087890625
8060.81787109375
7906.5830078125
7752.23095703125
7598.072265625
7443.0
7288.57958984375
7134.15966796875
6979.6982421875
6826.25390625
6673.52490234375
6523.3583984375
6376.1796875
6231.017578125
6088.6806640625
5944.86083984375
5804.73095703125
5668.69677734375
5535.35888671875
5405.0625
5278.1865234375
5154.5419921875
5034.12646484375
