2085.004638671875
2070.05859375
2039.828369140625
2012.972412109375
2002.061279296875
2065.649169921875
2085.753173828125
2092.43896484375
2093.86181640625
2104.530517578125
2138.7607421875
2146.086669921875
2148.586669921875
2147.8134765625
2152.849365234375
2175.28662109375
2186.548828125
2187.95556640625
2196.38037109375
2204.400390625
2211.295166015625
2220.33154296875
2229.72509765625
2243.88623046875
2258.244140625
2270.777587890625
2284.1650390625
2306.3046875
2336.808349609375
2374.384765625
2420.88427734375
2476.29150390625
114.32415771484375
112.80976104736328
110.53471374511719
109.90271759033203
109.93354797363281
110.0661849975586
1683.087158203125
1680.4490966796875
1888.754638671875
2993.0322265625
3299.5419921875
3255.26025390625
3246.239501953125
3307.15625
3399.3173828125
3451.35791015625
3447.09375
3430.45654296875
3436.532958984375
3481.18212890625
3562.443603515625
3651.835693359375
3745.380126953125
3853.427001953125
3905.9482421875
3957.112060546875
4064.634521484375
4171.0185546875
4048.81005859375
4008.8212890625
4006.869384765625
4016.845947265625
4024.792724609375
4030.41650390625
4046.521484375
4071.817138671875
4105.82275390625
4151.9755859375
4207.3486328125
4239.92041015625
4268.61181640625
4322.36376953125
4373.77783203125
4418.20556640625
4456.7119140625
4494.662109375
4532.57568359375
4568.8232421875
4603.8671875
4637.2626953125
4669.43017578125
4700.80224609375
4731.0830078125
4757.66162109375
4777.9609375
4791.43603515625
4796.84619140625
4793.7685546875
4782.69580078125
4763.84521484375
4737.99462890625
4706.53564453125
4670.93310546875
