2057.160400390625
2016.5201416015625
1599.5001220703125
1363.298095703125
1330.9158935546875
1288.644775390625
1249.7947998046875
1214.2589111328125
1182.8389892578125
1152.368896484375
1130.2562255859375
1121.7294921875
1109.392333984375
1092.3812255859375
1073.22216796875
1053.3560791015625
1033.8876953125
1014.96875
997.3651123046875
987.0265502929688
976.2550048828125
965.0690307617188
956.7579956054688
948.613037109375
939.1806030273438
928.3782958984375
916.5673828125
904.0751342773438
892.6853637695312
882.4024047851562
875.3178100585938
867.1861572265625
120.32150268554688
121.39525604248047
121.64280700683594
121.915283203125
122.16265869140625
122.44882202148438
1034.3770751953125
836.656005859375
839.4520874023438
870.3277587890625
874.2637329101562
863.9118041992188
849.4229125976562
835.3114013671875
823.1950073242188
811.99560546875
801.5252685546875
791.1345825195312
786.3471069335938
794.7014770507812
799.551513671875
802.5127563476562
805.6676635742188
810.4435424804688
813.9847412109375
818.6981811523438
831.8916625976562
846.6256713867188
863.4754028320312
881.3191528320312
899.8499755859375
919.5452880859375
930.3225708007812
940.8067626953125
962.8677978515625
986.5314331054688
1009.9817504882812
1032.7821044921875
1054.38671875
1065.1004638671875
1074.919677734375
1092.800537109375
1110.076416015625
1127.10986328125
1143.956787109375
1159.9508056640625
1174.6551513671875
1187.49609375
1198.0235595703125
1206.2049560546875
1212.4454345703125
1217.13916015625
1220.56396484375
1223.2469482421875
1225.984619140625
1228.3160400390625
1230.1224365234375
1231.01318359375
1230.6285400390625
1228.7911376953125
1225.453857421875
1220.673583984375
1214.5433349609375
