2038.04443359375
2233.492919921875
2454.990234375
2339.64208984375
2305.891357421875
2264.201171875
2230.06494140625
2187.608154296875
2156.8779296875
2142.98583984375
2145.053466796875
2146.66845703125
2167.83642578125
2198.56884765625
2234.260009765625
2267.99609375
2294.521728515625
2315.127197265625
2333.0537109375
2349.9501953125
2369.2802734375
2392.1064453125
2415.774169921875
2440.056640625
2468.66259765625
2506.527587890625
2558.149169921875
2624.53125
2704.910888671875
2798.022216796875
2902.648681640625
3016.5166015625
110.519775390625
107.29721069335938
107.27481842041016
106.83638763427734
107.29965209960938
107.69873809814453
1754.899169921875
2751.7890625
3209.34619140625
3444.291748046875
3597.031494140625
3724.927734375
3850.943359375
3965.75244140625
3961.666259765625
3981.542724609375
4011.222900390625
4044.2353515625
4077.750732421875
4110.017578125
4144.15869140625
4174.43994140625
4208.08544921875
4224.72509765625
4248.46337890625
4284.666015625
4314.9072265625
4339.0732421875
4359.26220703125
4375.58642578125
4386.87109375
4406.89111328125
4422.99658203125
4428.15869140625
4431.72412109375
4430.0234375
4419.23388671875
4399.97216796875
4372.16015625
4335.6611328125
4293.99365234375
4245.3125
4189.33984375
4128.6875
4062.5302734375
3991.228515625
3916.350341796875
3838.593017578125
3757.863525390625
3674.52392578125
3589.244140625
3502.7216796875
3415.551513671875
3328.02099609375
3240.490478515625
3153.390869140625
3066.912353515625
2981.151123046875
2896.26171875
2812.533935546875
2729.661376953125
