2080.958251953125
2058.225830078125
2033.473876953125
2019.43994140625
2010.631103515625
2033.962890625
2058.436767578125
2062.5283203125
2052.523681640625
2062.868896484375
2102.583740234375
2127.868896484375
2151.606201171875
2176.802490234375
2198.732177734375
2225.454833984375
2248.871337890625
2283.0654296875
2340.4443359375
2416.6279296875
2515.03857421875
2632.203125
2765.781494140625
2917.76806640625
3087.210205078125
3270.579345703125
3466.014404296875
3671.7080078125
3884.466552734375
4101.6748046875
4318.8857421875
4532.0078125
4740.587890625
211.8339080810547
195.29798889160156
190.4842071533203
186.16554260253906
182.9908447265625
180.09336853027344
177.25621032714844
4102.2958984375
4234.2294921875
4257.78955078125
4358.103515625
4542.75146484375
4776.9326171875
5047.15283203125
5350.1943359375
5658.9609375
5988.5712890625
6359.2958984375
6704.3310546875
7032.5263671875
7313.9140625
7545.89697265625
7712.21484375
7823.71484375
7904.82373046875
7964.21875
8000.32275390625
8022.91015625
8036.32666015625
8038.021484375
8021.80712890625
7977.546875
7906.6328125
7816.8203125
7733.88037109375
7671.73388671875
7631.34716796875
7600.56787109375
7581.26025390625
7570.642578125
7577.3994140625
7608.693359375
7566.82666015625
7285.81103515625
7040.23486328125
6805.6279296875
6578.90966796875
6348.06103515625
6124.9638671875
5911.98828125
5707.3818359375
5509.6494140625
5315.7998046875
5127.7646484375
4946.12158203125
4771.58935546875
4609.31103515625
4452.05615234375
4297.6748046875
4147.0224609375
3995.855712890625
3844.602294921875
