2059.3876953125
2029.3089599609375
2031.15234375
2033.4886474609375
2069.659423828125
2077.790771484375
2085.58935546875
2093.8212890625
2107.120361328125
2111.90234375
2115.230224609375
2114.86474609375
2115.5927734375
2126.00439453125
2130.866943359375
2134.9033203125
2150.940673828125
2176.8466796875
2214.823974609375
2262.072998046875
2322.53271484375
2389.7197265625
2470.4443359375
2562.996826171875
2664.7177734375
2780.6513671875
2914.336181640625
3067.60595703125
3236.322998046875
3415.347900390625
3600.127197265625
3791.073486328125
3991.331787109375
175.53338623046875
163.68649291992188
158.71609497070312
154.8417205810547
152.654052734375
150.4996795654297
148.19473266601562
3083.7119140625
3305.25537109375
3487.34765625
3765.54736328125
4038.200439453125
4337.5869140625
4662.49951171875
4927.966796875
4857.1328125
4761.85498046875
4663.92578125
4577.47265625
4489.2158203125
4392.34326171875
4280.31884765625
4157.1123046875
4027.878662109375
3904.021240234375
3785.336181640625
3660.6103515625
3528.273193359375
3396.01904296875
3264.470458984375
3139.14990234375
3013.3828125
2891.68359375
2773.025146484375
2655.023193359375
2530.566650390625
2415.130615234375
2264.427734375
2090.643310546875
1950.48486328125
1809.32275390625
1703.3558349609375
1618.57275390625
1531.018310546875
1464.075927734375
1412.979736328125
1357.9246826171875
1300.6011962890625
1242.700439453125
1184.3619384765625
1125.42529296875
1065.8824462890625
1004.8682250976562
952.43017578125
907.3659057617188
862.6587524414062
818.9364624023438
776.2059936523438
740.650390625
708.314453125
677.6063842773438
649.6297607421875
