2083.43359375
2060.333740234375
2032.8236083984375
2012.5576171875
2001.9627685546875
2042.7069091796875
2050.6796875
2045.829345703125
2040.1126708984375
2046.3985595703125
2055.889404296875
2065.093505859375
2075.133544921875
2082.5234375
2099.44970703125
2122.241943359375
2146.275390625
2172.253662109375
2204.01904296875
2248.48876953125
2323.02978515625
2431.044921875
2568.6884765625
2732.451904296875
2916.759521484375
3116.361572265625
3327.429931640625
3550.259521484375
3783.650146484375
4036.703125
4312.93359375
4603.5068359375
220.03468322753906
237.98585510253906
250.15428161621094
257.65643310546875
262.1404724121094
264.45892333984375
4974.7177734375
4930.05126953125
4979.12060546875
5133.1572265625
5367.73193359375
5658.3544921875
5988.58642578125
6355.17138671875
6763.88232421875
7210.34130859375
7697.92138671875
8184.4248046875
8700.216796875
9209.4755859375
9708.498046875
10197.0654296875
10689.216796875
11187.3916015625
11698.6884765625
12212.037109375
12724.84765625
13238.0419921875
13754.267578125
14269.92578125
14772.537109375
15239.076171875
15678.0966796875
16106.736328125
16525.974609375
16933.138671875
17324.87109375
17701.337890625
18068.876953125
18412.34765625
18726.939453125
19007.12109375
19255.517578125
19470.234375
19645.173828125
19793.05078125
19913.654296875
19994.591796875
20049.2578125
20076.640625
20080.05859375
20057.150390625
20002.5390625
19916.8125
19800.630859375
19655.638671875
19485.19140625
19293.029296875
19080.73828125
18850.6328125
