2048.05908203125
2025.497802734375
2034.558349609375
2032.447509765625
2018.6805419921875
2007.47607421875
2039.2198486328125
2054.8271484375
2065.466552734375
2084.370361328125
2141.333984375
2213.8037109375
2277.78759765625
2353.62060546875
2462.594970703125
2594.68408203125
2739.165771484375
2894.24462890625
3064.463134765625
3253.4169921875
3463.140625
3692.87548828125
3938.948486328125
4200.02685546875
4475.67138671875
4766.2958984375
5073.8642578125
5396.65478515625
5738.84130859375
6104.736328125
6512.65478515625
6956.6328125
7409.9453125
7897.87890625
322.2048034667969
306.8550109863281
303.43212890625
310.2872009277344
321.78228759765625
334.9875793457031
348.4163513183594
8568.916015625
9003.6005859375
9401.08984375
10262.2958984375
11168.4306640625
12062.6591796875
12927.14453125
13760.49609375
14546.896484375
15287.15234375
15995.9677734375
16207.4541015625
15912.345703125
15638.0849609375
15363.6923828125
15082.708984375
14792.98828125
14495.349609375
14188.1142578125
13870.724609375
13547.5390625
13221.06640625
12893.5302734375
12565.8017578125
12240.4638671875
11924.7197265625
11614.0078125
11307.763671875
11005.9931640625
10709.9052734375
10419.9873046875
10136.5166015625
9860.1181640625
9591.30078125
9329.9345703125
9076.1064453125
8829.91796875
8591.4453125
8360.3193359375
8140.99951171875
7927.49951171875
7721.13232421875
7520.35107421875
7323.27783203125
7132.765625
6950.99755859375
6775.47216796875
6605.48681640625
6441.17138671875
6282.427734375
6129.0615234375
5980.724609375
5837.23974609375
5698.31005859375
5563.87158203125
