2006.4615478515625
2379.40185546875
2599.458251953125
2514.780517578125
2519.315673828125
2508.147705078125
2456.76318359375
2341.00927734375
2204.03515625
2125.431640625
1958.345947265625
1780.8316650390625
1649.7630615234375
1550.8221435546875
1478.860107421875
1422.028564453125
1372.61279296875
1331.053466796875
1298.9932861328125
1271.1572265625
1246.8297119140625
1226.0914306640625
1208.99072265625
1195.218994140625
1184.1890869140625
1175.0765380859375
1168.8551025390625
1163.2589111328125
1157.2357177734375
1151.2515869140625
1145.8199462890625
1142.2265625
1138.8182373046875
1135.557373046875
1134.1365966796875
1134.1026611328125
1135.456298828125
99.57493591308594
104.21697998046875
105.69019317626953
106.77674102783203
107.53398132324219
108.1861572265625
1240.522705078125
1331.2000732421875
1257.51708984375
1190.1224365234375
1187.2041015625
1191.4212646484375
1198.4356689453125
1202.7161865234375
1226.7015380859375
1251.0889892578125
1268.250244140625
1278.8905029296875
1285.19287109375
1288.7879638671875
1290.9874267578125
1292.7337646484375
1294.432373046875
1297.5638427734375
1300.945556640625
1304.4483642578125
1308.3101806640625
1312.577392578125
1317.094482421875
1321.871826171875
1326.96728515625
1332.2757568359375
1337.5972900390625
1342.813232421875
1347.85400390625
1352.6669921875
1357.09814453125
1361.12548828125
1364.7568359375
1367.9599609375
1370.7581787109375
1373.148681640625
1375.097412109375
1376.5694580078125
1377.537841796875
1378.003173828125
1377.9613037109375
1377.4068603515625
1376.3408203125
1374.9010009765625
1372.9759521484375
1370.5933837890625
1367.8338623046875
1364.7490234375
1361.3905029296875
1357.828369140625
1354.1392822265625
1350.3348388671875
1346.3941650390625
1342.3084716796875
1338.082763671875
1333.7423095703125
1329.3265380859375
1324.892578125
