2021.8182373046875
2086.1708984375
2726.066162109375
3607.25
4182.48388671875
4951.119140625
5599.0029296875
4684.05322265625
3973.9599609375
3638.169921875
3067.26025390625
2579.09619140625
2270.581787109375
2076.034912109375
1942.4822998046875
1845.0137939453125
1769.7677001953125
1710.2623291015625
1663.9049072265625
1629.042236328125
1603.2613525390625
1580.5008544921875
1560.8572998046875
1544.421875
1532.1796875
1522.5914306640625
1515.1676025390625
1509.889404296875
1504.619384765625
1499.7666015625
1496.897705078125
1495.7730712890625
1498.1025390625
1502.8935546875
1510.0660400390625
1519.9521484375
1532.0506591796875
79.80804443359375
87.09481811523438
90.23233795166016
91.9776840209961
93.49571228027344
94.69630432128906
1972.1475830078125
2104.01806640625
2070.451171875
1921.8695068359375
1769.97265625
1750.1561279296875
1756.1197509765625
1793.82177734375
1842.8155517578125
1859.123779296875
1859.159423828125
1853.486083984375
1847.7828369140625
1845.8135986328125
1848.0147705078125
1853.0604248046875
1860.7996826171875
1871.1282958984375
1884.1417236328125
1899.540283203125
1916.97705078125
1936.354736328125
1957.613037109375
1980.3590087890625
2004.260498046875
2029.0716552734375
2054.59814453125
2080.82080078125
2107.7109375
2135.25244140625
2163.3662109375
2191.884765625
2220.620849609375
2249.504638671875
2279.272216796875
2308.986083984375
2338.464599609375
2379.210693359375
2418.55078125
2454.593994140625
2492.584716796875
2533.259033203125
2572.63134765625
2609.82421875
2645.65185546875
2682.5029296875
2721.613525390625
2763.637939453125
2807.41552734375
2851.33251953125
2894.483642578125
2938.194091796875
2981.433837890625
3025.114990234375
3068.09326171875
3109.368408203125
3148.38623046875
3185.049072265625
