2019.3624267578125
2039.234130859375
2364.3896484375
2465.812255859375
2548.682373046875
2589.084716796875
2419.14404296875
2360.217041015625
2336.972900390625
2308.53759765625
2258.014892578125
2208.578857421875
2119.455810546875
2043.240234375
1980.9462890625
1931.3974609375
1890.775390625
1857.803955078125
1830.8603515625
1808.182861328125
1788.5623779296875
1771.5491943359375
1756.629150390625
1743.315673828125
1731.18701171875
1719.9486083984375
1709.40771484375
1699.7596435546875
1692.4798583984375
1684.3629150390625
1675.9071044921875
1667.4515380859375
1659.0732421875
1650.9141845703125
1643.0234375
1635.6065673828125
1628.6046142578125
108.8828125
110.76786804199219
112.0877914428711
113.09611511230469
113.83036041259766
114.39693450927734
1602.156982421875
1777.2418212890625
1703.318115234375
1616.6876220703125
1566.5196533203125
1590.389892578125
1603.3135986328125
1618.5494384765625
1667.9775390625
1709.09228515625
1726.929931640625
1713.52294921875
1689.1312255859375
1664.2626953125
1641.2176513671875
1621.39111328125
1605.348876953125
1593.0152587890625
1585.030029296875
1579.7283935546875
1575.13330078125
1571.1099853515625
1568.6729736328125
1566.53662109375
1564.6783447265625
1563.45263671875
1563.0299072265625
1563.4468994140625
1564.58447265625
1565.9503173828125
1567.2764892578125
1568.259033203125
1568.93115234375
1569.4132080078125
1569.4334716796875
1569.1134033203125
1568.80810546875
1569.03271484375
1569.9256591796875
1571.236083984375
1572.5863037109375
1573.637939453125
1574.219482421875
1574.32177734375
1574.044677734375
1573.5313720703125
1572.897216796875
1572.6650390625
1573.506103515625
1575.0989990234375
1577.440185546875
1581.0621337890625
1585.3564453125
1588.204833984375
1589.875244140625
1590.9583740234375
1591.926025390625
1593.119873046875
1594.73583984375
