2043.697265625
2022.6051025390625
2062.598876953125
2041.1085205078125
2057.205322265625
2093.072265625
2148.86376953125
2188.89892578125
2212.27685546875
2208.21728515625
2196.923828125
2182.918212890625
2174.543701171875
2169.322998046875
2166.4033203125
2167.729248046875
2177.66552734375
2192.4296875
2237.453857421875
2295.803466796875
2379.55810546875
2485.14697265625
2609.67919921875
2742.930908203125
2884.76806640625
3030.3701171875
3178.38330078125
3329.4931640625
3478.647705078125
3623.55810546875
3763.34423828125
3899.052490234375
4030.95703125
182.5823211669922
183.48219299316406
182.3173065185547
176.09861755371094
168.93527221679688
161.9647979736328
155.2469482421875
3302.816650390625
3541.47802734375
3779.055419921875
4018.006103515625
4269.408203125
4525.62158203125
4766.12060546875
5005.26171875
5222.63134765625
5407.62060546875
5572.576171875
5727.04638671875
5894.630859375
6063.24658203125
6212.14111328125
6315.97705078125
6427.4052734375
6540.58056640625
6663.72705078125
6796.84130859375
6957.76708984375
6927.5107421875
6539.560546875
6209.990234375
5923.35498046875
5664.0966796875
5414.90869140625
5154.20166015625
4868.0966796875
4565.640625
4289.8251953125
3799.307373046875
3218.907958984375
2979.946044921875
2931.540283203125
2858.43701171875
2769.044677734375
2672.91015625
2570.282958984375
2467.4912109375
2362.552490234375
2256.040283203125
2154.28125
2057.784912109375
1975.4365234375
1905.315185546875
1841.560791015625
1781.23828125
1724.7213134765625
1671.2357177734375
1622.0247802734375
1571.5181884765625
1524.15576171875
1478.057373046875
