2085.412841796875
2058.48095703125
2025.982177734375
2022.75732421875
2015.430908203125
2042.729736328125
2049.22509765625
2048.44482421875
2055.45947265625
2055.46630859375
2064.359375
2076.333740234375
2086.486083984375
2103.569580078125
2133.798828125
2158.996337890625
2177.61669921875
2190.580810546875
2203.404541015625
2213.777099609375
2231.242431640625
2262.025146484375
2302.653076171875
2359.73681640625
2425.71875
2500.226318359375
2583.283203125
2672.775634765625
2771.501220703125
2877.58349609375
2991.811279296875
3115.943115234375
141.64039611816406
137.0355224609375
135.28050231933594
133.40164184570312
132.05807495117188
131.0513153076172
2586.06591796875
2969.85546875
3181.56396484375
3345.717529296875
3502.7744140625
3664.87353515625
3834.454833984375
4011.314453125
4193.248046875
4377.994140625
4562.0390625
4743.68701171875
4926.32958984375
5107.07763671875
5286.06689453125
5483.43603515625
5678.49658203125
5874.4970703125
6050.091796875
6213.76708984375
6364.5400390625
6492.24462890625
6587.865234375
6654.48388671875
6702.9267578125
6740.404296875
6774.888671875
6807.138671875
6835.3779296875
6861.44921875
6874.826171875
6871.51220703125
6876.18115234375
6896.1962890625
6892.09716796875
6884.5341796875
6884.341796875
6898.0673828125
7008.84619140625
6968.6787109375
6797.20703125
6483.197265625
6203.85205078125
5948.63623046875
5709.44921875
5478.02880859375
5261.07958984375
5059.634765625
4859.4873046875
4668.03564453125
4487.1123046875
4306.2939453125
4128.89697265625
3953.149169921875
3780.843994140625
