2085.133544921875
2068.7861328125
2034.42919921875
2001.3428955078125
2086.49853515625
2079.735595703125
2070.21533203125
2069.184814453125
2076.517333984375
2089.98974609375
2106.46875
2114.645263671875
2117.214599609375
2116.308837890625
2109.1640625
2102.3662109375
2108.195068359375
2122.69287109375
2133.45068359375
2144.5263671875
2163.9921875
2181.44775390625
2204.505126953125
2225.624755859375
2247.94287109375
2282.317138671875
2327.171142578125
2374.187255859375
2433.041259765625
2484.21044921875
2522.436767578125
2548.4365234375
109.0726547241211
101.26094055175781
102.303955078125
102.63129425048828
102.99779510498047
103.44378662109375
1591.614013671875
1638.640869140625
2466.86279296875
3266.96484375
3396.99609375
3327.894287109375
3261.84521484375
3233.230224609375
3240.425048828125
3279.0439453125
3348.862060546875
3442.997802734375
3550.51708984375
3670.51513671875
3812.890380859375
3770.335693359375
3728.5029296875
3726.32763671875
3737.598388671875
3757.343994140625
3782.06884765625
3813.534423828125
3870.2978515625
3940.17333984375
4009.6416015625
4079.03466796875
4144.48291015625
4201.16162109375
4244.62451171875
4275.521484375
4296.61279296875
4316.47509765625
4342.1279296875
4371.09423828125
4404.2236328125
4438.22314453125
4469.42333984375
4493.8330078125
4510.27880859375
4516.40673828125
4511.61279296875
4497.48291015625
4473.6962890625
4440.54541015625
4399.06591796875
4350.0732421875
4295.26220703125
4235.99560546875
4173.04443359375
4107.31103515625
4037.708740234375
3964.85888671875
3890.93310546875
3816.22265625
