2029.4832763671875
1848.297607421875
1759.0731201171875
1573.1026611328125
1469.7574462890625
1413.04638671875
1396.1414794921875
1385.3846435546875
1370.2996826171875
1357.0338134765625
1343.0223388671875
1328.188232421875
1317.5987548828125
1309.86181640625
1303.46435546875
1297.597900390625
1293.2259521484375
1294.2379150390625
1298.4124755859375
1304.987060546875
1316.356201171875
1335.2049560546875
1362.122314453125
1396.2135009765625
1435.8388671875
1479.3885498046875
1526.002685546875
1577.294189453125
1632.67578125
1687.61328125
1741.8397216796875
1796.5372314453125
136.65609741210938
132.05712890625
135.1986846923828
148.30812072753906
171.83343505859375
192.58743286132812
2136.796630859375
2163.964111328125
2159.388916015625
2179.686279296875
2211.628662109375
2248.629638671875
2287.7177734375
2339.287841796875
2421.30517578125
2501.1201171875
2583.237060546875
2670.88818359375
2749.83642578125
2818.241943359375
2877.358154296875
2927.238037109375
2967.925537109375
2999.208740234375
3021.3564453125
3034.125
3038.016845703125
3034.05078125
3023.0390625
3005.249267578125
2981.523681640625
2953.154052734375
2921.218017578125
2885.231201171875
2845.677734375
2802.659423828125
2755.517333984375
2705.26806640625
2652.63818359375
2597.88671875
2540.960205078125
2482.6806640625
2423.46826171875
2363.811767578125
2303.22509765625
2241.98779296875
2181.647216796875
2122.25048828125
2064.09814453125
2007.0401611328125
1951.1256103515625
1896.2393798828125
1842.80810546875
1790.5069580078125
1739.41455078125
1689.6136474609375
1641.156982421875
1594.072509765625
1548.4776611328125
1504.623046875
