2085.07763671875
2061.938232421875
2031.32177734375
2024.703857421875
2020.7042236328125
2021.7144775390625
2041.4012451171875
2049.99267578125
2059.740478515625
2067.192138671875
2073.693359375
2082.373046875
2094.90966796875
2105.138916015625
2125.43115234375
2152.572021484375
2173.616455078125
2193.251953125
2210.990966796875
2231.40478515625
2254.066162109375
2287.73486328125
2333.734619140625
2395.8359375
2473.1083984375
2560.554443359375
2655.011962890625
2754.76025390625
2860.11572265625
2972.3369140625
3091.496826171875
3219.06494140625
148.46778869628906
139.9445037841797
136.55580139160156
134.3307647705078
132.7018585205078
131.6291046142578
2684.42724609375
3037.825927734375
3245.9638671875
3410.239013671875
3569.17138671875
3735.98681640625
3911.5693359375
4092.32958984375
4275.40087890625
4462.69482421875
4653.3837890625
4844.8515625
5039.859375
5248.41357421875
5481.0322265625
5727.099609375
5970.83935546875
6213.27734375
6449.48876953125
6672.1298828125
6881.287109375
7081.89404296875
7262.02294921875
7405.61474609375
7514.5986328125
7599.4052734375
7668.84423828125
7725.66015625
7768.3583984375
7805.45458984375
7830.63232421875
7851.33203125
7870.69921875
7888.12646484375
7887.46875
7873.69287109375
7853.59912109375
7832.03564453125
7807.6552734375
7789.46826171875
7716.6865234375
7420.3583984375
7153.0615234375
6907.6669921875
6678.60498046875
6464.3759765625
6263.80712890625
6071.80810546875
5886.580078125
5707.912109375
5534.9990234375
5367.20947265625
5195.216796875
5025.625
