2027.4088134765625
1860.700927734375
1743.5382080078125
1559.1905517578125
1460.3345947265625
1408.119384765625
1395.3271484375
1381.5509033203125
1364.9951171875
1350.875732421875
1336.0101318359375
1321.3944091796875
1311.822021484375
1304.745849609375
1297.9847412109375
1291.8818359375
1288.045166015625
1289.9423828125
1295.0006103515625
1302.4180908203125
1315.1939697265625
1335.5888671875
1364.021728515625
1399.38720703125
1439.93212890625
1484.166259765625
1531.4178466796875
1584.1630859375
1639.7689208984375
1694.963623046875
1749.7674560546875
1805.1231689453125
136.55661010742188
131.7440643310547
135.33839416503906
159.2152862548828
182.3019256591797
202.23226928710938
2154.402099609375
2173.945068359375
2168.43505859375
2187.935302734375
2219.86083984375
2257.373779296875
2297.939697265625
2364.795166015625
2449.75146484375
2527.72900390625
2609.24951171875
2695.472412109375
2772.422607421875
2839.861083984375
2897.48291015625
2945.57568359375
2984.1416015625
3013.218505859375
3032.87841796875
3043.157958984375
3044.813720703125
3038.868896484375
3025.804931640625
3006.09619140625
2980.81982421875
2951.382568359375
2918.093017578125
2880.755615234375
2839.81103515625
2795.2802734375
2746.459716796875
2694.901611328125
2641.0625
2585.1689453125
2546.782958984375
2527.3701171875
2468.143310546875
2408.29345703125
2346.6318359375
2284.80908203125
2223.847412109375
2193.572509765625
2163.529296875
2104.451171875
2046.46435546875
1989.7154541015625
1933.9464111328125
1879.484375
1826.212158203125
1774.085205078125
1723.2791748046875
1673.8446044921875
1625.7681884765625
1579.130615234375
1534.135009765625
1490.8555908203125
