0.04285264387726784
0.05563304200768471
0.05987447127699852
0.06007493659853935
0.060868434607982635
0.061338528990745544
0.06144694611430168
0.061496321111917496
0.061596550047397614
0.06179063394665718
0.062096308916807175
0.06251038610935211
0.0629478320479393
0.0633256658911705
0.06362290680408478
0.06386379897594452
0.06411900371313095
0.06433336436748505
0.06455796211957932
0.06477922201156616
0.06423494219779968
0.06370970606803894
0.06323496252298355
0.06282279640436172
0.06246086582541466
0.062117792665958405
0.06178310513496399
0.06144579499959946
0.061091601848602295
0.06071745231747627
0.06031978875398636
0.0599001981317997
0.0038504383992403746
0.0030827680602669716
0.0028707378078252077
0.002841204172000289
0.0028563865926116705
0.002863690024241805
0.060254864394664764
0.0658358559012413
0.06265381723642349
0.06080925464630127
0.05943867564201355
0.05829983204603195
0.057312823832035065
0.056417375802993774
0.05557361617684364
0.054750364273786545
0.05388861894607544
0.05284593626856804
0.05183333158493042
0.050816070288419724
0.049791447818279266
0.04873427748680115
0.04765807464718819
0.046586379408836365
0.045481227338314056
0.044322848320007324
0.043173473328351974
0.04200740158557892
0.04083763808012009
0.039684318006038666
0.03859894722700119
0.037598077207803726
0.036619555205106735
0.03565897047519684
0.03471904620528221
0.03378035128116608
0.03286155313253403
0.03197255730628967
0.03153420612215996
0.031102191656827927
0.030271872878074646
0.029473571106791496
0.028699317947030067
0.027953334152698517
0.027243085205554962
0.026573851704597473
0.025937916710972786
0.025314904749393463
0.02471371553838253
0.024137288331985474
0.023576030507683754
0.023030072450637817
0.022495942190289497
0.021972833201289177
0.02146483026444912
0.02097492851316929
0.020497150719165802
0.020051194354891777
0.01969100721180439
0.019348470494151115
0.019026782363653183
