9.45250129699707
13.396770477294922
10.744420051574707
8.718057632446289
7.809174060821533
7.410816192626953
7.19260835647583
7.089851379394531
7.000073432922363
6.929625511169434
6.881011962890625
6.85549783706665
6.846443176269531
6.841933727264404
6.800808429718018
6.748547554016113
6.708467483520508
6.688695430755615
6.6940813064575195
6.706668376922607
6.7325053215026855
6.790060520172119
6.8829345703125
7.005744457244873
7.156466484069824
7.335920333862305
7.546278476715088
7.78468132019043
8.05545711517334
8.3612699508667
8.705588340759277
9.092159271240234
0.6115036010742188
0.562320351600647
0.5457684993743896
0.5535473227500916
0.5675095915794373
0.582957923412323
12.076659202575684
12.490890502929688
12.809728622436523
13.379103660583496
14.05859088897705
14.829620361328125
15.69365406036377
16.634384155273438
17.6488094329834
18.72562599182129
19.84613609313965
20.977733612060547
22.09468650817871
23.20344352722168
24.29047203063965
25.403438568115234
26.50806999206543
27.52678871154785
28.480924606323242
29.35845184326172
30.156484603881836
30.87737464904785
31.521747589111328
32.101322174072266
32.630550384521484
33.126033782958984
33.5941047668457
34.04484176635742
34.46103286743164
34.8409538269043
35.194984436035156
35.537376403808594
35.88231658935547
36.23149490356445
36.56813430786133
36.8842887878418
37.172454833984375
37.4288215637207
37.652244567871094
37.84791564941406
38.046566009521484
38.25410079956055
38.42913055419922
38.586856842041016
38.74014663696289
38.888832092285156
39.037391662597656
39.18583297729492
39.33416748046875
39.4835090637207
39.63385772705078
39.78489303588867
39.936038970947266
40.0875358581543
