9.070929527282715
13.508634567260742
10.989363670349121
8.791348457336426
7.797602653503418
7.362390518188477
7.19208288192749
7.155976295471191
7.1447224617004395
7.0741353034973145
6.999973773956299
6.9456586837768555
6.917494773864746
6.91014289855957
6.913793563842773
6.88727331161499
6.871973514556885
6.870061874389648
6.890151500701904
6.909191131591797
6.9333415031433105
6.976018905639648
7.043230056762695
7.136844158172607
7.252281665802002
7.390862464904785
7.553658485412598
7.744839668273926
7.969931602478027
8.235319137573242
8.546846389770508
8.908038139343262
0.6245542168617249
0.581114649772644
0.5937361121177673
0.6033711433410645
0.6142676472663879
0.6332030892372131
12.349093437194824
12.571086883544922
12.812861442565918
13.275099754333496
13.820242881774902
14.425902366638184
15.093335151672363
15.816670417785645
16.599231719970703
17.45083999633789
18.357059478759766
19.287635803222656
20.232723236083984
21.197608947753906
22.171459197998047
23.138668060302734
24.10408592224121
25.170106887817383
26.174728393554688
27.098907470703125
27.951906204223633
28.730478286743164
29.422534942626953
30.023101806640625
30.533889770507812
30.960247039794922
31.310270309448242
31.595699310302734
31.827564239501953
32.015541076660156
32.16123580932617
32.265281677246094
32.33179473876953
32.369747161865234
32.38722229003906
32.390140533447266
32.374977111816406
32.3440055847168
32.301856994628906
32.25077819824219
32.19169616699219
32.125186920166016
32.04953384399414
31.97014617919922
31.88690757751465
31.799306869506836
31.70823860168457
31.61723518371582
31.52536392211914
31.431795120239258
31.337926864624023
31.245519638061523
31.17613410949707
31.122817993164062
