0.042853377759456635
0.05558735504746437
0.059999387711286545
0.06022204831242561
0.0609116405248642
0.0613018199801445
0.06137461215257645
0.06143123656511307
0.061559028923511505
0.06178788095712662
0.062123853713274
0.06255494058132172
0.06299911439418793
0.06338972598314285
0.0636974647641182
0.06394295394420624
0.06419689208269119
0.06442204862833023
0.0646558627486229
0.064668670296669
0.06406189501285553
0.06355086714029312
0.06308532506227493
0.0626879557967186
0.0623273141682148
0.06198506057262421
0.06164684519171715
0.06129906326532364
0.060931138694286346
0.06053971126675606
0.06012364849448204
0.05968214198946953
0.0039256541058421135
0.0031113801524043083
0.002903643064200878
0.002870823722332716
0.0028741213027387857
0.00286211259663105
0.060623299330472946
0.0656251609325409
0.06230296194553375
0.06040411442518234
0.0590142123401165
0.05786655470728874
0.056870896369218826
0.05596551671624184
0.0551069900393486
0.05426720902323723
0.05328129604458809
0.05224012956023216
0.05121157318353653
0.050175148993730545
0.04911644011735916
0.04803192615509033
0.046945322304964066
0.04584130272269249
0.044690728187561035
0.043513473123311996
0.04234838858246803
0.041172124445438385
0.04000530764460564
0.03885931894183159
0.037813495844602585
0.03681955859065056
0.03583572432398796
0.03486870974302292
0.03390922769904137
0.03296225145459175
0.03203979507088661
0.03115900047123432
0.030324842780828476
0.02952215075492859
0.02873937040567398
0.02798115275800228
0.027256544679403305
0.026569325476884842
0.025921156629920006
0.025293607264757156
0.024687422439455986
0.024103447794914246
0.02353627234697342
0.02298322506248951
0.02244441956281662
0.021923432126641273
0.021419623866677284
0.020929966121912003
0.020455190911889076
0.019993923604488373
0.01954358071088791
0.019107544794678688
0.018690163269639015
0.01829257793724537
