0.02172010764479637
0.024267887696623802
0.028640786185860634
0.03025648184120655
0.030555715784430504
0.030987437814474106
0.03132065385580063
0.031503643840551376
0.03162524476647377
0.031781721860170364
0.03192049264907837
0.03204070031642914
0.03213251754641533
0.032209765166044235
0.03230104595422745
0.03239407017827034
0.032491929829120636
0.032595034688711166
0.03269463777542114
0.03279949724674225
0.03292228654026985
0.03307680785655975
0.03328913822770119
0.03359057381749153
0.03397521749138832
0.03442519158124924
0.03493550419807434
0.03549904003739357
0.03611022233963013
0.03676296025514603
0.03745301067829132
0.03817335516214371
0.002641958650201559
0.00221065990626812
0.0020422874949872494
0.001973457168787718
0.001950700767338276
0.001950420904904604
0.03567557409405708
0.03790965676307678
0.039237845689058304
0.04023054614663124
0.04108397290110588
0.04189978539943695
0.04273102805018425
0.04359797388315201
0.04450863227248192
0.045456644147634506
0.04643373191356659
0.04746059700846672
0.04840845242142677
0.049303095787763596
0.050166208297014236
0.05102425068616867
0.05186598375439644
0.052731119096279144
0.053571585565805435
0.05443643033504486
0.05536067485809326
0.05501749366521835
0.053655486553907394
0.052367307245731354
0.051119476556777954
0.049891795963048935
0.04867885261774063
0.047495316714048386
0.04633006826043129
0.045179836452007294
0.04405288025736809
0.04295971989631653
0.04189673066139221
0.04085986316204071
0.039846502244472504
0.038861390203237534
0.037913624197244644
0.03700566291809082
0.036136411130428314
0.03527567908167839
0.03441541641950607
0.033544547855854034
0.03273121640086174
0.03196680173277855
0.031202251091599464
0.030348142609000206
0.0294771958142519
0.028602592647075653
0.027726251631975174
0.02706817351281643
0.02706572413444519
0.027549047023057938
0.028500214219093323
0.034828804433345795
