0.02138245478272438
0.02648339420557022
0.029559435322880745
0.03026548959314823
0.030609475448727608
0.030802538618445396
0.030890721827745438
0.030903203412890434
0.030927345156669617
0.03099628910422325
0.03111438825726509
0.031228292733430862
0.03140433877706528
0.03161728382110596
0.03185043856501579
0.032074518501758575
0.032269928604364395
0.03244257718324661
0.032603465020656586
0.032758407294750214
0.03292132169008255
0.033096034079790115
0.03327588364481926
0.03345821425318718
0.03365705534815788
0.03388981148600578
0.03417365252971649
0.03451794758439064
0.03492237254977226
0.03538355976343155
0.035898711532354355
0.036461032927036285
0.0019184116972610354
0.0014702671905979514
0.0013979789800941944
0.0013603074476122856
0.0013591452734544873
0.0013568002032116055
0.029525551944971085
0.034209299832582474
0.036593999713659286
0.03801575303077698
0.03900574520230293
0.03981515020132065
0.04058085009455681
0.041362132877111435
0.04088786989450455
0.040442802011966705
0.040029674768447876
0.039623845368623734
0.03921554237604141
0.038798987865448
0.03837834671139717
0.037943825125694275
0.037468038499355316
0.03689318150281906
0.03662363439798355
0.03634189814329147
0.03575505316257477
0.0351640060544014
0.03456532582640648
0.03396328538656235
0.03335484117269516
0.03276459872722626
0.03247668966650963
0.032176610082387924
0.031573228538036346
0.03097289800643921
0.030361585319042206
0.02975335717201233
0.029144350439310074
0.0288443174213171
0.028539028018712997
0.02792561613023281
0.027318274602293968
0.0267128124833107
0.026110144332051277
0.0255162063986063
0.024929562583565712
0.024349329993128777
0.023776676505804062
0.02321280725300312
0.02265740931034088
0.02210758440196514
0.021564802154898643
0.021028738468885422
0.020499318838119507
0.019976183772087097
0.019460560753941536
0.018955172970891
0.018460242077708244
0.017973626032471657
0.017494644969701767
0.017023306339979172
0.01655958592891693
