6.993037223815918
7.934037685394287
10.258293151855469
13.820770263671875
11.922868728637695
11.271212577819824
11.393327713012695
11.758003234863281
12.00426197052002
12.338696479797363
12.654745101928711
12.968801498413086
13.396560668945312
13.985251426696777
14.752578735351562
15.53283405303955
16.03499984741211
16.626461029052734
17.408645629882812
18.366182327270508
19.52802848815918
20.885854721069336
22.36630630493164
23.92426300048828
25.81232452392578
28.271991729736328
31.338783264160156
35.215606689453125
40.24092483520508
46.72905731201172
54.131465911865234
62.44562911987305
1.0214464664459229
2.3034377098083496
1.6741951704025269
1.567700743675232
1.5294023752212524
1.5165412425994873
46.92253494262695
89.80947875976562
108.93753814697266
132.5381622314453
154.68760681152344
176.5507354736328
198.2298583984375
221.59384155273438
245.29966735839844
268.92059326171875
292.9199523925781
317.8180236816406
343.61566162109375
369.16107177734375
395.04345703125
420.3326721191406
433.79345703125
447.3820495605469
460.316162109375
472.3304138183594
482.6105041503906
489.6514892578125
496.1112365722656
502.12030029296875
507.27630615234375
511.50006103515625
514.995361328125
517.9022827148438
520.440185546875
522.5750122070312
524.1298828125
525.2035522460938
525.5376586914062
525.2718505859375
524.3857421875
523.1452026367188
521.6857299804688
520.1141357421875
518.440185546875
516.7228393554688
514.9556884765625
513.1475219726562
511.0704345703125
508.9591979980469
506.8601379394531
504.8308410644531
502.57769775390625
500.2913513183594
498.02764892578125
495.8069152832031
493.411376953125
490.6312255859375
488.0904846191406
485.56463623046875
