0.49967721104621887
0.6742885112762451
0.9800061583518982
0.9814223647117615
0.9777037501335144
0.976100504398346
0.98016357421875
0.9847121238708496
0.9894207715988159
0.9963971376419067
1.0064678192138672
1.017183780670166
1.0254366397857666
1.0358995199203491
1.0478382110595703
1.0608940124511719
1.0767663717269897
1.089925765991211
1.1053460836410522
1.1224526166915894
1.1420477628707886
1.1650511026382446
1.1912508010864258
1.219054102897644
1.2510030269622803
1.2892628908157349
1.3361088037490845
1.397966980934143
1.46979558467865
1.5556831359863281
1.6683260202407837
1.812145709991455
0.03600192070007324
0.036845166236162186
0.036847665905952454
0.036800023168325424
0.03676733002066612
0.036776162683963776
1.4212100505828857
1.730209231376648
2.1357715129852295
2.2366275787353516
2.260795831680298
2.288315534591675
2.3208839893341064
3.4044339656829834
4.024874687194824
4.5330281257629395
6.824105262756348
9.045631408691406
10.92859172821045
13.713001251220703
16.08831024169922
18.26885414123535
20.418411254882812
22.62019920349121
25.212263107299805
28.20866584777832
31.619108200073242
35.16124725341797
38.81788635253906
43.42866134643555
48.52909469604492
54.07143783569336
59.66702651977539
65.36050415039062
70.78840637207031
75.83341217041016
80.41568756103516
84.55948638916016
88.45449829101562
92.10977935791016
95.51712036132812
98.3331069946289
100.69087982177734
102.7137451171875
104.54688262939453
106.11943054199219
107.55811309814453
108.92591857910156
110.2063980102539
111.38250732421875
112.4032974243164
113.24050903320312
113.91481018066406
114.45704650878906
115.00165557861328
115.41998291015625
115.74960327148438
116.00884246826172
116.22389221191406
116.4573974609375
