10.69286823272705
12.445382118225098
10.364734649658203
8.858216285705566
7.323945999145508
6.876212120056152
6.790900230407715
6.728667736053467
6.678366661071777
6.637921333312988
6.534456729888916
6.440396785736084
6.372722625732422
6.339554309844971
6.3380327224731445
6.35868501663208
6.350331783294678
6.337784767150879
6.337300777435303
6.355425834655762
6.396274089813232
6.46232795715332
6.5570478439331055
6.685400009155273
6.853525638580322
7.067111015319824
7.329327583312988
7.649109840393066
8.030494689941406
8.471757888793945
8.965201377868652
9.505327224731445
10.047059059143066
1.1282297372817993
1.0297378301620483
1.0173488855361938
1.1433055400848389
1.270857810974121
1.3928011655807495
1.5068063735961914
18.052085876464844
17.02291488647461
16.01627540588379
15.626812934875488
16.019432067871094
16.658788681030273
17.42727279663086
18.255332946777344
19.11418914794922
19.97429847717285
20.81070327758789
21.6492977142334
22.517438888549805
23.27767562866211
23.929794311523438
24.485065460205078
24.95843505859375
25.349592208862305
25.664323806762695
25.903789520263672
26.07707405090332
26.19782829284668
26.27828025817871
26.33038330078125
26.3581600189209
26.362064361572266
26.344026565551758
26.309953689575195
26.265823364257812
26.21262550354004
26.15240478515625
26.08580207824707
26.011960983276367
25.932416915893555
25.850732803344727
25.768451690673828
25.695600509643555
25.63020133972168
25.57233238220215
25.52132225036621
25.477678298950195
25.442020416259766
25.414398193359375
25.394590377807617
25.38270378112793
25.377578735351562
25.378704071044922
25.38663673400879
25.401016235351562
25.421167373657227
25.44662094116211
25.477190017700195
25.512176513671875
25.575023651123047
25.647308349609375
