0.19811217486858368
0.20419424772262573
0.2067147195339203
0.20799411833286285
0.21049977838993073
0.2122849076986313
0.21367263793945312
0.21545667946338654
0.21686960756778717
0.21810956299304962
0.2193164825439453
0.2209368497133255
0.22234655916690826
0.22376735508441925
0.22518907487392426
0.22660183906555176
0.22821049392223358
0.2299325168132782
0.23170283436775208
0.2336125373840332
0.2359013706445694
0.23889251053333282
0.24244992434978485
0.24639463424682617
0.25067219138145447
0.25546541810035706
0.2609597146511078
0.2672201693058014
0.27405497431755066
0.28323838114738464
0.2985880970954895
0.3164289593696594
0.33671823143959045
0.015336095355451107
0.015404487028717995
0.015268497169017792
0.014927457086741924
0.014676895923912525
0.014490101486444473
0.014344435185194016
0.2570355236530304
0.2689575254917145
0.27968230843544006
0.3140556514263153
0.32235008478164673
0.31198322772979736
0.3022005259990692
0.2926340401172638
0.2832752466201782
0.27396491169929504
0.2646331787109375
0.255265474319458
0.24586062133312225
0.2365841418504715
0.2272280901670456
0.21693055331707
0.2074834108352661
0.19890959560871124
0.190827414393425
0.18295538425445557
0.17561480402946472
0.16861720383167267
0.16180971264839172
0.15538959205150604
0.14893795549869537
0.14286939799785614
0.13746702671051025
0.1324358880519867
0.12817540764808655
0.12457317858934402
0.1514105200767517
0.19389119744300842
0.24661587178707123
0.3062424063682556
0.3651731312274933
3.625929355621338
8.545348167419434
10.710433006286621
12.156970977783203
13.262295722961426
14.152701377868652
14.94223690032959
15.640081405639648
16.239198684692383
16.803939819335938
17.382295608520508
17.99750328063965
18.63630485534668
19.2872257232666
19.795650482177734
20.332794189453125
21.18511962890625
22.214458465576172
22.898839950561523
23.453397750854492
