0.15451398491859436
0.16331082582473755
0.17764821648597717
0.1887127012014389
0.21543844044208527
0.22590358555316925
0.2316124588251114
0.2359069138765335
0.23892880976200104
0.24101205170154572
0.24257288873195648
0.2440560907125473
0.24508978426456451
0.24596987664699554
0.24694354832172394
0.24800901114940643
0.24939227104187012
0.250654011964798
0.2515348792076111
0.25227826833724976
0.25329700112342834
0.2544128894805908
0.25566500425338745
0.2580658793449402
0.26340407133102417
0.26910537481307983
0.27659982442855835
0.28565579652786255
0.2957894206047058
0.30704465508461
0.3193872272968292
0.3327629566192627
0.3483314514160156
0.026552429422736168
0.026043783873319626
0.02601567655801773
0.025888849049806595
0.02567611075937748
0.025301175191998482
0.02472151629626751
0.2803182601928711
0.30919066071510315
0.3289244771003723
0.35905084013938904
0.38713380694389343
0.41557905077934265
0.4599653482437134
0.5313633680343628
0.639667272567749
0.8025810122489929
1.0625540018081665
1.3261970281600952
10.604525566101074
33.53630828857422
48.63044738769531
61.64451217651367
74.07014465332031
86.1502456665039
93.2292709350586
99.58104705810547
104.92864990234375
109.49468994140625
113.66121673583984
117.27515411376953
120.23698425292969
122.60098266601562
124.45669555664062
125.83777618408203
126.84193420410156
127.66312408447266
128.45779418945312
129.3360137939453
130.30911254882812
131.28729248046875
132.03924560546875
132.0775146484375
132.07911682128906
131.97422790527344
131.7621307373047
131.4969940185547
131.22987365722656
131.07647705078125
130.943115234375
130.88514709472656
130.89524841308594
131.69937133789062
132.9767608642578
133.8366241455078
134.76815795898438
135.6607666015625
136.4873504638672
137.23667907714844
137.81863403320312
138.26760864257812
138.6750946044922
