0.0967380627989769
0.11543241143226624
0.1303376406431198
0.13831982016563416
0.15048600733280182
0.15526261925697327
0.15775099396705627
0.15946421027183533
0.16087307035923004
0.16214069724082947
0.16324545443058014
0.16425664722919464
0.165226548910141
0.16621418297290802
0.1671694815158844
0.16810934245586395
0.16915984451770782
0.17044740915298462
0.17179059982299805
0.17426489293575287
0.17689038813114166
0.17958195507526398
0.18242469429969788
0.1854792833328247
0.18876321613788605
0.192403182387352
0.1968361884355545
0.2024967223405838
0.20943257212638855
0.21748681366443634
0.22669126093387604
0.23704080283641815
0.24850071966648102
0.03062603436410427
0.020067451521754265
0.014329556375741959
0.011859622783958912
0.010995225980877876
0.010604359209537506
0.010491376742720604
0.16936799883842468
0.19270922243595123
0.21273694932460785
0.24398738145828247
0.2756401598453522
0.30331432819366455
0.32930371165275574
0.3437412977218628
0.32808777689933777
0.3153148591518402
0.30463048815727234
0.294803649187088
0.2853889763355255
0.2761923670768738
0.2672537863254547
0.2585780620574951
0.2500689625740051
0.24166402220726013
0.23337161540985107
0.2252078354358673
0.21722033619880676
0.20933957397937775
0.20167845487594604
0.19469904899597168
0.18861427903175354
0.18307629227638245
0.1779254525899887
0.17412766814231873
0.17161546647548676
0.16999107599258423
0.16902118921279907
0.16869275271892548
0.16907300055027008
0.17014630138874054
0.17185404896736145
0.17413069307804108
0.1763538122177124
0.1783241182565689
0.18030911684036255
0.18243373930454254
0.18477952480316162
0.1873372197151184
0.19000783562660217
0.19288980960845947
0.19589392840862274
1.0669665336608887
2.523303508758545
3.676358699798584
4.5987868309021
5.347546577453613
6.047715187072754
6.621040344238281
7.090402603149414
7.51308012008667
7.910275459289551
