0.026440907269716263
0.030661974102258682
0.032657232135534286
0.03331400454044342
0.03418530523777008
0.03476203978061676
0.03507648780941963
0.035323821008205414
0.03561699017882347
0.0359659418463707
0.036295995116233826
0.03660409897565842
0.03687574341893196
0.037119559943675995
0.03741302341222763
0.03779391944408417
0.03820415958762169
0.03869504854083061
0.03928137198090553
0.03997540473937988
0.040775079280138016
0.041680775582790375
0.04268115758895874
0.043774984776973724
0.04495135322213173
0.04619881510734558
0.04751700535416603
0.048911839723587036
0.05041923746466637
0.05209070071578026
0.053946323692798615
0.055656202137470245
0.057108547538518906
0.0029895000625401735
0.0028223018161952496
0.002760189352557063
0.002722910838201642
0.0027082276064902544
0.0026990219485014677
0.002689066343009472
0.053339019417762756
0.05556702986359596
0.05667874962091446
0.0581914447247982
0.05945543199777603
0.06065025180578232
0.06195608898997307
0.06340755522251129
0.06503220647573471
0.06673558056354523
0.06845781207084656
0.07024482637643814
0.07038795202970505
0.06719774007797241
0.06419751793146133
0.06127287819981575
0.05844637379050255
0.05574357882142067
0.053227249532938004
0.0508175827562809
0.04843204468488693
0.04614701494574547
0.04419625177979469
0.04254652559757233
0.04103828966617584
0.03964703902602196
0.03834833949804306
0.03712200000882149
0.03596223145723343
0.03487127646803856
0.03383578360080719
0.0328403078019619
0.03187468647956848
0.0309305340051651
0.030004944652318954
0.029123587533831596
0.028306450694799423
0.027545850723981857
0.0268193818628788
0.026110772043466568
0.025421783328056335
0.02476555109024048
0.02413487620651722
0.023512236773967743
0.022882921621203423
0.022246316075325012
0.021627726033329964
0.021021485328674316
0.02046104148030281
0.019940562546253204
0.01945037581026554
0.0189971923828125
0.018573449924588203
0.018158532679080963
0.017774805426597595
