0.007867621257901192
0.009954764507710934
0.012946626171469688
0.016127342358231544
0.018720019608736038
0.022377124056220055
0.016162989661097527
0.013574616052210331
0.012992762960493565
0.012750418856739998
0.012604870833456516
0.012276429682970047
0.011978618800640106
0.01166442595422268
0.011344139464199543
0.011046127416193485
0.010777002200484276
0.010523423552513123
0.010286364704370499
0.010075083933770657
0.009874008595943451
0.00968704279512167
0.009515956044197083
0.009361445903778076
0.009227976202964783
0.009107381105422974
0.009002155624330044
0.008907755836844444
0.00882406160235405
0.00874986033886671
0.008684228174388409
0.008635155856609344
0.008589676581323147
0.008550405502319336
0.00851951539516449
0.00849831011146307
0.008483986370265484
0.0005586055922321975
0.000541740155313164
0.0005206765490584075
0.000491970800794661
0.00047783786430954933
0.0004702259029727429
0.016081184148788452
0.0174269862473011
0.013832958415150642
0.01153489202260971
0.010354068130254745
0.010231263935565948
0.010009692050516605
0.009755859151482582
0.009427846409380436
0.009236957877874374
0.009106824174523354
0.009005754254758358
0.008951823227107525
0.008924872614443302
0.00890530925244093
0.00888593215495348
0.00886466447263956
0.008834811858832836
0.008798508904874325
0.008757336065173149
0.008712973445653915
0.00866697821766138
0.008620526641607285
0.008574487641453743
0.008529439568519592
0.008485815487802029
0.008444082923233509
0.00840422697365284
0.008366202935576439
0.008331112563610077
0.00827269721776247
0.008218051865696907
0.00816781260073185
0.008120603859424591
0.008076013065874577
0.008034102618694305
0.007994478568434715
0.007956092245876789
0.00791745912283659
0.007878794334828854
0.007841655984520912
0.0078058624640107155
0.007771096657961607
0.007736711297184229
0.007702219765633345
0.007667456287890673
0.007632489316165447
0.0075973933562636375
0.00756217772141099
0.007527294103056192
0.007492298260331154
0.007456926628947258
0.007421392947435379
0.007386114913970232
0.00735107995569706
0.007316142786294222
0.007281173951923847
0.0072461324743926525
