4.285350322723389
4.294717788696289
3.7848289012908936
3.4342398643493652
3.2718615531921387
3.025282382965088
2.9536502361297607
2.8650951385498047
2.835625410079956
2.815014600753784
2.798635721206665
2.772428512573242
2.7469441890716553
2.6881353855133057
2.6246886253356934
2.563861131668091
2.505962371826172
2.45223069190979
2.4025089740753174
2.3572187423706055
2.3178272247314453
2.284437656402588
2.256566047668457
2.2336153984069824
2.2146694660186768
2.1990652084350586
2.1865313053131104
2.176729917526245
2.1693105697631836
2.1622822284698486
2.154106378555298
2.145707368850708
2.137701988220215
2.1265640258789062
2.1133573055267334
2.0995943546295166
2.0860252380371094
0.3011943995952606
0.2054767608642578
0.1686730533838272
0.1581222265958786
0.1527610719203949
0.14825256168842316
2.099950075149536
2.229515790939331
2.16171932220459
2.1330883502960205
2.1724190711975098
2.1759321689605713
2.1691718101501465
2.161817789077759
2.145934581756592
2.1343729496002197
2.1211740970611572
2.106769561767578
2.091230869293213
2.0762228965759277
2.062412977218628
2.050036907196045
2.0393059253692627
2.030435562133789
2.023599147796631
2.0188844203948975
2.0162315368652344
2.01552152633667
2.0167810916900635
2.02013897895813
2.0257368087768555
2.03369140625
2.0440709590911865
2.056971311569214
2.072524070739746
2.090811014175415
2.1119208335876465
2.1359946727752686
2.1632001399993896
2.193695306777954
2.2276599407196045
2.2652087211608887
2.306612014770508
2.3520469665527344
2.4017133712768555
2.455833911895752
2.51387095451355
2.5742130279541016
2.636946201324463
2.702035903930664
2.7690584659576416
2.8378114700317383
2.9081454277038574
2.9797348976135254
3.052438974380493
3.1263961791992188
3.2019176483154297
3.2791659832000732
3.361363649368286
3.4506046772003174
3.546194553375244
3.646702289581299
3.7497668266296387
3.855656623840332
