0.0053000603802502155
0.005049653816968203
0.004773667547851801
0.004619409330189228
0.0045339022763073444
0.004379939753562212
0.0043223644606769085
0.0042379978112876415
0.004205980803817511
0.004172373563051224
0.0041270446963608265
0.004028517287224531
0.0039434232749044895
0.0038706103805452585
0.003805949352681637
0.003747793147340417
0.003695434657856822
0.0036498012486845255
0.0036095448303967714
0.0035743184853345156
0.003542857011780143
0.0035144775174558163
0.0034891029354184866
0.003466107649728656
0.0034452062100172043
0.0034260256215929985
0.003408478107303381
0.003392342012375593
0.003377580316737294
0.0033639443572610617
0.003351380117237568
0.0033397816587239504
0.0033287417609244585
0.0033180927857756615
0.003307787701487541
0.0032978258095681667
0.0032881556544452906
0.0004961399827152491
0.00045733744627796113
0.00045348593266680837
0.0004508383572101593
0.0004485640092752874
0.00044653250370174646
0.0036139353178441525
0.0036986477207392454
0.0036236944142729044
0.003546585328876972
0.0034822490997612476
0.0034740916453301907
0.003460264764726162
0.0034435484558343887
0.003409919561818242
0.003380764741450548
0.0033547182101756334
0.0033316791523247957
0.0033114382531493902
0.0032937403302639723
0.003278094343841076
0.0032641461584717035
0.0032516124192625284
0.0032402649521827698
0.003229893511161208
0.0032196950633078814
0.0032095573842525482
0.0031997018959373236
0.0031902084592729807
0.003180946921929717
0.0031718313694000244
0.0031629600562155247
0.0031546414829790592
0.0031465820502489805
0.003138560801744461
0.0031307137105613947
0.0031230789609253407
0.00311557250097394
0.003108092350885272
0.003100579371675849
0.0030930116772651672
0.0030853759963065386
0.003077666973695159
0.0030698818154633045
0.0030620163306593895
0.0030540809966623783
0.003046090016141534
0.0030380364041775465
0.0030299064237624407
0.0030217263847589493
0.0030134727712720633
0.003005126491189003
0.0029966826550662518
0.0029881461523473263
0.002979526063427329
0.0029708619695156813
0.0029621622525155544
0.002953458111733198
0.002944743260741234
0.0029359739273786545
0.002927291439846158
0.0029185297898948193
0.0029095502104610205
0.0029004323296248913
