7.482069969177246
9.354578971862793
12.257538795471191
16.321521759033203
13.683821678161621
13.035744667053223
13.049243927001953
13.257858276367188
13.605002403259277
14.165301322937012
14.421950340270996
14.926482200622559
15.694514274597168
16.58527374267578
17.542665481567383
18.663341522216797
19.85533332824707
21.0603084564209
22.61249351501465
24.740604400634766
27.511882781982422
31.189041137695312
36.24546813964844
42.15361785888672
49.8160514831543
58.477909088134766
69.20115661621094
81.0768051147461
94.34430694580078
109.1255874633789
125.89346313476562
145.32568359375
166.96438598632812
9.274446487426758
6.4447550773620605
5.862371444702148
5.065150737762451
4.7176642417907715
4.542160511016846
4.456146717071533
121.61124420166016
215.96510314941406
263.2366638183594
308.5997314453125
318.3721923828125
324.0552978515625
331.0240173339844
346.6224670410156
361.66314697265625
375.0484924316406
386.6207275390625
396.9773864746094
406.6218566894531
413.9368896484375
419.8742980957031
425.0648193359375
429.962646484375
434.5017395019531
438.5126037597656
442.1304016113281
444.8371887207031
446.8381652832031
448.3295593261719
449.4875793457031
450.42169189453125
451.10821533203125
451.5965576171875
451.9920349121094
452.3151550292969
452.33160400390625
451.89678955078125
451.0538330078125
449.88079833984375
448.5491943359375
447.15301513671875
446.2203369140625
445.7580871582031
444.1926574707031
442.70941162109375
441.2586364746094
439.8373107910156
438.4447937011719
437.0372009277344
435.3013610839844
433.7554626464844
432.3019104003906
430.9013671875
429.4769287109375
428.08294677734375
426.72601318359375
425.4322204589844
424.1781921386719
422.9577941894531
421.7691955566406
420.6265563964844
419.4749450683594
