0.007999558001756668
0.00923249777406454
0.010606828145682812
0.011030140332877636
0.0111715542152524
0.01126742921769619
0.011351189576089382
0.011419592425227165
0.011521369218826294
0.011618537828326225
0.01172279566526413
0.011801701039075851
0.011884062550961971
0.011984092183411121
0.012090045027434826
0.012196144089102745
0.012321501970291138
0.012484920211136341
0.012693297117948532
0.012934212572872639
0.013207524083554745
0.013511883094906807
0.013844478875398636
0.01419113390147686
0.014503289945423603
0.014828597195446491
0.015175323002040386
0.015532608143985271
0.01590152457356453
0.01628313958644867
0.016678931191563606
0.017089128494262695
0.0009621679782867432
0.0009269320289604366
0.0009284208645112813
0.0009348642197437584
0.0009415266686119139
0.0009476035484112799
0.01712786592543125
0.01771124079823494
0.017987245693802834
0.01825396902859211
0.018584448844194412
0.018991786986589432
0.019466135650873184
0.019995126873254776
0.020576555281877518
0.021147381514310837
0.021652553230524063
0.022182464599609375
0.022731343284249306
0.023298323154449463
0.02388458512723446
0.024488281458616257
0.02465358003973961
0.024041909724473953
0.02344396524131298
0.022853320464491844
0.0222725011408329
0.021701134741306305
0.021137649193406105
0.020581495016813278
0.020031319931149483
0.019487004727125168
0.01894911378622055
0.018420537933707237
0.017904264852404594
0.017399070784449577
0.01690395176410675
0.016418863087892532
0.015944363549351692
0.015481936745345592
0.015028405003249645
0.014583527110517025
0.014155642129480839
0.013747330754995346
0.013353955000638962
0.013160663656890392
0.012969962321221828
0.01259949803352356
0.012241419404745102
0.011893395334482193
0.011555228382349014
0.011227058246731758
0.01090843416750431
0.010600488632917404
0.010302508249878883
0.010014647617936134
0.009736456908285618
0.009467360563576221
0.009206968359649181
0.008955282159149647
0.008712350390851498
