0.04119477421045303
0.04543130472302437
0.05306059494614601
0.054857414215803146
0.055408675223588943
0.055783309042453766
0.056022316217422485
0.05620598420500755
0.056402768939733505
0.05660388991236687
0.05684629827737808
0.057027846574783325
0.05723509192466736
0.057461339980363846
0.05769006162881851
0.057895563542842865
0.058073729276657104
0.05824693292379379
0.05843658000230789
0.058665160089731216
0.058939509093761444
0.05927291885018349
0.05966902896761894
0.06015367433428764
0.06071591004729271
0.06132578104734421
0.06198737770318985
0.06271566450595856
0.06351640820503235
0.06440294533967972
0.06534332036972046
0.06634028255939484
0.003878431161865592
0.0038316419813781977
0.003797821933403611
0.0037603324744850397
0.003737556515261531
0.0037219475489109755
0.06137752905488014
0.06408234685659409
0.06593895703554153
0.0675167590379715
0.06911938637495041
0.07081969827413559
0.07263021171092987
0.07453322410583496
0.07650598138570786
0.07851334661245346
0.08053650707006454
0.0826086699962616
0.08474057167768478
0.0868983119726181
0.08907346427440643
0.09113598614931107
0.09282319992780685
0.09422756731510162
0.09569475054740906
0.0971769168972969
0.09856070578098297
0.09990294277667999
0.10125160217285156
0.10349205881357193
0.10573900490999222
0.10806174576282501
0.11048683524131775
0.11302527040243149
0.11557761579751968
0.11801379173994064
0.12002958357334137
0.121702641248703
0.12320282310247421
0.12468192726373672
0.12628494203090668
0.12785664200782776
0.1296318918466568
0.13173319399356842
0.1340763419866562
0.13646727800369263
0.13881230354309082
0.14124450087547302
0.14366047084331512
0.14582934975624084
0.1480906903743744
0.15060025453567505
0.14637687802314758
0.1413351148366928
0.1368761658668518
0.1326139271259308
0.1286599040031433
0.12488145381212234
0.12124571949243546
0.11777252703905106
