0.008000477217137814
0.009234379045665264
0.010613672435283661
0.011033335700631142
0.011172517202794552
0.011267493478953838
0.011346295475959778
0.011411645449697971
0.011508115567266941
0.011597943492233753
0.01169674564152956
0.01177056971937418
0.011846467852592468
0.011936412192881107
0.012035157531499863
0.01213634479790926
0.012243293225765228
0.012381071224808693
0.012563079595565796
0.012780415825545788
0.013027019798755646
0.013302798382937908
0.013607488945126534
0.013938589952886105
0.014276059344410896
0.014575348235666752
0.014900506474077702
0.015241892077028751
0.01559294480830431
0.01595502719283104
0.016329526901245117
0.01671713776886463
0.0009408037876710296
0.000905361317563802
0.0009063643519766629
0.0009128506062552333
0.0009199252817779779
0.0009267331915907562
0.016777602955698967
0.01732168346643448
0.017553940415382385
0.017784567549824715
0.01808192953467369
0.01845376566052437
0.018892675638198853
0.019400598481297493
0.01994556188583374
0.02053370513021946
0.021099315956234932
0.021600956097245216
0.022124100476503372
0.022660309448838234
0.023211106657981873
0.023775208741426468
0.024352414533495903
0.024935942143201828
0.024345627054572105
0.023767026141285896
0.023195791989564896
0.022631490603089333
0.022077733650803566
0.021531391888856888
0.02099100686609745
0.020457137376070023
0.019927922636270523
0.0194040946662426
0.018886039033532143
0.0183781199157238
0.017881596460938454
0.017394863069057465
0.01691683568060398
0.01644769124686718
0.015988321974873543
0.015539821237325668
0.015100431628525257
0.014669278636574745
0.01445605605840683
0.01424871850758791
0.013851653784513474
0.013470021076500416
0.01309936586767435
0.012738235294818878
0.012387922033667564
0.012046635150909424
0.011713932268321514
0.011391056701540947
0.011078744195401669
0.010776067152619362
0.010482564568519592
0.010198606178164482
0.009923757053911686
0.009657393209636211
0.009399430826306343
