0.041214101016521454
0.04546317458152771
0.05311383679509163
0.05487210676074028
0.0554252527654171
0.05580192804336548
0.05604017898440361
0.056230247020721436
0.056433551013469696
0.05663933604955673
0.056887343525886536
0.05706361308693886
0.05729184299707413
0.0575147420167923
0.057744741439819336
0.057933393865823746
0.05810423940420151
0.058279067277908325
0.05848705396056175
0.058722175657749176
0.05902085453271866
0.05937347188591957
0.05979930981993675
0.06031898036599159
0.06090441346168518
0.061532165855169296
0.06221631169319153
0.06297501921653748
0.06381402909755707
0.06474075466394424
0.06571870297193527
0.06676296144723892
0.0039010057225823402
0.0038424846716225147
0.0038083975668996572
0.0037717982195317745
0.003749685827642679
0.0037347041070461273
0.06188267469406128
0.06457914412021637
0.06641335040330887
0.06799746304750443
0.06963587552309036
0.07139680534601212
0.07328048348426819
0.07525958120822906
0.07730303704738617
0.07937663048505783
0.08149681985378265
0.08368679881095886
0.08591305464506149
0.0881592333316803
0.09032464027404785
0.0923059955239296
0.09375663101673126
0.09522411972284317
0.09680841863155365
0.09827263653278351
0.09966085106134415
0.10103977471590042
0.10319245606660843
0.10551084578037262
0.10791458189487457
0.11039553582668304
0.1129804253578186
0.11563483625650406
0.11827261745929718
0.12034554034471512
0.1219664141535759
0.12337484210729599
0.12477124482393265
0.12632536888122559
0.1281205713748932
0.12989139556884766
0.131875142455101
0.1341664046049118
0.13653244078159332
0.13885504007339478
0.1412799209356308
0.1439020186662674
0.14665600657463074
0.14895327389240265
0.15134820342063904
0.14596299827098846
0.1408488154411316
0.13612031936645508
0.13191135227680206
0.12790562212467194
0.12409242242574692
0.12048960477113724
0.11703149974346161
0.11367876082658768
