0.03790537640452385
0.04059982672333717
0.046126991510391235
0.05026371404528618
0.05156886577606201
0.05232987552881241
0.05262141674757004
0.05285721644759178
0.05306713655591011
0.05326531454920769
0.053440287709236145
0.05361488088965416
0.053824711591005325
0.053983427584171295
0.05420058220624924
0.054459672421216965
0.05468672886490822
0.05490162968635559
0.05510777235031128
0.05532665550708771
0.055550623685121536
0.055833104997873306
0.05617158114910126
0.056586503982543945
0.05710253491997719
0.057683322578668594
0.05831077694892883
0.05897632613778114
0.05967171490192413
0.06040790304541588
0.06118467450141907
0.062014542520046234
0.0039057149551808834
0.0036740859504789114
0.0035695971455425024
0.0035136262886226177
0.0034822982270270586
0.0034645090345293283
0.05814475938677788
0.060676928609609604
0.06221795082092285
0.06346111744642258
0.06462956964969635
0.065818190574646
0.06705430150032043
0.06832800060510635
0.06963162124156952
0.07095928490161896
0.07233548909425735
0.07375302910804749
0.07520714402198792
0.07673058658838272
0.07839879393577576
0.08002535253763199
0.08158716559410095
0.08317016065120697
0.08483892679214478
0.08652085065841675
0.08818094432353973
0.08982865512371063
0.09137551486492157
0.09256553649902344
0.0935971587896347
0.09448765218257904
0.0955406129360199
0.09656933695077896
0.0975349172949791
0.09848018735647202
0.09943889826536179
0.10034329444169998
0.10122422873973846
0.10207656025886536
0.10290619730949402
0.10365619510412216
0.10435082763433456
0.10501758009195328
0.1056707352399826
0.10644815117120743
0.1073070764541626
0.10789450258016586
0.10525501519441605
0.10245393216609955
0.09980527311563492
0.0972490906715393
0.09474940598011017
0.09229788184165955
0.08988498896360397
0.08757339417934418
0.08537159860134125
0.08328016847372055
0.08128003776073456
0.07930580526590347
