0.006563807837665081
0.007044619414955378
0.007757767103612423
0.00842958502471447
0.008945886045694351
0.009416925720870495
0.009777387604117393
0.009898538701236248
0.009973046369850636
0.010021021589636803
0.010077138431370258
0.01014072448015213
0.01019351277500391
0.010250356048345566
0.010310937650501728
0.010368620045483112
0.010425935499370098
0.01049042958766222
0.01055996771901846
0.010633944533765316
0.010717642493546009
0.010813788510859013
0.010933366604149342
0.011071622371673584
0.011231294833123684
0.011415415443480015
0.011621993966400623
0.011847952380776405
0.012090424075722694
0.012345895171165466
0.01261194422841072
0.012876379303634167
0.0008350801072083414
0.0007367072394117713
0.0007317322888411582
0.0007432969287037849
0.0007569053559564054
0.0007696639513596892
0.013252824544906616
0.01349296048283577
0.01352875865995884
0.013621718622744083
0.013786286115646362
0.014001084491610527
0.01425112783908844
0.01453455537557602
0.01484313141554594
0.015176254324615002
0.015530230477452278
0.01590389758348465
0.016297398135066032
0.016719095408916473
0.017187723889946938
0.01769169047474861
0.01811858080327511
0.018540242686867714
0.0189647376537323
0.01935790665447712
0.019755350425839424
0.020158179104328156
0.020573396235704422
0.020986221730709076
0.021399451419711113
0.021816108375787735
0.022235721349716187
0.022656939923763275
0.023079100996255875
0.02350161410868168
0.02392425574362278
0.02434510365128517
0.024759626016020775
0.025165952742099762
0.025565505027770996
0.025957422330975533
0.026343723759055138
0.0267258919775486
0.0271055456250906
0.027481572702527046
0.027854332700371742
0.02821965143084526
0.028578121215105057
0.02893267758190632
0.029296908527612686
0.029662366956472397
0.03002115711569786
0.03037326969206333
0.030712291598320007
0.031039820984005928
0.031355276703834534
0.031653665006160736
0.031929075717926025
0.032175589352846146
