0.02248065359890461
0.028088556602597237
0.030435681343078613
0.03061973862349987
0.030613459646701813
0.030674772337079048
0.030753787606954575
0.03085026890039444
0.030988164246082306
0.031142685562372208
0.03136167302727699
0.03157389536499977
0.031749118119478226
0.03190160170197487
0.032066941261291504
0.0322410948574543
0.032426618039608
0.03262590616941452
0.03284463286399841
0.03307072073221207
0.033327244222164154
0.03363955020904541
0.03402825817465782
0.034485526382923126
0.0350014790892601
0.03557626157999039
0.036209337413311005
0.036896128207445145
0.037629421800374985
0.038413889706134796
0.03925798833370209
0.04017006978392601
0.001696361810900271
0.0013198661617934704
0.0013495248276740313
0.0013641135301440954
0.0013710653875023127
0.0013780951267108321
0.0355096235871315
0.04125082120299339
0.040841300040483475
0.039976660162210464
0.03939085081219673
0.03887614235281944
0.03837877884507179
0.03786960616707802
0.03733840957283974
0.03670080006122589
0.03597918152809143
0.03525569662451744
0.03451814875006676
0.03374922275543213
0.03297819569706917
0.03223414719104767
0.03149603307247162
0.030748916789889336
0.029996229335665703
0.029234550893306732
0.028469109907746315
0.027701903134584427
0.02693971060216427
0.026188071817159653
0.025450870394706726
0.02472703345119953
0.024014722555875778
0.023313751444220543
0.022625770419836044
0.021947335451841354
0.02127547562122345
0.02061525732278824
0.01996389590203762
0.019321581348776817
0.018897613510489464
0.018686875700950623
0.018065163865685463
0.017455430701375008
0.016856525093317032
0.016268830746412277
0.015712920576334
0.015445609577000141
0.015187324024736881
0.014698600396513939
0.01423193234950304
0.013785185292363167
0.013354691676795483
0.012938961386680603
0.012540971860289574
0.012161703780293465
0.011798467487096786
0.011449793353676796
0.011114965192973614
0.010792306624352932
0.010485934093594551
0.010198019444942474
