1500.0
1500.0
1500.0
1500.0
1500.0
1500.0
1500.0
1500.0
1500.0
1500.0
1500.0
1500.0
1500.0
1500.0
1500.0
1500.0
1500.0
1500.0
1500.0
1500.0
1500.0
1500.0
1500.0
1500.0
1500.0
1500.0
1500.0
1500.0
1500.0
1500.0
1500.0
1500.0
100.0
100.0
100.0
100.0
100.0
100.0
1500.0
1500.0
1500.0
1500.0
1500.0
1500.0
1500.0
1500.0
1500.0
1500.0
1500.0
1500.0
1500.0
1500.0
1500.0
1432.566650390625
1363.9404296875
1297.3172607421875
1231.7586669921875
1169.049072265625
1107.81640625
1049.51904296875
993.9091186523438
942.14501953125
894.1585693359375
848.2119750976562
804.8466186523438
764.7955932617188
727.95751953125
693.058837890625
660.3029174804688
629.25
599.4461059570312
571.24462890625
545.6213989257812
521.764892578125
499.4815673828125
478.2589416503906
457.65228271484375
437.80145263671875
419.9714660644531
403.5838928222656
386.677001953125
369.1461181640625
352.16973876953125
336.47161865234375
321.4853515625
308.1368408203125
295.9866943359375
284.58245849609375
273.4986572265625
262.85595703125
252.8463897705078
243.51536560058594
