1500.0
1500.0
1500.0
1500.0
1500.0
1500.000244140625
1500.0
1500.0
1500.0
1500.0
1500.0
1500.0
1500.0
1500.0
1500.0
1500.0
1500.0
1500.0
1500.0
1500.0
1500.0
1500.0
1500.0
1500.0
1500.0
1500.0
1500.0
1500.0
1500.0
1500.0
1500.0
1500.0
99.98574829101562
100.0
100.0
100.0
100.0
100.0
1500.0
1500.0
1500.0
1500.0
1500.0
1500.0
1500.0
1500.0
1500.0
1500.0
1500.0
1500.0
1500.0
1500.0
1500.0
1500.0
1500.0
1500.0
1500.0
1500.0
1500.0
1500.0
1500.0
1495.0400390625
1427.960693359375
1370.757568359375
1320.2525634765625
1269.1243896484375
1218.83154296875
1169.20947265625
1119.5211181640625
1069.1923828125
1017.7977905273438
967.089111328125
916.4727172851562
874.1304931640625
832.6753540039062
793.3438720703125
755.0203857421875
719.701171875
687.39453125
657.0284423828125
642.4984130859375
629.632080078125
607.0264892578125
585.1165771484375
563.0118408203125
540.8255615234375
518.5029907226562
496.222900390625
477.57867431640625
461.2983703613281
445.75457763671875
430.271484375
414.2631530761719
