1364.966796875
1017.502197265625
805.1089477539062
697.4983520507812
649.7944946289062
627.976806640625
611.1888427734375
595.2230224609375
579.5137329101562
563.9442749023438
547.9353637695312
533.9342041015625
520.5513916015625
507.1593322753906
493.8944396972656
480.4920959472656
466.5731201171875
452.1885681152344
437.49908447265625
422.7716369628906
407.990234375
393.0681457519531
378.17266845703125
363.43756103515625
352.1863708496094
340.9701843261719
329.7328186035156
318.86053466796875
308.455322265625
298.8678894042969
289.72607421875
280.9800109863281
100.0
100.0
100.0
100.0
100.0
100.0
371.8600769042969
278.3639221191406
258.0738220214844
252.66012573242188
250.57408142089844
248.95684814453125
246.96359252929688
244.59793090820312
242.00807189941406
239.2813262939453
236.4494171142578
233.56048583984375
230.69728088378906
227.8253936767578
224.9788055419922
222.1012725830078
219.11965942382812
216.0377960205078
212.81820678710938
209.53363037109375
206.23602294921875
203.0254669189453
199.74728393554688
196.40866088867188
193.02615356445312
189.5770721435547
186.03097534179688
182.4523468017578
179.00633239746094
175.66429138183594
172.3709716796875
169.0549774169922
165.6605682373047
162.14755249023438
158.51821899414062
154.84336853027344
151.14173889160156
147.4532012939453
143.85443115234375
140.48773193359375
137.21591186523438
134.08163452148438
131.06619262695312
128.14942932128906
125.29895782470703
122.48855590820312
119.70416259765625
116.97167205810547
114.2852783203125
111.6484146118164
109.06391906738281
106.54559326171875
104.1080093383789
101.76542663574219
