1499.9998779296875
1500.0
1500.0
1500.0
1500.0
1500.0
1500.0
1500.0
1500.0
1500.0
1500.0
1500.0
1500.0
1500.0
1500.0
1500.0
1500.0
1500.0
1500.0
1500.0
1500.0
1500.0
1500.0
1500.0
1500.0
1500.0
1500.0
1500.0
1500.0
1500.0
1500.0
1500.0
100.11280822753906
100.0
100.0
100.0
100.0
100.0
1500.0
1500.0
1500.0
1500.0
1500.0
1500.0
1500.0
1500.0
1500.0
1500.0
1500.0
1500.0
1500.0
1500.0
1500.0
1500.0
1500.0
1500.0
1500.0
1500.0
1500.0
1500.0
1500.0
1500.0
1500.0
1465.0504150390625
1403.8582763671875
1346.2974853515625
1291.0775146484375
1237.8831787109375
1186.6171875
1137.2235107421875
1089.6773681640625
1043.9422607421875
999.9216918945312
957.6781616210938
917.1091918945312
878.1143188476562
840.8456420898438
805.1638793945312
770.8463745117188
738.0857543945312
706.4111328125
676.3343505859375
647.7380981445312
620.5056762695312
594.5111083984375
569.335205078125
544.6180419921875
522.0570068359375
500.5044250488281
479.8500061035156
460.0869445800781
441.3327331542969
