1499.9998779296875
1499.9998779296875
1500.0032958984375
1500.0
1500.0
1500.0
1500.0
1500.0
1500.0
1500.0
1500.0
1500.0
1500.0
1500.0
1500.0
1500.0
1500.0
1500.0
1500.0
1500.0
1500.0
1500.0
1500.0
1500.0
1500.0
1500.0
1500.0
1500.0
1500.0
1500.0
1500.0
1500.0
99.99999237060547
100.0
100.0
100.0
100.0
100.0
1500.0
1499.9989013671875
1500.0
1500.0
1500.0
1500.0
1500.0
1500.0
1500.0
1500.0
1500.0
1500.0
1500.0
1500.0
1500.0
1500.0
1500.0
1446.240478515625
1384.0394287109375
1324.588134765625
1268.177001953125
1214.19580078125
1162.1246337890625
1111.8421630859375
1062.7659912109375
1014.1240844726562
967.6554565429688
924.4622192382812
883.790771484375
845.5874633789062
809.2378540039062
773.8121948242188
738.8764038085938
703.7649536132812
670.0191040039062
639.4340209960938
609.5746459960938
583.0037231445312
559.2413330078125
536.5213012695312
513.8143920898438
491.4326171875
472.1748962402344
455.2909851074219
439.0404052734375
422.4412536621094
405.3217468261719
387.5512390136719
370.24737548828125
353.4580383300781
338.94024658203125
325.43963623046875
312.7838439941406
300.7591552734375
