1500.0
1298.265380859375
1111.1087646484375
1053.982666015625
1032.3970947265625
1014.849365234375
999.0928955078125
984.2948608398438
971.3739624023438
959.533203125
947.2130737304688
934.8811645507812
923.2866821289062
912.6875610351562
902.6654052734375
892.7989501953125
883.2404174804688
873.92724609375
864.6935424804688
855.423095703125
846.0559692382812
836.2543334960938
825.5841674804688
813.7281494140625
800.5535888671875
786.0808715820312
770.42529296875
753.795654296875
736.607666015625
719.7490234375
703.5930786132812
687.2609252929688
100.0
100.0
100.0
100.0
100.0
100.00000762939453
702.5267333984375
654.7952270507812
624.3875122070312
603.8759765625
587.1622924804688
572.22509765625
558.0960693359375
544.29150390625
530.5558471679688
516.7384643554688
502.729248046875
488.4946594238281
473.8241882324219
458.8490905761719
444.3940124511719
430.69622802734375
417.109130859375
403.48358154296875
389.91021728515625
376.4556579589844
363.1792907714844
350.1380310058594
337.3677978515625
324.85198974609375
312.61920166015625
306.65087890625
300.7378845214844
289.1253662109375
277.9237976074219
267.1528015136719
256.89154052734375
247.05714416503906
237.57516479492188
228.4476318359375
219.6483154296875
211.17677307128906
203.03884887695312
195.2263641357422
187.7205352783203
180.52056884765625
173.63168334960938
167.04823303222656
160.76364135742188
154.7515869140625
148.75326538085938
143.17440795898438
137.69297790527344
132.57269287109375
127.703857421875
123.06444549560547
118.64510345458984
114.39974212646484
110.34884643554688
106.48151397705078
102.77307891845703
