1499.9989013671875
1500.0
1500.0
1500.0
1500.0
1500.0
1500.0
1500.0
1500.0
1500.0
1500.0
1500.0
1500.0
1500.0
1500.0
1500.0
1500.0
1500.0
1500.0
1500.0
1500.0
1500.0
1500.0
1500.0
1500.0
1500.0
1500.0
1500.0
1500.0
1500.0
1500.0
1500.0
101.0237045288086
100.0
100.0
100.0
100.0
100.0
1500.0
1500.0
1500.0
1500.0
1500.0
1500.0
1500.0
1500.0
1500.0
1500.0
1500.0
1500.0
1500.0
1500.0
1500.0
1500.0
1500.0
1500.0
1500.0
1500.0
1500.0
1460.0262451171875
1405.2889404296875
1353.0250244140625
1302.6669921875
1253.9530029296875
1206.7752685546875
1161.267333984375
1117.408447265625
1075.1417236328125
1034.4241943359375
995.5593872070312
958.4646606445312
923.0640258789062
889.2153930664062
856.8065795898438
825.8250122070312
796.2261962890625
767.8102416992188
740.6649169921875
714.66552734375
689.744140625
665.8201293945312
643.3582763671875
622.1180419921875
601.6983642578125
581.4749145507812
562.5299072265625
544.3369750976562
526.8413696289062
510.0751647949219
494.010009765625
478.5897216796875
463.8287658691406
