1500.0
1500.0
1500.0
1500.0
1500.0
1500.0
1500.0
1500.0
1500.0
1500.0
1500.0
1500.0
1500.0
1500.0
1500.0
1500.0
1500.0
1499.9998779296875
1500.0
1500.0
1500.0
1500.0
1500.0
1500.0
1500.0
1500.0
1500.0
1500.0
1500.0
1500.0
1500.0
1500.0
1500.0
100.0
100.0
100.0
100.0
100.0
100.0
100.0
1499.999755859375
1500.0
1500.0
1500.0
1500.0
1500.0
1500.0
1500.0
1500.0
1500.0
1500.0
1500.0
1500.0
1500.0
1500.0
1500.0
1500.0
1500.0
1500.0
1500.0
1500.0
1500.0
1500.0
1500.0
1500.0
1500.0
1500.0
1500.0
1500.0
1500.0
1500.0
1499.9998779296875
1499.9986572265625
1464.204833984375
1410.6773681640625
1359.4110107421875
1311.1900634765625
1267.8038330078125
1230.669921875
1196.2764892578125
1162.6107177734375
1128.1011962890625
1093.1217041015625
1059.724609375
1029.7454833984375
996.6302490234375
964.1506958007812
931.24462890625
898.2835083007812
868.1882934570312
837.6153564453125
813.0746459960938
789.6039428710938
765.997802734375
742.2537231445312
