1499.9998779296875
1500.0140380859375
1500.0
1500.0
1500.0
1500.0
1500.0
1500.0
1500.0
1500.0
1500.0
1500.0
1500.0
1500.0
1500.0
1500.0
1500.0
1500.0
1500.0
1500.0
1500.0
1500.0
1500.0
1500.0
1500.0
1500.0
1500.0
1500.0
1500.0
1500.0
1500.0
1500.0
1500.0
100.0
99.99861145019531
99.99986267089844
99.99999237060547
99.99581909179688
100.0000228881836
99.99977111816406
1500.0
1500.0
1500.0
1500.0
1500.0
1500.0
1500.0
1500.0
1500.0
1500.0
1500.0
1500.0
1500.0
1500.0
1500.0
1500.0
1500.0
1500.0
1500.0
1500.0
1500.0
1500.0
1500.0
1500.0
1500.0
1451.8619384765625
1375.72314453125
1305.378173828125
1255.570556640625
1206.4415283203125
1158.60400390625
1116.166259765625
1070.0079345703125
1016.7030639648438
961.3779907226562
904.8634033203125
846.5322265625
790.4564819335938
755.7653198242188
698.9781494140625
616.452392578125
529.7028198242188
502.5866394042969
481.8100280761719
463.9957580566406
445.8916320800781
427.25994873046875
408.2275695800781
389.2237243652344
370.1051940917969
350.9696350097656
337.20001220703125
325.3941955566406
315.3112487792969
