1500.0
1273.1712646484375
1077.0697021484375
1026.6639404296875
1011.0577392578125
999.0410766601562
985.1327514648438
971.6068725585938
960.1591796875
949.4707641601562
939.0905151367188
929.2650756835938
919.93310546875
910.35693359375
900.6427612304688
891.1957397460938
882.0651245117188
873.0750732421875
863.8095703125
854.1358642578125
844.2351684570312
833.9759521484375
822.7614135742188
810.1005859375
795.8681030273438
780.162353515625
763.2543334960938
745.4004516601562
727.1494140625
709.9561767578125
692.7609252929688
675.7435913085938
100.0
100.0
100.0
100.0
100.0
100.0
684.435791015625
625.4325561523438
597.9685668945312
582.2742919921875
568.7687377929688
555.2081298828125
541.1642456054688
526.5310668945312
511.38995361328125
495.8167419433594
479.94891357421875
464.36834716796875
449.2560119628906
434.2805480957031
419.4556884765625
404.81884765625
390.4245910644531
376.35302734375
362.5809326171875
349.0360107421875
335.696533203125
322.595947265625
309.7516784667969
297.225830078125
285.0645446777344
273.29827880859375
261.910888671875
250.9237060546875
240.41152954101562
230.45362854003906
220.9364471435547
211.78103637695312
202.9669647216797
194.44300842285156
186.1952667236328
177.92605590820312
170.1715545654297
162.53610229492188
155.204345703125
148.23394775390625
141.58938598632812
135.27162170410156
129.2796173095703
123.59725952148438
117.62882995605469
112.30158233642578
107.33403778076172
102.5989761352539
98.0887680053711
93.80537414550781
89.7617416381836
85.93473052978516
82.30288696289062
78.84425354003906
