1179.84130859375
882.1983032226562
725.5910034179688
648.9811401367188
600.1476440429688
572.030517578125
543.0726318359375
515.14697265625
496.4549865722656
480.585205078125
465.8829345703125
452.1826171875
439.3192138671875
426.5270080566406
415.132568359375
403.85137939453125
396.77532958984375
391.6783752441406
386.3043518066406
380.6035461425781
374.33929443359375
367.86468505859375
361.096435546875
353.9538879394531
346.4277648925781
338.73858642578125
330.87115478515625
323.60711669921875
316.4241638183594
309.1139831542969
301.4346923828125
294.3752746582031
288.43157958984375
282.45263671875
276.5696716308594
100.0
100.0
100.0
100.0
100.0
99.99996185302734
394.2901611328125
363.7301025390625
307.1129455566406
277.54425048828125
260.713134765625
242.82220458984375
233.06887817382812
224.5591278076172
221.71717834472656
219.74171447753906
216.5251007080078
213.74070739746094
211.07362365722656
208.42620849609375
205.7826690673828
203.16310119628906
200.6409454345703
198.1715545654297
195.85296630859375
193.61184692382812
191.37673950195312
189.1893768310547
188.10220336914062
187.03941345214844
184.95266723632812
182.87167358398438
180.79966735839844
178.72708129882812
176.69564819335938
174.72149658203125
172.79844665527344
170.93594360351562
169.1390380859375
167.3926239013672
165.6561279296875
163.96739196777344
162.30299377441406
160.63504028320312
158.95651245117188
157.26097106933594
155.55784606933594
153.82833862304688
153.01315307617188
152.1299285888672
150.25596618652344
148.40557861328125
146.5177764892578
144.6227569580078
142.7458038330078
140.89041137695312
139.0652313232422
137.2440643310547
135.46099853515625
133.7073516845703
132.02304077148438
130.33380126953125
128.67991638183594
127.06515502929688
125.46479797363281
