1500.0
1500.0
1500.001708984375
1500.0
1500.0
1500.0
1499.999755859375
1499.9998779296875
1499.9998779296875
1500.0
1500.0
1500.0
1500.0
1500.0008544921875
1499.998291015625
1500.0
1500.0
1499.998779296875
1500.0
1500.0
1499.9998779296875
1499.999755859375
1499.994140625
1499.999755859375
1500.0
1500.0
1500.0
1500.0
1500.0
1500.0
1500.0
1500.0
1500.0
1500.0
1500.0
99.99993896484375
99.99989318847656
99.99994659423828
100.0
100.0
100.0
1500.0
1499.997314453125
1500.046630859375
1500.0
1499.9771728515625
1500.22216796875
1500.040771484375
1451.1981201171875
1415.0384521484375
1386.8299560546875
1350.1512451171875
1324.112060546875
1303.4130859375
1285.208740234375
1267.951416015625
1250.884033203125
1233.7408447265625
1216.533935546875
1199.37353515625
1182.383056640625
1165.66259765625
1149.295654296875
1141.3458251953125
1133.38720703125
1118.0517578125
1103.564453125
1089.78125
1076.6429443359375
1063.960693359375
1051.583251953125
1039.3870849609375
1027.2181396484375
1015.0252075195312
1002.8551025390625
990.7552490234375
978.7281494140625
966.7815551757812
954.9154663085938
943.0833740234375
931.2848510742188
919.5376586914062
907.8452758789062
902.0841064453125
896.26513671875
884.7184448242188
873.405029296875
862.5361938476562
851.8666381835938
841.3634033203125
831.0838623046875
821.0128173828125
810.9686889648438
800.9805908203125
791.0645751953125
781.27392578125
771.5632934570312
761.92626953125
752.5320434570312
743.3943481445312
