1499.998779296875
1500.0
1500.0
1500.00732421875
1499.9833984375
1500.0
1500.0
1499.998291015625
1499.9998779296875
1500.0
1499.9998779296875
1499.9998779296875
1500.0
1499.999755859375
1499.9998779296875
1499.9998779296875
1499.9984130859375
1499.9998779296875
1500.0
1500.0
1500.0
1499.99853515625
1499.99951171875
1499.9969482421875
1500.0
1500.0
1500.0
1500.0
1499.999267578125
1500.0
1500.0
1500.0
1500.0
100.031005859375
100.00523376464844
99.99999237060547
100.0
100.0
100.0
100.0
1500.0
1499.9990234375
1500.5196533203125
1499.9989013671875
1500.0
1499.996337890625
1436.6009521484375
1387.277587890625
1350.7796630859375
1317.5162353515625
1285.398193359375
1253.426025390625
1221.517333984375
1189.8145751953125
1157.9703369140625
1125.662109375
1093.3826904296875
1061.9605712890625
1031.0152587890625
1001.0604858398438
972.0311279296875
944.0723266601562
916.9343872070312
903.8154296875
890.4891357421875
864.0054321289062
838.914306640625
814.3111572265625
802.4046020507812
790.2022094726562
766.3378295898438
743.6900634765625
722.08740234375
701.7037963867188
682.4754028320312
664.3919677734375
647.09521484375
630.5637817382812
614.7715454101562
599.5903930664062
584.8171997070312
570.4173583984375
556.4822387695312
542.9260864257812
529.8505249023438
517.184814453125
504.91259765625
493.14605712890625
481.7850341796875
470.8216857910156
460.2544250488281
450.0955810546875
440.2687072753906
430.7961120605469
421.7095031738281
412.99383544921875
404.6256103515625
