1500.0
1499.7655029296875
1500.0
1500.0
1499.9998779296875
1499.9996337890625
1499.9998779296875
1500.0
1500.0
1500.0
1500.0
1500.0
1500.0
1500.0
1500.0
1500.0
1500.0
1500.0
1500.0
1500.0
1500.0
1500.0
1500.0
1500.0
1500.0
1500.0
1500.0
1500.0
1500.0
1500.0
1500.0
1500.0
1500.0
100.0
99.99752044677734
100.0
100.0
100.0
100.0
100.0
1499.9996337890625
1500.0
1500.0
1500.0
1500.0
1500.0
1500.0
1500.0
1500.0
1500.0
1500.0
1500.0
1500.0
1500.0
1500.0
1500.0
1500.0
1500.0
1500.0
1500.0
1500.0
1500.0
1499.9998779296875
1500.0
1456.6580810546875
1386.582275390625
1319.806396484375
1253.006103515625
1188.624755859375
1125.977294921875
1072.186767578125
1033.812255859375
997.0059204101562
956.16796875
912.1119995117188
864.4295654296875
813.8123168945312
760.8894653320312
706.169921875
675.5962524414062
625.9010009765625
549.3167724609375
470.64666748046875
444.0057067871094
425.18115234375
408.51031494140625
390.9959716796875
375.1230163574219
362.32781982421875
349.90045166015625
337.05126953125
323.77227783203125
310.4423828125
297.2431640625
