1500.0
1500.0078125
1500.0001220703125
1499.9842529296875
1500.0
1241.917236328125
1136.8724365234375
1094.4229736328125
1072.2471923828125
1033.8214111328125
1012.4159545898438
994.01171875
986.1447143554688
983.89306640625
984.3831176757812
985.880126953125
988.22119140625
990.0042114257812
991.1790161132812
991.9222412109375
991.8291625976562
991.6248779296875
991.3389282226562
990.8203125
989.9561767578125
988.7314453125
987.1500854492188
985.2469482421875
983.0913696289062
980.7196655273438
978.1361083984375
975.363525390625
972.4649658203125
969.281982421875
965.9063110351562
962.3833618164062
100.00000762939453
99.99995422363281
99.99999237060547
100.0
99.99998474121094
100.0
1407.6329345703125
1397.640625
1306.7357177734375
1230.376220703125
1201.7625732421875
1152.6839599609375
1096.9276123046875
1073.9805908203125
1042.4791259765625
1002.0723876953125
974.4471435546875
954.819091796875
940.4520263671875
929.3169555664062
920.3178100585938
912.8939819335938
906.6694946289062
901.3223266601562
896.56005859375
892.1039428710938
887.7940063476562
883.5294799804688
879.258056640625
874.9193115234375
870.451416015625
865.8453369140625
861.1154174804688
856.259033203125
851.2726440429688
846.1734619140625
840.9653930664062
835.6517333984375
830.2352294921875
824.76171875
819.2567749023438
813.698486328125
808.100830078125
802.5543823242188
797.1027221679688
791.7418212890625
786.479248046875
781.3360595703125
776.337646484375
771.51171875
766.8836669921875
762.4690551757812
758.2401733398438
754.154052734375
750.18896484375
746.3250732421875
742.54345703125
738.8334350585938
735.1885375976562
731.6207275390625
728.1334228515625
724.7669067382812
721.57470703125
718.5740356445312
