1500.0
1474.28076171875
1148.4259033203125
982.9828491210938
899.4749145507812
861.2595825195312
828.6209716796875
797.1279296875
763.9627685546875
740.9905395507812
722.1508178710938
703.7514038085938
684.468017578125
664.9539794921875
646.8974609375
630.2024536132812
614.5110473632812
601.1431884765625
592.7340087890625
584.8309936523438
575.9619140625
565.6923217773438
555.3951416015625
544.8296508789062
533.7041015625
522.1030883789062
509.61456298828125
495.9701843261719
481.0223388671875
465.17120361328125
449.8660583496094
434.5528869628906
419.0671081542969
100.0
99.99998474121094
100.0
100.0
100.0
100.0
100.0
642.7152709960938
459.1241455078125
390.1502380371094
372.1084289550781
357.6732177734375
345.7241516113281
334.57403564453125
324.4111328125
314.54144287109375
303.9070739746094
292.83721923828125
283.5472717285156
274.78570556640625
266.1915283203125
257.66754150390625
249.2181854248047
240.90838623046875
232.73794555664062
224.71177673339844
216.89804077148438
209.35635375976562
202.1240692138672
195.25572204589844
188.7543487548828
182.74974060058594
177.0753173828125
171.63818359375
166.4312286376953
161.4346466064453
156.6427459716797
152.0758514404297
147.70127868652344
143.5260009765625
139.5032196044922
135.64356994628906
131.9411163330078
128.38059997558594
124.97429656982422
121.71602630615234
118.58747863769531
115.58817291259766
112.71711730957031
109.96870422363281
107.3665542602539
104.91563415527344
102.55410766601562
100.28636932373047
98.11538696289062
96.03987121582031
94.0536880493164
92.15819549560547
90.34858703613281
88.62882232666016
86.98502349853516
