1500.0
1500.0
1500.0
1500.0
1500.0
1499.99951171875
1500.0
1500.0
1500.0
1500.0
1500.0
1500.0
1500.0
1500.0
1500.0
1500.0
1500.0
1500.0
1500.0
1500.0
1500.0
1500.0
1500.0
1500.0
1500.0
1500.0
1500.0
1500.0
1500.0
1500.0
1500.0
1500.0
1500.0
100.0
100.0
100.0
100.0
100.0
100.0
100.0
1500.0
1500.0
1500.0
1500.0
1500.0
1500.0
1500.0
1500.0
1500.0
1500.0
1500.0
1500.0
1500.0
1500.0
1500.0
1500.0
1500.0
1500.0
1500.0
1500.0
1500.0
1500.0
1500.0
1500.0
1500.0
1500.0
1500.0
1500.0
1500.0
1500.0
1481.56494140625
1422.3798828125
1367.0179443359375
1317.724365234375
1276.34130859375
1237.5447998046875
1199.780517578125
1162.292236328125
1125.6328125
1092.5462646484375
1057.56787109375
1020.3238525390625
983.0882568359375
946.0712890625
911.3549194335938
877.5
848.493408203125
822.1102905273438
796.85546875
771.9771728515625
746.4534301757812
719.993896484375
692.0162963867188
662.5911865234375
636.8528442382812
