1500.0
1500.0
1500.0
1500.0
1500.0
1500.0
1500.0
1500.0
1500.0
1500.0
1500.0
1500.0
1500.0
1500.0
1500.0
1500.0
1500.0
1500.0
1500.0
1500.0
1499.9998779296875
1500.0
1500.0
1500.0
1500.0
1500.0
1500.0
1500.0
1500.0
1500.0
1500.0
1500.0
1500.0
100.0
100.0
100.0
100.0
100.0
100.0
100.0
1500.0
1500.0
1500.0
1500.0
1500.0
1500.0
1500.0
1500.0
1500.0
1500.0
1487.5799560546875
1416.203369140625
1347.86865234375
1282.156982421875
1218.6064453125
1157.10595703125
1097.9156494140625
1041.304931640625
987.8934936523438
937.5492553710938
890.1647338867188
845.51123046875
803.4015502929688
763.59912109375
726.1525268554688
690.858154296875
658.0062255859375
627.757568359375
599.575927734375
572.4518432617188
546.8043212890625
522.8587036132812
500.26123046875
479.0597229003906
459.21484375
440.62066650390625
423.1485595703125
406.7055969238281
391.2205810546875
376.6280517578125
362.876708984375
349.9306945800781
337.744140625
326.2599182128906
315.4300231933594
305.2114562988281
295.5556945800781
286.4243469238281
277.77716064453125
269.58392333984375
261.8105773925781
254.4539794921875
247.49261474609375
240.9045867919922
234.6540069580078
