1500.0
1265.1766357421875
931.5322265625
813.736572265625
763.5634765625
736.4476928710938
705.8737182617188
676.9484252929688
654.22802734375
635.0236206054688
617.3269653320312
600.8857421875
583.9617309570312
566.775390625
550.134033203125
533.6419677734375
516.9909057617188
505.38433837890625
497.31146240234375
489.52838134765625
481.7365417480469
474.0436096191406
465.96673583984375
457.2312316894531
447.6813659667969
437.5264892578125
427.09222412109375
416.4134216308594
405.6659851074219
394.1971435546875
382.16412353515625
370.373779296875
358.2281188964844
100.0
99.99966430664062
99.99690246582031
100.0
100.0
100.0
100.0
581.0945434570312
419.1738586425781
350.9136657714844
321.4150695800781
307.433837890625
296.4031066894531
286.8031921386719
277.67950439453125
269.59381103515625
262.14849853515625
255.18687438964844
248.65411376953125
242.35589599609375
236.1812744140625
230.1485595703125
224.4381561279297
218.85568237304688
213.33865356445312
207.88111877441406
202.4909210205078
197.15907287597656
191.89686584472656
186.7136688232422
181.63169860839844
176.6698455810547
171.8480224609375
167.14700317382812
162.58447265625
158.1591339111328
153.85939025878906
149.71978759765625
145.85850524902344
142.09835815429688
138.4474334716797
134.89938354492188
131.47393798828125
128.17628479003906
124.99246215820312
121.92269134521484
118.96692657470703
116.12060546875
113.38526153564453
110.75993347167969
108.24382781982422
105.83625030517578
103.52702331542969
101.31237030029297
99.18705749511719
97.14767456054688
95.19081115722656
93.31048583984375
91.5029296875
89.76158905029297
88.0908432006836
