1500.0
1500.0
1500.0
1500.0
1500.0
1500.0
1500.0
1500.0
1500.0
1500.0
1500.0
1500.0
1500.0
1500.0
1500.0
1500.0
1500.0
1500.0
1500.0
1500.0
1500.0
1500.0
1500.0
1500.0
1500.0
1500.0
1500.0
1500.0
1500.0
1500.0
1500.0
1500.0
1500.0
99.9999771118164
100.0
100.0
100.0
100.0
100.0
1499.999755859375
1500.0
1500.0137939453125
1500.0
1500.0
1500.0
1500.0
1426.029296875
1330.0487060546875
1238.639892578125
1151.5537109375
1070.4127197265625
993.283203125
922.2193603515625
857.3571166992188
798.5764770507812
744.9786376953125
698.571044921875
658.063232421875
621.9515991210938
589.1101684570312
559.089111328125
531.0814208984375
504.3815612792969
479.9580078125
456.76947021484375
433.9288635253906
410.99615478515625
389.5243225097656
369.6401672363281
351.9961242675781
337.4197692871094
324.4289245605469
313.057373046875
302.6814880371094
293.1477966308594
284.6271667480469
276.9107971191406
269.6899108886719
262.9476318359375
257.34307861328125
252.28890991210938
247.7311248779297
243.8963165283203
240.1421661376953
235.82521057128906
231.06285095214844
225.9224090576172
220.69911193847656
215.46974182128906
210.03819274902344
204.79322814941406
200.43795776367188
196.0511016845703
191.69781494140625
