267.1177062988281
241.6698760986328
218.86859130859375
214.6735382080078
210.199462890625
208.5059814453125
205.19212341308594
201.24945068359375
197.75169372558594
194.5291748046875
191.4841766357422
188.70619201660156
186.17465209960938
183.88226318359375
181.7886199951172
179.59263610839844
177.65342712402344
175.94607543945312
174.46182250976562
173.0982208251953
171.75973510742188
170.10714721679688
167.3801727294922
164.07077026367188
160.5596923828125
156.91004943847656
153.25177001953125
149.57220458984375
145.87782287597656
142.1737060546875
138.51788330078125
134.89297485351562
131.31121826171875
127.80297088623047
100.0
100.00138854980469
100.01393127441406
100.0132827758789
100.0
100.0091781616211
111.92985534667969
111.80026245117188
111.25151062011719
110.38848114013672
108.63739013671875
106.88562774658203
105.11906433105469
103.32301330566406
101.48973083496094
99.66300964355469
97.81705474853516
95.97716522216797
94.43585968017578
92.91084289550781
91.37102508544922
89.81625366210938
88.17777252197266
86.54795837402344
84.9322509765625
83.33509063720703
81.75374603271484
80.18352508544922
78.5947494506836
76.98251342773438
75.37230682373047
73.7788314819336
72.21041870117188
70.67668914794922
69.16632843017578
67.69415283203125
66.25749206542969
64.85528564453125
63.48661422729492
62.14312744140625
60.82544708251953
59.53813552856445
58.28107452392578
57.053611755371094
55.854766845703125
54.68166732788086
53.518733978271484
52.37238311767578
51.838871002197266
51.243778228759766
50.14229965209961
49.06859588623047
48.025604248046875
47.007354736328125
46.01369857788086
45.045074462890625
44.10142517089844
43.18232345581055
42.28725814819336
41.41566848754883
40.56856155395508
39.74541473388672
38.949581146240234
