1499.99951171875
1500.0
1500.0
1500.0
1500.0
1499.9996337890625
1500.0
1500.0
1500.0
1500.0
1500.0
1500.0
1500.0
1499.9998779296875
1499.9981689453125
1500.0
1500.0
1500.0
1500.0
1500.0
1500.0
1500.0
1500.0
1500.0
1500.0
1500.0
1500.0
1500.0
1500.0
1500.0
1500.0
1500.0
100.0
100.0
99.99999237060547
100.0
100.0
100.0
1500.0
1500.0
1500.0
1500.0
1458.2967529296875
1404.109619140625
1368.6846923828125
1339.4576416015625
1311.473876953125
1282.9818115234375
1252.94580078125
1220.836181640625
1188.7772216796875
1156.076171875
1123.01708984375
1089.859619140625
1056.4876708984375
1023.0065307617188
989.572021484375
956.0731811523438
922.6988525390625
889.535888671875
856.7409057617188
824.42724609375
792.7014770507812
761.7066040039062
731.4985961914062
702.21484375
674.00146484375
646.8843994140625
620.8267822265625
595.8309326171875
571.8106689453125
548.6253051757812
526.2785034179688
504.80206298828125
484.1891784667969
464.41180419921875
445.44403076171875
427.28076171875
409.879638671875
393.2623596191406
377.4326477050781
362.3670959472656
348.0260009765625
334.3916931152344
321.395263671875
308.7628173828125
296.8902282714844
285.5762939453125
274.7779235839844
264.4707946777344
254.62709045410156
244.81495666503906
