1499.99951171875
1500.0
1500.0
1500.0
1500.0
1500.0
1500.0
1500.0
1500.0
1500.0
1500.0
1500.0
1500.0
1500.0
1500.0
1500.0
1500.0
1499.9520263671875
1500.0
1500.0
1500.0
1500.0
1500.0
1500.0
1500.0
1500.0
1500.0
1500.0
1500.0
1500.0
1500.0
1500.0
99.9996109008789
100.0
100.0
100.0
100.0
100.0
1500.0
1500.0
1500.0
1500.0
1500.0
1500.0
1500.0
1500.0
1500.0
1500.0
1500.0
1500.0
1500.0
1500.0
1500.0
1500.0
1500.0
1500.0
1500.0
1441.69287109375
1384.7913818359375
1329.658447265625
1276.1134033203125
1224.170654296875
1174.0206298828125
1125.8466796875
1079.5169677734375
1034.976318359375
992.106689453125
950.834228515625
911.1499633789062
873.0125122070312
836.41748046875
801.2803955078125
767.5740966796875
735.3179931640625
704.5
674.93017578125
646.3695068359375
619.271240234375
593.0322875976562
568.3857421875
544.821533203125
522.4346313476562
500.3572692871094
479.7376708984375
460.3922424316406
441.9662170410156
424.4421691894531
407.7286682128906
391.7851867675781
376.5644226074219
362.08404541015625
348.3196716308594
