1344.4801025390625
999.4712524414062
794.1148681640625
689.0152587890625
645.3006591796875
624.3156127929688
607.2802734375
591.0567626953125
574.9671020507812
560.1771850585938
546.0465087890625
533.1279296875
519.8101196289062
506.38922119140625
493.1175231933594
479.39874267578125
465.0673828125
450.2831726074219
435.4175720214844
420.3653564453125
405.0513000488281
389.5214538574219
374.1148376464844
358.9609069824219
347.6080017089844
335.98895263671875
324.5503234863281
313.4881591796875
303.4261779785156
293.7460021972656
284.5158386230469
275.8544616699219
100.0
100.0
100.0
100.0
100.0
100.0
356.8293762207031
272.89794921875
253.8292694091797
249.96238708496094
248.2987060546875
246.66464233398438
244.4593048095703
241.8609619140625
239.0917205810547
236.22784423828125
233.27651977539062
230.30227661132812
227.26708984375
224.25299072265625
221.1731414794922
217.97421264648438
214.62307739257812
211.1420135498047
207.7073516845703
204.32872009277344
200.93560791015625
197.4905548095703
194.0105743408203
190.46131896972656
186.82553100585938
183.19996643066406
179.6393585205078
176.1913604736328
172.77635192871094
169.33444213867188
165.79396057128906
162.1135711669922
158.3354949951172
154.5287322998047
150.70005798339844
146.89956665039062
143.2209930419922
139.7830047607422
136.45643615722656
133.2775115966797
130.21974182128906
127.25143432617188
124.33844757080078
122.93611145019531
121.49425506591797
118.59590911865234
115.7896728515625
113.03070831298828
110.32862091064453
107.69249725341797
105.14082336425781
102.69023895263672
100.33485412597656
98.07264709472656
95.90330505371094
