1499.9989013671875
1499.9998779296875
1500.0
1500.0
1500.0
1500.0
1499.9998779296875
1500.0
1500.0
1500.0
1500.0
1500.0
1500.0
1500.0
1500.0
1500.0
1500.0
1500.0
1500.0
1500.0
1500.0
1500.0
1500.0
1500.0
1500.0
1500.0
1500.0
1500.0
1500.0
1500.0
1500.0
1500.0
100.0001449584961
100.0
100.0
100.0
100.0
100.0
1500.0
1500.0
1500.0
1500.0
1500.0
1500.0
1500.0
1500.0
1500.0
1500.0
1500.0
1500.0
1500.0
1500.0
1500.0
1500.0
1500.0
1500.0
1500.0
1481.2103271484375
1424.596923828125
1369.8406982421875
1316.284912109375
1264.0584716796875
1213.655029296875
1165.210205078125
1118.5479736328125
1073.4532470703125
1029.8251953125
987.7357177734375
947.1336669921875
908.40087890625
871.4782104492188
836.263427734375
802.6080322265625
770.3704833984375
739.3436279296875
709.305908203125
680.41552734375
652.7269897460938
626.7421264648438
602.404541015625
579.3468017578125
568.1537475585938
557.1807250976562
535.6921997070312
514.81689453125
495.1920166015625
476.464599609375
467.3535461425781
458.40972900390625
441.2404479980469
424.886962890625
409.34661865234375
394.5948181152344
380.6147155761719
