1499.9998779296875
1500.0
1500.0
1500.0
1500.0
1500.0
1500.0
1500.0
1500.0
1500.0
1500.0
1500.0
1500.0
1500.0
1500.0
1500.0
1500.0
1500.0
1500.0
1500.0
1500.0
1500.0
1500.0
1500.0
1500.0
1500.0
1500.0
1500.0
1500.0
1500.0
1500.0
1500.0
99.99813079833984
100.0
100.0
100.0
100.0
100.0
1500.0
1500.0
1500.0
1500.0
1500.0
1500.0
1500.0
1500.0
1500.0
1500.0
1483.6405029296875
1433.8436279296875
1386.339111328125
1339.4229736328125
1292.62744140625
1246.033447265625
1199.72802734375
1153.6900634765625
1108.019287109375
1062.886962890625
1018.5040893554688
975.1484985351562
933.1749877929688
892.7237548828125
854.0932006835938
817.5153198242188
782.787109375
749.7824096679688
718.2938232421875
688.1856689453125
659.3262329101562
631.6823120117188
605.20166015625
579.8175048828125
567.44677734375
555.321533203125
532.0202026367188
509.7500915527344
488.3787841796875
467.6318054199219
447.5115661621094
428.69805908203125
410.4740905761719
393.1119689941406
376.5221252441406
360.73358154296875
345.70172119140625
331.3834228515625
317.72698974609375
304.4206237792969
291.7989196777344
279.9054870605469
268.49725341796875
257.6463623046875
247.31626892089844
