1500.0
1299.75634765625
1107.9010009765625
1054.7132568359375
1035.6429443359375
1018.4004516601562
1002.1609497070312
986.8382568359375
973.3207397460938
961.2026977539062
949.168212890625
936.9860229492188
925.3858032226562
914.6021118164062
904.462158203125
894.3892211914062
884.819091796875
875.4508666992188
866.2185668945312
856.9613647460938
847.5894775390625
837.8851318359375
827.3884887695312
815.7738037109375
802.8814086914062
788.725830078125
773.4324340820312
757.1614379882812
740.2257690429688
723.3069458007812
707.4302978515625
691.2425537109375
100.0
100.0
100.0
100.0
100.0
100.0
707.75390625
658.7854614257812
629.3275756835938
609.5659790039062
593.0550537109375
578.0829467773438
563.8717041015625
550.0048217773438
536.2412109375
522.427978515625
508.4497375488281
494.3179016113281
479.8753662109375
465.06170654296875
450.42840576171875
436.52532958984375
423.0218200683594
409.49237060546875
395.93206787109375
382.4223937988281
369.0905456542969
355.96502685546875
343.1244201660156
330.53778076171875
318.2234802246094
306.23358154296875
294.56500244140625
283.26409912109375
272.3598327636719
261.92669677734375
251.9771270751953
242.38858032226562
233.14271545410156
224.24002075195312
215.66078186035156
207.40725708007812
199.48072814941406
191.86862182617188
184.5552978515625
177.55123901367188
170.85414123535156
164.4578857421875
158.34808349609375
152.24192810058594
146.56048583984375
141.1036376953125
135.8140411376953
130.85289001464844
126.12259674072266
121.61559295654297
117.31120300292969
113.17933654785156
109.2352523803711
105.46757507324219
