1500.0
1500.0
1500.0
1499.9998779296875
1500.0
1500.0
1500.0
1500.0
1500.0
1500.0
1500.0
1500.0
1500.0
1500.0
1500.0
1500.0
1500.0
1500.0
1500.0
1492.6749267578125
1480.493408203125
1468.886474609375
1457.0810546875
1443.7440185546875
1428.77783203125
1412.0313720703125
1393.1085205078125
1372.19091796875
1349.649658203125
1325.6798095703125
1300.5462646484375
1274.5736083984375
100.0
99.99898529052734
100.0
100.0
100.0
100.0
1499.9998779296875
1473.6026611328125
1356.8173828125
1279.3048095703125
1218.7451171875
1169.08544921875
1126.6575927734375
1088.85888671875
1054.0179443359375
1021.0552978515625
989.1619262695312
957.8457641601562
928.412841796875
899.6357421875
870.8336791992188
841.9794311523438
813.4863891601562
785.3715209960938
756.7556762695312
728.5652465820312
700.6337280273438
672.32666015625
645.1740112304688
619.4180297851562
593.49609375
570.1434326171875
548.1907958984375
527.018798828125
506.8033752441406
487.69122314453125
469.0201110839844
451.2779846191406
434.8174743652344
419.43988037109375
405.1278076171875
391.88568115234375
379.7038879394531
368.5458984375
358.2870788574219
348.7286071777344
339.7150573730469
331.24359130859375
323.42095947265625
315.984375
308.54571533203125
301.0562438964844
293.7286682128906
286.7216491699219
280.03497314453125
273.5825500488281
267.3183288574219
261.0266418457031
254.61691284179688
248.098876953125
