1500.0
1499.9998779296875
1500.01953125
1500.0
1500.0
1500.0
1500.0
1500.0
1500.0
1500.0
1500.0
1500.0
1500.0
1500.0
1500.0
1499.9918212890625
1500.0
1500.0
1500.0
1500.0
1500.0
1500.0
1500.0
1500.0
1500.0
1500.0
1500.0
1500.0
1500.0
1500.0
1500.0
1500.0
100.0
100.0
100.0
100.0
100.0
100.0
1499.9703369140625
1499.9991455078125
1500.0
1450.647216796875
1307.2474365234375
1186.4158935546875
1086.769775390625
1002.047607421875
937.4411010742188
892.8137817382812
858.9312744140625
827.267578125
796.2363891601562
767.3903198242188
744.633056640625
722.482421875
701.0462646484375
679.587646484375
657.9088134765625
636.93017578125
617.2369384765625
597.4459228515625
577.6636962890625
558.1604614257812
539.5817260742188
522.0474853515625
505.4696044921875
489.6733093261719
474.457763671875
459.69482421875
445.28912353515625
431.2161560058594
417.43011474609375
403.8589172363281
390.4166259765625
377.3001403808594
365.1790466308594
353.3826599121094
342.05279541015625
331.21978759765625
320.92083740234375
311.12738037109375
301.72705078125
292.7168884277344
284.1123046875
275.8846740722656
267.99310302734375
260.4342041015625
253.1853790283203
246.22723388671875
239.58287048339844
233.2243194580078
227.170654296875
221.42535400390625
