1499.9951171875
1500.0
1500.0
1500.0
1500.0
1500.0001220703125
1500.0
1500.0
1500.0
1500.0
1500.0
1500.0
1500.0
1500.0
1500.0
1500.0
1500.0
1500.0
1500.0
1500.0
1500.0
1500.0
1500.0
1500.0
1500.0
1500.0
1500.0
1500.0
1500.0
1500.0
1500.0
1500.0
100.0
99.99520111083984
100.0
100.0
100.0
100.0
100.0
1499.9962158203125
1499.9998779296875
1500.0
1500.0
1500.0
1500.0
1500.0
1500.0
1500.0
1500.0
1500.0
1500.0
1500.0
1500.0
1500.0
1500.0
1500.0
1500.0
1500.0
1500.0
1500.0
1500.0
1500.0
1500.0
1500.0
1500.0
1500.0
1500.0
1500.0
1500.0
1500.0
1500.0
1500.0
1500.0
1500.0
1499.9998779296875
1500.0
1500.0
1484.51416015625
1442.1964111328125
1404.661376953125
1368.709228515625
1333.17236328125
1297.7911376953125
1262.079833984375
1227.039794921875
1191.865234375
1156.84521484375
1123.5972900390625
1092.760009765625
1067.0274658203125
1044.970458984375
1023.2940673828125
999.9876098632812
973.6961059570312
