1499.9989013671875
1500.0
1500.0
1500.0
1500.0
1500.0
1500.0
1500.0
1500.0
1500.0
1500.0
1500.0
1500.0
1500.0
1500.0
1500.0
1500.0
1500.0
1500.0
1500.0
1500.0
1500.0
1500.0
1500.0
1500.0
1500.0
1500.0
1500.0
1500.0
1500.0
1500.0
1500.0
99.99999237060547
100.0
100.0
100.0
100.0
100.0
1500.0
1500.0015869140625
1500.0
1500.0
1500.0
1500.0
1500.0
1500.0
1500.0
1500.0
1500.0
1500.0
1500.0
1500.0
1500.0
1500.0
1500.0
1500.0
1500.0
1500.0
1500.0
1500.0
1500.0
1500.0
1500.0
1482.2420654296875
1423.3612060546875
1369.59033203125
1319.37255859375
1271.51904296875
1225.2008056640625
1180.0885009765625
1137.023681640625
1095.537841796875
1054.9642333984375
1015.382080078125
976.5944213867188
938.9285888671875
902.8104858398438
868.4183959960938
834.9448852539062
806.7767333984375
781.737548828125
758.0610961914062
735.253173828125
713.5576782226562
693.9171752929688
676.4996337890625
660.8244018554688
645.9578857421875
631.2235107421875
616.5850219726562
602.2552490234375
588.0385131835938
574.0332641601562
