1386.4151611328125
1042.3397216796875
823.1644287109375
711.2626953125
656.6126708984375
632.8047485351562
615.9580688476562
600.1029663085938
584.6412963867188
569.5353393554688
554.5588989257812
538.4201049804688
524.3955078125
511.4048156738281
499.15985107421875
487.2670593261719
474.9071350097656
462.06781005859375
448.9567565917969
435.90374755859375
422.4159240722656
408.4438781738281
394.2566223144531
380.0970153808594
366.0460510253906
354.1792297363281
343.78955078125
333.4775695800781
323.06121826171875
312.5550842285156
302.0578308105469
292.6180725097656
100.0
100.0
99.99995422363281
100.0
100.0
100.0
395.51324462890625
284.00408935546875
263.84771728515625
256.1358947753906
253.05357360839844
251.48812866210938
249.89979553222656
247.9161376953125
245.56573486328125
242.940673828125
240.16688537597656
237.2921600341797
234.3304901123047
231.32696533203125
228.3737335205078
225.48573303222656
222.57215881347656
219.55416870117188
216.37759399414062
213.02989196777344
209.66754150390625
206.24034118652344
202.8881072998047
199.50880432128906
196.09805297851562
192.62799072265625
189.09202575683594
185.4859161376953
182.03150939941406
178.71849060058594
175.3915252685547
171.9316864013672
168.30569458007812
164.57809448242188
160.71893310546875
156.8004150390625
152.9130859375
149.1204071044922
145.44149780273438
141.90988159179688
138.60986328125
135.40798950195312
132.25079345703125
129.14271545410156
126.08509826660156
123.05363464355469
120.06184387207031
117.1338119506836
114.27330780029297
112.89114379882812
111.49383544921875
108.75963592529297
106.1426010131836
103.61820983886719
101.1961441040039
