1500.0
1499.9998779296875
1500.0
1500.0
1499.9998779296875
1500.0
1500.0
1500.0
1500.0
1500.0
1500.0
1500.0
1500.0
1500.0
1500.0
1500.0
1500.0
1500.0
1500.0
1500.0
1500.0
1500.0
1500.0
1500.0
1500.0
1500.0
1500.0
1500.0
1500.0
1500.0
1500.0
1500.0
100.0
100.0
100.0
100.0
100.0
100.0
1500.0
1500.0
1499.99951171875
1500.0
1500.0
1500.0
1500.0
1500.0
1500.0
1500.0
1500.0
1500.0
1500.0
1500.0
1500.0
1500.0
1500.0
1500.0
1500.0
1500.0
1500.0
1500.0
1500.0
1500.0
1500.0
1471.7244873046875
1424.432861328125
1381.2310791015625
1339.7584228515625
1299.263427734375
1259.516845703125
1220.4063720703125
1182.1478271484375
1144.7811279296875
1108.6556396484375
1074.0589599609375
1040.7938232421875
1008.8157958984375
978.0119018554688
948.1605834960938
919.2562866210938
891.2825317382812
864.2410278320312
838.1774291992188
813.15869140625
789.4288330078125
766.9513549804688
745.6071166992188
725.0376586914062
704.6700439453125
685.817138671875
668.2205200195312
651.4652099609375
635.683837890625
