1500.0
1500.0
1500.0
1500.0
1500.0
1500.0
1499.9998779296875
1500.0
1500.0
1500.0
1500.0
1500.0
1500.0
1500.0
1500.0
1500.0
1500.0
1500.0
1500.0
1500.0
1500.0
1500.0
1500.0
1500.0
1500.0
1500.0
1500.0
1500.0
1500.0
1500.0
1500.0
1500.0
99.99984741210938
100.0
100.0
100.0
100.0
100.0
1500.0
1499.9998779296875
1500.0
1500.0
1500.0
1500.0
1500.0
1500.0
1500.0
1500.0
1500.0
1500.0
1500.0
1500.0
1500.0
1500.0
1500.0
1500.0
1500.0
1500.0
1500.0
1500.0
1500.0
1500.0
1500.0
1500.0
1500.0
1484.1273193359375
1423.781494140625
1369.410400390625
1315.6673583984375
1262.35498046875
1207.5369873046875
1151.3055419921875
1094.26123046875
1039.8463134765625
998.0682373046875
956.362548828125
914.0027465820312
872.2946166992188
831.1856079101562
790.59423828125
753.7355346679688
719.8118896484375
687.4754638671875
656.2422485351562
625.0326538085938
593.904541015625
570.635986328125
549.7603149414062
529.6958618164062
509.2131042480469
487.97747802734375
466.85888671875
