1500.0
1500.0
1500.0
1500.0
1499.0894775390625
1500.0
1500.0
1500.0
1499.999755859375
1500.0
1499.99951171875
1500.0
1499.9993896484375
1500.0
1499.9998779296875
1499.9998779296875
1500.0
1500.0
1500.0
1499.9996337890625
1499.998291015625
1499.9998779296875
1499.998046875
1499.996826171875
1499.9989013671875
1499.998779296875
1499.9981689453125
1499.99755859375
1499.9979248046875
1499.9906005859375
1499.9996337890625
1500.0
99.98790740966797
100.0
100.0
100.0
100.0
100.0
1499.9998779296875
1500.0
1499.9981689453125
1500.004150390625
1500.0
1500.0
1500.0
1500.0
1499.9998779296875
1500.0
1500.0
1500.0
1500.0
1500.0
1497.8848876953125
1460.1182861328125
1431.0482177734375
1405.1021728515625
1380.4827880859375
1356.159912109375
1331.4481201171875
1306.118408203125
1280.3402099609375
1254.3427734375
1228.265380859375
1202.7275390625
1177.4959716796875
1152.7845458984375
1128.2706298828125
1103.7183837890625
1079.03955078125
1054.358154296875
1029.8602294921875
1005.7351684570312
982.0435791015625
958.967529296875
936.4700317382812
914.5779418945312
893.1820678710938
872.1880493164062
851.6180419921875
831.4026489257812
811.771240234375
792.6697998046875
773.966552734375
755.7654418945312
738.1121215820312
720.9732666015625
704.2876586914062
688.0485229492188
672.3009033203125
656.9761962890625
642.1663818359375
627.8546752929688
