1499.9996337890625
1500.0
1500.0
1500.0
1500.0
1500.0
1500.0
1500.0
1500.0
1500.0
1500.0
1500.0
1500.0
1500.0
1500.0
1500.0
1500.0
1500.0
1500.0
1500.0
1500.0
1500.0
1500.0
1500.0
1500.0
1500.0
1500.0
1500.0
1500.0
1500.0
1500.0
1500.0
100.0
100.0
100.0
100.0
100.0
100.0
100.0
1500.0
1500.0
1500.0
1500.0
1500.0
1500.0
1500.0
1500.0
1500.0
1500.0
1500.0
1500.0
1500.0
1500.0
1500.0
1500.0
1500.0
1500.0
1451.582763671875
1392.8240966796875
1336.82861328125
1283.26953125
1231.7174072265625
1182.1724853515625
1134.658935546875
1089.015869140625
1045.125244140625
1003.3333740234375
963.6427001953125
925.9977416992188
890.1432495117188
856.0867309570312
823.8670654296875
793.1580810546875
763.969482421875
736.1559448242188
709.5933837890625
684.1280517578125
659.6649169921875
636.6748046875
614.9368286132812
594.1697998046875
574.2162475585938
554.9039916992188
535.7067260742188
517.81396484375
500.8331298828125
484.63623046875
469.1669006347656
454.4061584472656
440.3265686035156
426.88525390625
414.0411071777344
401.777099609375
390.06964111328125
