1499.999755859375
1473.195556640625
1083.9281005859375
963.2799682617188
930.962646484375
905.4628295898438
879.4677734375
857.5829467773438
838.72412109375
818.9114379882812
800.8223266601562
784.2110595703125
767.2843017578125
749.7579956054688
732.5958251953125
715.4315795898438
698.88525390625
684.7756958007812
671.9959106445312
659.386474609375
646.3995361328125
632.9201049804688
618.92431640625
608.2068481445312
599.2396240234375
589.8731079101562
579.6864013671875
569.2642211914062
559.1863403320312
549.0654296875
538.6708374023438
528.1010131835938
100.0
100.0
100.0
100.0
100.0
100.0
816.902587890625
588.4181518554688
509.5042419433594
472.5683898925781
452.5284118652344
438.381591796875
426.05615234375
414.0220642089844
401.56884765625
390.6272888183594
379.6929931640625
371.8358154296875
364.705078125
357.4730529785156
350.0459899902344
342.3935546875
334.75244140625
327.6527404785156
320.62969970703125
313.4876708984375
306.3441467285156
299.778076171875
293.4707946777344
287.1598205566406
280.84539794921875
274.5069580078125
268.1044616699219
261.6045227050781
255.0113525390625
248.4202117919922
241.87368774414062
235.44110107421875
229.1401824951172
222.95309448242188
216.8574981689453
210.8553924560547
204.98268127441406
199.26010131835938
193.7264862060547
188.4278564453125
183.39144897460938
178.58901977539062
174.10501098632812
169.743408203125
165.45606994628906
161.2394256591797
157.10012817382812
153.05181884765625
149.1234588623047
145.2991485595703
141.58084106445312
137.99737548828125
134.5322723388672
131.19851684570312
