1324.752197265625
973.5377807617188
775.710693359375
672.966064453125
630.4151611328125
607.2460327148438
587.5463256835938
570.5252075195312
556.5057983398438
542.0704345703125
527.1414794921875
511.61181640625
496.2020568847656
480.69610595703125
464.4184875488281
447.7375793457031
431.1526184082031
414.296142578125
397.1003723144531
379.84649658203125
362.5801086425781
347.21563720703125
335.1502380371094
323.3254089355469
312.20806884765625
301.58514404296875
291.0589599609375
280.7061767578125
272.3813171386719
267.5878601074219
263.4766845703125
259.6180419921875
100.0
100.0
100.0
100.0
100.0
100.0
312.41680908203125
252.63087463378906
236.5093231201172
233.34317016601562
231.63778686523438
229.43338012695312
226.558837890625
223.37530517578125
219.93276977539062
216.27444458007812
212.5744171142578
208.8186492919922
205.14239501953125
201.35574340820312
197.48326110839844
193.51637268066406
189.452880859375
185.46987915039062
181.45877075195312
177.47930908203125
173.50762939453125
169.4322967529297
165.2270050048828
160.8463897705078
156.42919921875
151.9896240234375
147.5990753173828
143.3263702392578
139.37789916992188
135.62071228027344
131.95782470703125
128.37704467773438
126.66389465332031
124.90819549560547
121.4094009399414
118.01321411132812
114.67902374267578
111.43048095703125
108.30640411376953
105.29721069335938
102.41687774658203
99.6783676147461
97.0715103149414
94.59362030029297
92.23970794677734
90.00534057617188
87.88339233398438
85.89051055908203
84.00997161865234
82.21161651611328
80.49842071533203
78.86054992675781
77.29662322998047
75.80702209472656
74.3822021484375
