1500.0
1500.0
1500.0
1500.0
1500.0003662109375
1500.0
1500.0
1500.0
1499.9998779296875
1499.999267578125
1493.336181640625
1469.2830810546875
1442.2623291015625
1413.8721923828125
1384.290283203125
1355.15673828125
1328.849365234375
1304.776123046875
1281.823486328125
1261.253662109375
1239.97802734375
1218.47314453125
1194.198486328125
1169.2271728515625
1142.4356689453125
1114.6422119140625
1087.8592529296875
1060.0009765625
1027.81787109375
992.5790405273438
955.2557373046875
918.4524536132812
100.0
100.0
100.0
100.0
100.0
100.0
1156.6854248046875
904.4635009765625
796.0556640625
747.5984497070312
715.4254150390625
692.502685546875
673.7039794921875
656.7319946289062
640.1450805664062
623.3203735351562
606.88671875
590.7210693359375
574.941162109375
559.3947143554688
543.8656005859375
528.320068359375
512.8508911132812
497.4884948730469
482.2982482910156
467.328125
452.6007080078125
438.0943908691406
423.81500244140625
409.80145263671875
396.1160583496094
382.7601013183594
369.87939453125
357.5851135253906
345.9151916503906
334.91876220703125
324.43267822265625
314.36865234375
309.4706115722656
304.645751953125
295.2550964355469
286.29718017578125
277.553955078125
269.01220703125
260.7915954589844
252.8420867919922
245.15711975097656
237.7750701904297
230.7201385498047
223.99838256835938
217.6156005859375
211.57057189941406
205.84107971191406
200.41180419921875
195.27664184570312
190.41957092285156
185.8139190673828
181.43821716308594
177.27096557617188
173.29859924316406
169.51251220703125
