1499.999267578125
1500.0
1500.0
1500.0
1500.0
1500.0
1500.0
1500.0
1500.0
1500.0
1500.0
1500.0
1500.0
1500.0
1500.0
1500.0
1500.0
1500.0
1500.0
1500.0
1500.0
1500.0
1500.0
1500.0
1500.0
1500.0
1500.0
1500.0
1500.0
1500.0
1500.0
1500.0
100.11518859863281
100.0
100.0
100.0
100.0
100.0
1500.0
1500.0
1500.0
1500.0
1500.0
1500.0
1500.0
1500.0
1500.0
1500.0
1500.0
1500.0
1500.0
1500.0
1500.0
1500.0
1500.0
1500.0
1500.0
1500.0
1500.0
1500.0
1500.0
1466.320068359375
1401.931396484375
1341.0797119140625
1283.1395263671875
1227.8519287109375
1175.1595458984375
1124.8397216796875
1076.8819580078125
1053.5543212890625
1030.844482421875
987.3341674804688
944.805908203125
923.7203979492188
902.8529663085938
862.8815307617188
824.3905639648438
790.9322509765625
763.4661254882812
738.542724609375
715.2628784179688
693.3012084960938
672.94091796875
653.537841796875
634.6805419921875
616.2681274414062
598.2906494140625
580.9008178710938
564.246337890625
548.3494873046875
533.1204223632812
518.4697875976562
504.3075866699219
490.71270751953125
477.8979797363281
