1499.999755859375
1500.0
1500.0
1500.0
1500.0
1500.0
1500.0
1500.0
1500.0
1500.0
1500.0
1500.0
1500.0
1500.0
1500.0
1500.0
1500.0
1500.0
1500.0
1500.0
1500.0
1500.0
1500.0
1500.0
1500.0
1500.0
1500.0
1500.0
1500.0
1500.0
1500.0
1500.0
100.0
100.0
100.0
100.0
100.0
100.0
1500.0
1500.0
1500.0
1500.0
1500.0
1500.0
1500.0
1500.0
1500.0
1500.0
1500.0
1500.0
1500.0
1500.0
1500.0
1500.0
1500.0
1500.0
1500.0
1500.0
1500.0
1500.0
1500.0
1500.0
1500.0
1500.0
1500.0
1500.0
1500.0
1499.999755859375
1451.647705078125
1400.931396484375
1355.3948974609375
1311.9232177734375
1270.82177734375
1232.1396484375
1195.2271728515625
1158.8671875
1122.4693603515625
1087.0565185546875
1052.61376953125
1021.9054565429688
991.5789184570312
959.0748291015625
925.0791015625
892.4839477539062
862.051025390625
833.5570068359375
805.1337890625
775.7227783203125
745.899169921875
716.0115356445312
686.140869140625
656.4915771484375
