1500.0
1500.0
1500.0
1500.0
1500.0
1500.0
1500.0
1500.0
1500.0
1500.0
1500.0
1500.0
1500.0
1499.9998779296875
1500.0
1500.0
1500.0
1500.0
1500.0
1500.0
1500.0
1500.0
1500.0
1500.0
1500.0
1500.0
1500.0
1500.0
1500.0
1458.3509521484375
1367.7725830078125
1275.3831787109375
100.0
100.0
100.0
100.0
100.0
100.0
1500.0
1473.2899169921875
1260.1588134765625
1080.1409912109375
945.2557983398438
874.9747314453125
821.1947021484375
779.325927734375
746.48291015625
715.8565063476562
686.9559326171875
660.1502685546875
636.1654663085938
613.01708984375
590.8978881835938
569.7430419921875
549.6694946289062
530.4703369140625
511.78961181640625
493.5892333984375
476.17938232421875
459.55438232421875
443.5920104980469
428.1409606933594
413.06488037109375
398.26153564453125
383.8571472167969
369.95758056640625
357.0886535644531
344.7585754394531
333.0690002441406
321.9844055175781
311.4413146972656
301.5364685058594
292.2716064453125
283.5418395996094
275.25537109375
267.331787109375
259.7178039550781
252.38394165039062
245.31594848632812
238.5204620361328
232.02378845214844
225.86273193359375
219.99722290039062
214.4134979248047
209.08782958984375
204.02674865722656
199.2259979248047
194.6475372314453
190.3159942626953
186.1590118408203
182.16563415527344
178.33692932128906
