1500.0
1499.470703125
1500.0
1500.0
1500.0
1500.0018310546875
1379.3214111328125
980.40380859375
930.705322265625
920.9404907226562
921.97509765625
925.2398681640625
922.9620361328125
908.6109619140625
885.1524658203125
860.8342895507812
838.929931640625
819.727294921875
803.4356689453125
789.5192260742188
777.0507202148438
766.5795288085938
757.8707275390625
750.6130981445312
744.544677734375
739.4804077148438
735.6854858398438
732.5889282226562
730.1976318359375
728.517333984375
727.2950439453125
726.5676879882812
726.2523803710938
726.3152465820312
726.511962890625
726.5545043945312
726.7575073242188
727.2769165039062
99.99039459228516
99.98953247070312
99.98815155029297
99.99984741210938
99.99916076660156
100.0
1500.0
1266.189453125
1138.7021484375
1042.59912109375
968.190673828125
918.1057739257812
857.3385009765625
824.6121826171875
803.7005615234375
787.845703125
774.4005126953125
762.6132202148438
753.54541015625
744.9434204101562
735.7604370117188
726.2081298828125
715.8471069335938
705.0294189453125
694.2410278320312
683.6489868164062
673.3582153320312
663.4237060546875
653.8796997070312
644.744140625
636.008544921875
627.663818359375
619.7839965820312
611.417236328125
604.3414916992188
597.5042724609375
590.9554443359375
584.857177734375
579.1302490234375
573.690185546875
568.2921142578125
563.0076904296875
558.0587768554688
553.3931884765625
548.9096069335938
544.5189819335938
540.1956176757812
535.9367065429688
531.7435913085938
527.6214599609375
523.5781860351562
519.5490112304688
515.5553588867188
511.63201904296875
507.7930603027344
504.035400390625
500.3455810546875
496.7110595703125
493.2138366699219
489.7053527832031
486.1551208496094
482.5889587402344
479.0419921875
