1500.0
1500.0015869140625
1068.531494140625
885.76513671875
849.9749755859375
791.1337280273438
706.3142700195312
622.003662109375
588.6881713867188
577.61474609375
568.376953125
550.7315063476562
542.3505249023438
525.129150390625
510.1605529785156
497.4289245605469
486.8936462402344
478.3887023925781
471.6742248535156
466.31292724609375
461.99102783203125
458.4634704589844
455.6202392578125
453.1944580078125
451.0085754394531
448.9758605957031
447.25372314453125
445.826416015625
444.6495361328125
443.70355224609375
442.95709228515625
442.36602783203125
441.8921203613281
441.50811767578125
441.15911865234375
440.82330322265625
440.4742126464844
440.0888671875
100.0
99.99214935302734
100.0
100.0
100.0
100.0
744.3301391601562
635.7423095703125
590.10205078125
568.2718505859375
559.1078491210938
547.7755126953125
516.6774291992188
493.9638366699219
478.57879638671875
468.4176330566406
460.93182373046875
454.6617431640625
449.008544921875
443.7747802734375
438.87835693359375
434.2742004394531
429.9077453613281
425.7937927246094
421.9726257324219
418.4297790527344
415.11004638671875
411.9709167480469
408.9916687011719
406.14697265625
403.4132385253906
400.75592041015625
398.1772766113281
395.6746826171875
393.2377624511719
390.8581848144531
388.52337646484375
386.22808837890625
383.98297119140625
381.80126953125
379.6900939941406
377.6501770019531
375.6734619140625
373.75128173828125
371.8631286621094
369.99700927734375
368.15423583984375
366.334228515625
364.5315856933594
362.7385559082031
360.9503479003906
359.1680603027344
357.3975830078125
355.6396179199219
353.8876037597656
352.14166259765625
350.42242431640625
348.7777099609375
347.254638671875
345.85052490234375
344.5204162597656
343.20892333984375
341.8728332519531
