1499.9998779296875
1500.0
1500.0
1500.0
1500.0
1500.0
1500.0
1500.0
1500.0
1500.0
1500.0
1500.0
1500.0
1500.0
1500.0
1500.0
1500.0
1500.0
1500.0
1500.0
1500.0
1500.0
1500.0
1500.0
1500.0
1500.0
1500.0
1500.0
1500.0
1500.0
1500.0
1500.0
100.00028991699219
100.0
100.0
100.0
100.0
100.0
1500.0
1499.9998779296875
1500.0
1500.0
1500.0
1500.0
1500.0
1500.0
1500.0
1500.0
1500.0
1500.0
1500.0
1500.0
1500.0
1500.0
1500.0
1500.0
1500.0
1500.0
1500.0
1500.0
1500.0
1500.0
1500.0
1500.0
1500.0
1500.0
1500.0
1500.0
1500.0
1476.4892578125
1418.718017578125
1364.7254638671875
1312.515869140625
1264.4407958984375
1219.239990234375
1175.8870849609375
1133.7901611328125
1092.6060791015625
1052.8017578125
1013.5186157226562
974.4470825195312
937.9147338867188
907.3998413085938
879.9713745117188
836.4559326171875
782.3923950195312
719.0390625
675.9415283203125
628.6471557617188
577.2703247070312
557.8045654296875
542.1533203125
