1499.9998779296875
1500.0
1500.0
1500.0
1500.0
1500.0
1500.0
1500.0
1500.0
1500.0
1500.0
1500.0
1500.0
1500.0
1500.0
1500.0
1500.0
1500.0
1500.0
1500.0
1500.0
1500.0
1500.0
1500.0
1500.0
1500.0
1500.0
1500.0
1500.0
1500.0
1500.0
1500.0
100.0
100.0
100.0
100.0
100.0
100.0
1499.9981689453125
1499.999755859375
1500.0
1500.0
1500.0
1500.0
1500.0
1500.0
1500.0
1500.0
1460.05517578125
1375.9698486328125
1296.752197265625
1222.7120361328125
1152.6671142578125
1088.3167724609375
1030.7449951171875
977.5503540039062
928.5028686523438
883.8884887695312
842.381591796875
800.9563598632812
759.42529296875
717.478515625
686.1436157226562
655.279052734375
622.7227783203125
590.8198852539062
558.2498168945312
529.2200317382812
503.4570617675781
479.2298278808594
456.1495666503906
433.205078125
410.81390380859375
389.9389953613281
373.6263732910156
358.9432067871094
343.71832275390625
327.25762939453125
310.1161804199219
293.6378173828125
279.46234130859375
267.34735107421875
256.4781799316406
243.7599334716797
229.21255493164062
216.04603576660156
200.88662719726562
185.6632843017578
167.49208068847656
149.74559020996094
142.25790405273438
132.31324768066406
