1499.9996337890625
1500.0032958984375
1500.0
1500.0
1500.0
1500.0
1500.0
1500.0
1500.0
1499.9998779296875
1500.0
1500.0
1500.0
1500.0
1500.0
1500.0
1500.0
1500.0
1500.0
1500.0
1500.0
1500.0
1500.0
1500.0
1500.0
1500.0
1500.0
1500.0
1500.0
1500.0
1500.0
1500.0
99.99925994873047
100.0
100.0
100.0
100.0
100.0
1500.0
1500.0
1500.0
1500.0
1500.0
1500.0
1500.0
1500.0
1500.0
1500.0
1500.0
1500.0
1500.0
1461.8017578125
1403.11572265625
1346.1737060546875
1290.5399169921875
1236.2154541015625
1183.5467529296875
1132.81396484375
1084.0548095703125
1037.1658935546875
992.1617431640625
948.9021606445312
907.3460083007812
867.4866333007812
829.305419921875
792.7487182617188
757.4573974609375
723.8988647460938
691.9995727539062
661.7156372070312
632.927490234375
605.6990356445312
579.9785766601562
555.6755981445312
532.7061157226562
510.98577880859375
490.428955078125
470.9647521972656
452.51763916015625
435.0029602050781
418.3929138183594
402.6392822265625
387.5649108886719
373.0951232910156
359.35760498046875
346.2447509765625
333.7554016113281
322.1236267089844
311.1648864746094
300.69061279296875
290.70989990234375
281.1986389160156
