1499.9996337890625
1500.0
1500.0
1500.0
1500.0001220703125
1500.0
1500.0
1500.0
1500.0
1500.0
1500.0
1500.0
1500.0
1500.0
1500.0
1500.0
1500.0
1500.0
1500.0
1500.0
1500.0
1500.0
1500.0
1500.0
1500.0
1500.0
1500.0
1500.0
1500.0
1500.0
1500.0
1500.0
100.0
100.0
100.0
100.0
100.0
100.0
1499.9715576171875
1500.0
1500.0
1500.0
1500.0
1500.0
1500.0
1500.0
1500.0
1500.0
1500.0
1500.0
1500.0
1500.0
1500.0
1479.199951171875
1403.984130859375
1337.0511474609375
1270.4979248046875
1203.2210693359375
1140.7529296875
1086.4837646484375
1044.11865234375
1003.8262939453125
963.5914916992188
924.5454711914062
887.3158569335938
848.9464721679688
808.53173828125
765.9246826171875
723.75927734375
685.5210571289062
654.7894287109375
625.6358032226562
596.7501831054688
569.3121948242188
545.5607299804688
524.8353881835938
505.5346984863281
487.2935791015625
470.6574401855469
455.0070495605469
441.4460754394531
428.7019348144531
415.806884765625
402.53277587890625
388.8760681152344
375.5001525878906
362.7911071777344
351.181640625
341.5015563964844
332.4585266113281
325.7657470703125
319.5204772949219
