1500.0
1499.9998779296875
1500.0
1500.0
1500.0
1500.0086669921875
1500.0
1500.0
1500.0
1500.0
1500.0
1500.0
1500.0
1500.0
1500.0
1500.0
1500.0
1500.0
1500.0
1500.0
1500.0
1500.0
1500.0
1500.0
1500.0
1500.0
1500.0
1500.0
1500.0
1500.0
1500.0
1500.0
99.99999237060547
100.0
100.0
100.0
100.0
100.0
1500.0
1499.9989013671875
1500.0
1500.0
1500.0
1500.0
1500.0
1500.0
1500.0
1500.0
1500.0
1500.0
1500.0
1500.0
1500.0
1500.0
1500.0
1500.0
1500.0
1500.0
1500.0
1500.0
1500.0
1500.0
1500.0
1500.0
1500.0
1500.0
1500.0
1500.0
1500.0
1500.0
1500.0
1500.0
1499.9998779296875
1460.4334716796875
1390.834228515625
1331.02099609375
1277.6142578125
1217.772216796875
1151.0892333984375
1078.982421875
1003.0007934570312
949.1670532226562
917.730224609375
886.0902709960938
849.2908935546875
808.35009765625
767.3168334960938
726.3573608398438
697.9107666015625
677.1246948242188
657.0137329101562
634.42529296875
