1499.988037109375
1500.0
1500.0
1500.0
1500.0
1500.0
1500.0
1500.0
1500.0
1500.0
1500.0
1500.0
1500.0
1500.0
1500.0
1500.0
1500.0
1500.0
1500.0
1500.0
1500.0
1500.0
1500.0
1500.0
1500.0
1500.0
1500.0
1500.0
1500.0
1500.0
1500.0
1500.0
100.11376190185547
100.0
100.0
100.0
100.0
100.0
1500.0
1500.0
1500.0
1500.0
1500.0
1500.0
1500.0
1500.0
1500.0
1500.0
1500.0
1500.0
1500.0
1500.0
1500.0
1500.0
1500.0
1500.0
1500.0
1500.0
1500.0
1500.0
1500.0
1500.0
1500.0
1500.0
1500.0
1500.0
1500.0
1500.0
1500.0
1500.0
1500.0
1500.0
1500.0
1500.0
1475.9154052734375
1429.664306640625
1385.586669921875
1342.9071044921875
1301.517578125
1261.4774169921875
1222.7520751953125
1185.3746337890625
1149.458251953125
1115.0980224609375
1082.2957763671875
1051.0289306640625
1021.239013671875
992.9056396484375
965.9306640625
940.2420654296875
915.7424926757812
892.4476928710938
