1423.0074462890625
1110.5987548828125
883.185302734375
745.7589111328125
667.646728515625
637.2520751953125
617.30859375
598.323486328125
579.6354370117188
561.0548095703125
543.1431884765625
525.7149658203125
508.5207824707031
491.005615234375
473.797119140625
456.9586486816406
440.43402099609375
424.09375
410.5284118652344
399.0674743652344
388.00823974609375
377.0145263671875
365.6588439941406
353.9576110839844
341.8385925292969
329.5757141113281
317.90087890625
306.8930358886719
296.3265380859375
286.339599609375
280.7590026855469
275.7603454589844
100.0
100.0
100.0
100.0
100.0
100.0
369.0699768066406
286.1930236816406
268.39422607421875
258.352783203125
250.70037841796875
245.3277587890625
241.0141143798828
237.74998474121094
235.34796142578125
233.24786376953125
231.24179077148438
229.21820068359375
227.10923767089844
224.86819458007812
222.49075317382812
219.98426818847656
217.43507385253906
216.1890106201172
214.89942932128906
212.07986450195312
209.1232452392578
206.067626953125
203.0211639404297
199.95315551757812
196.8350067138672
195.32070922851562
193.77418518066406
190.7195281982422
187.7507781982422
184.75953674316406
181.72251892089844
178.6384735107422
175.49407958984375
172.25157165527344
169.06614685058594
165.93528747558594
162.74954223632812
159.49945068359375
156.2498016357422
153.0478973388672
149.84002685546875
146.62066650390625
143.39122009277344
140.19390869140625
137.09735107421875
133.99659729003906
130.91038513183594
127.85307312011719
124.85993194580078
121.9286880493164
119.0849609375
116.3174819946289
113.62873077392578
111.03377532958984
108.51713562011719
106.07968139648438
