1499.999755859375
1500.0
1500.0
1500.0
1500.0
1500.0
1500.0
1500.0
1500.0
1500.0
1500.0
1500.0
1500.0
1500.0
1500.0
1500.0
1500.0
1500.0
1500.0
1500.0
1500.0
1500.0
1500.0
1500.0
1500.0
1500.0
1500.0
1500.0
1500.0
1500.0
1500.0
1473.7047119140625
100.0
99.96633911132812
100.0
100.0
100.0
100.0
100.0
1500.0
1500.0
1443.4649658203125
1379.49951171875
1330.6053466796875
1287.2215576171875
1245.42578125
1203.5958251953125
1161.4991455078125
1120.317626953125
1079.3892822265625
1038.357666015625
997.0451049804688
956.781494140625
918.6676635742188
882.2172241210938
847.170654296875
813.2606811523438
779.956298828125
747.5826416015625
716.2598876953125
686.1309204101562
657.229248046875
629.5409545898438
603.1964111328125
578.1832275390625
554.4932250976562
532.0291748046875
510.6427001953125
490.2755126953125
470.85491943359375
452.2898254394531
434.53399658203125
417.6047668457031
401.486083984375
386.11724853515625
371.1963806152344
356.8866882324219
343.1687316894531
330.4004211425781
318.522705078125
306.8997802734375
296.1352844238281
285.9461364746094
276.3393249511719
267.14630126953125
258.4122314453125
250.22215270996094
242.55870056152344
235.34945678710938
228.50953674316406
221.9990692138672
215.7740020751953
209.83837890625
