1499.999267578125
1499.9998779296875
1500.0
1500.0
1500.0035400390625
1500.0
1500.0
1500.0
1500.0
1500.0
1500.0
1500.0
1500.0
1500.0
1500.0
1500.0
1500.0
1500.0
1500.0
1500.0
1500.0
1500.0
1500.0
1500.0
1500.0
1500.0
1500.0
1500.0
1500.0
1500.0
1500.0
1500.0
99.9999771118164
100.0
100.0
100.0
100.0
100.0
1500.0
1500.0
1500.0
1500.0
1500.0
1500.0
1500.0
1500.0
1500.0
1500.0
1500.0
1500.0
1500.0
1500.0
1500.0
1500.0
1500.0
1500.0
1500.0
1500.0
1500.0
1500.0
1500.0
1500.0
1500.0
1500.0
1500.0
1500.0
1500.0
1459.8607177734375
1414.7218017578125
1371.4427490234375
1329.270263671875
1288.1361083984375
1248.0205078125
1208.996337890625
1171.38427734375
1135.501708984375
1101.0169677734375
1067.580078125
1035.229736328125
1003.9025268554688
973.4745483398438
943.8253173828125
915.2286987304688
887.3973388671875
860.4860229492188
834.3799438476562
809.4163208007812
785.2398071289062
760.7601318359375
738.1983642578125
717.551025390625
698.2994384765625
680.0654907226562
