1499.9981689453125
1209.2359619140625
1080.2061767578125
1052.096435546875
1031.035400390625
1010.1668701171875
991.51318359375
975.3602294921875
961.5817260742188
949.055908203125
936.8978271484375
925.561279296875
914.987060546875
905.532958984375
896.4257202148438
887.3117065429688
878.2020874023438
868.853515625
858.8701782226562
848.2288818359375
836.7691040039062
823.5964965820312
808.5455322265625
791.814453125
773.5833740234375
754.1583251953125
734.1190185546875
714.807373046875
696.1321411132812
677.5013427734375
659.3875122070312
641.2745361328125
100.0
99.98668670654297
99.99996948242188
100.0
100.0
100.0
100.0
616.0026245117188
589.0092163085938
568.9263916015625
550.8466796875
533.5389404296875
517.0230712890625
501.2352294921875
485.7396545410156
470.4598693847656
455.7790222167969
441.5339050292969
427.4516906738281
413.5085754394531
399.3055725097656
384.8795166015625
370.3457336425781
355.8646240234375
341.5509033203125
327.526123046875
313.771728515625
300.3658447265625
287.3966369628906
274.8992919921875
262.8525695800781
251.3032989501953
240.3739013671875
229.9855194091797
220.02195739746094
210.4213409423828
201.18861389160156
192.21400451660156
183.66323852539062
175.3616485595703
167.52955627441406
160.11061096191406
153.10531616210938
146.4861297607422
140.22396850585938
134.2610321044922
128.61553955078125
123.2493667602539
118.1408462524414
113.29515838623047
108.69140625
104.31470489501953
100.12113952636719
95.7333755493164
91.75584411621094
88.05445098876953
84.54754638671875
81.23241424560547
78.0921630859375
75.1155776977539
72.29203796386719
