1499.9998779296875
1500.0
1500.0
1500.0
1500.0
1500.0
1500.0
1500.0
1500.0
1500.0
1500.0
1500.0
1500.0
1500.0
1500.0
1500.0
1500.0
1500.0
1500.0
1500.0
1500.0
1499.9998779296875
1500.0
1500.0
1500.0
1500.0
1500.0
1500.0
1500.0
1500.0
1500.0
1500.0
99.99999237060547
100.0
100.0
100.0
100.0
100.0
1500.0
1499.9996337890625
1500.0
1500.0
1500.0
1500.0
1500.0
1476.6387939453125
1424.5313720703125
1374.5673828125
1325.1748046875
1275.69775390625
1226.20703125
1176.9168701171875
1127.9652099609375
1079.4732666015625
1031.6016845703125
984.645751953125
939.2813110351562
895.458740234375
853.94873046875
814.69873046875
777.453125
742.0101318359375
708.1817016601562
675.82373046875
644.8567504882812
615.2598266601562
587.0018310546875
559.96923828125
534.2925415039062
509.9048767089844
486.5990295410156
463.7424621582031
442.6436767578125
422.3060302734375
402.95367431640625
384.45751953125
366.92364501953125
350.2574462890625
334.42010498046875
319.3454284667969
304.9476318359375
290.9306335449219
278.1305236816406
265.7041320800781
254.01365661621094
242.9093017578125
232.37295532226562
222.38417053222656
212.8195037841797
203.6520233154297
195.0781707763672
186.89511108398438
179.12925720214844
