1499.9981689453125
1499.999755859375
1500.0
1500.0
1500.0
1500.0
1500.01123046875
1500.0
1500.0
1500.0
1500.0
1500.0
1500.0
1500.0
1500.0
1500.0
1500.0
1500.0
1500.0
1500.0
1500.0
1500.0
1500.0
1500.0
1500.0
1500.0
1500.0
1500.0
1500.0
1500.0
1500.0
1500.0
100.0
100.0
100.0
100.0
100.0
100.0
1500.0
1500.0
1500.0
1500.0
1500.0
1500.0
1500.0
1500.0
1500.0
1500.0
1500.0
1500.0
1500.0
1500.0
1500.0
1500.0
1500.0
1500.0
1500.0
1500.0
1500.0
1500.0
1500.0
1500.0
1500.0
1500.0
1500.0
1500.0
1500.0
1500.0
1500.0
1500.0
1500.0
1500.0
1500.0
1499.9998779296875
1500.0
1500.0
1500.0
1500.0
1499.999755859375
1500.0
1500.0
1500.0
1500.0
1500.0
1500.0
1500.0
1427.3409423828125
1335.3118896484375
1253.6885986328125
1215.0709228515625
1170.3892822265625
1129.57373046875
