1499.9996337890625
1500.0
1500.0
1500.0
1500.0
1500.0
1500.0
1500.0
1500.0
1500.0
1500.0
1500.0
1500.0
1500.0
1500.0
1500.0
1500.0
1500.0
1500.0
1500.0
1500.0
1500.0
1500.0
1500.0
1500.0
1500.0
1500.0
1500.0
1500.0
1500.0
1500.0
1500.0
100.0
100.0
99.99967956542969
100.0
100.0
100.0
100.0
1500.0
1500.0
1500.0
1500.0
1500.0
1500.0
1500.0
1500.0
1500.0
1500.0
1500.0
1500.0
1500.0
1500.0
1500.0
1500.0
1500.0
1500.0
1500.0
1463.4345703125
1409.1416015625
1358.0657958984375
1309.008544921875
1261.2772216796875
1215.5330810546875
1172.1875
1130.76416015625
1090.8765869140625
1052.466064453125
1016.9393310546875
982.9777221679688
950.6978759765625
920.4830932617188
892.84619140625
868.01171875
845.574951171875
824.4674072265625
803.68408203125
782.19873046875
760.9187622070312
740.3847045898438
722.7598876953125
706.7798461914062
688.985107421875
668.36865234375
646.8049926757812
624.8389282226562
603.162109375
587.0093383789062
572.6045532226562
550.3409423828125
524.0054321289062
500.6596984863281
473.6510009765625
443.1416931152344
