0.03704797849059105
0.039620254188776016
0.044080305844545364
0.04884566366672516
0.050903864204883575
0.051300764083862305
0.051447793841362
0.051575373858213425
0.05173344910144806
0.05195042863488197
0.052198294550180435
0.05242438614368439
0.05261508375406265
0.05281026288866997
0.05302952602505684
0.053276531398296356
0.05352909117937088
0.05376427620649338
0.05399230122566223
0.054237160831689835
0.05454370379447937
0.054933641105890274
0.055427469313144684
0.05598700791597366
0.0566166415810585
0.05731479451060295
0.058073218911886215
0.05889641121029854
0.05978120118379593
0.060713157057762146
0.06169341877102852
0.06274252384901047
0.0036817120853811502
0.00348666007630527
0.003453973913565278
0.0034462655894458294
0.003447299124673009
0.0034517578314989805
0.059624720364809036
0.06160064786672592
0.06292213499546051
0.06418845802545547
0.0655280202627182
0.06699065119028091
0.06858304888010025
0.07029849290847778
0.07211510092020035
0.07401668280363083
0.07601029425859451
0.07812993228435516
0.08029919862747192
0.08223471790552139
0.08405414968729019
0.08592086285352707
0.08773323893547058
0.08929485827684402
0.09083819389343262
0.09238109737634659
0.0938616544008255
0.09524857252836227
0.09654976427555084
0.09792331606149673
0.10000567883253098
0.10184385627508163
0.10360928624868393
0.10531256347894669
0.10697273164987564
0.10865629464387894
0.11033235490322113
0.1119936928153038
0.11359713971614838
0.11515326797962189
0.11662574857473373
0.11808200925588608
0.1196121871471405
0.12103511393070221
0.12225420027971268
0.12319327890872955
0.12409374862909317
0.12505392730236053
0.12337727099657059
0.119524285197258
0.11597616970539093
0.11260365694761276
0.10935214906930923
0.1062258929014206
0.10325179249048233
0.1003534197807312
0.0975717157125473
0.09491586685180664
0.09235471487045288
0.08985064178705215
