0.11359519511461258
0.12630662322044373
0.14441272616386414
0.14963485300540924
0.15091948211193085
0.15143825113773346
0.15201818943023682
0.15265046060085297
0.1534319818019867
0.15418773889541626
0.1547130048274994
0.15529292821884155
0.1558733582496643
0.15642660856246948
0.15699554979801178
0.15759941935539246
0.15820007026195526
0.15878449380397797
0.15932534635066986
0.15992489457130432
0.16070058941841125
0.16174814105033875
0.16292788088321686
0.1641623079776764
0.16542741656303406
0.16678981482982635
0.16835422813892365
0.17025765776634216
0.172426238656044
0.1747656613588333
0.177240788936615
0.17989742755889893
0.010613986290991306
0.0086834616959095
0.008379793725907803
0.008289643563330173
0.008248122408986092
0.008220802061259747
0.1606004387140274
0.17381632328033447
0.18135187029838562
0.1872747391462326
0.1927722692489624
0.19831298291683197
0.20411385595798492
0.21255134046077728
0.2220119833946228
0.23210589587688446
0.24231493473052979
0.2528958320617676
0.2639017105102539
0.26425957679748535
0.25905635952949524
0.2538728415966034
0.24869589507579803
0.24318359792232513
0.23754483461380005
0.23182272911071777
0.22609485685825348
0.22046533226966858
0.21493056416511536
0.209421768784523
0.20394818484783173
0.19840607047080994
0.19280503690242767
0.1873864233493805
0.18212339282035828
0.1770297884941101
0.1720455437898636
0.1671467125415802
0.1623021960258484
0.1575646847486496
0.15290378034114838
0.14829255640506744
0.14374737441539764
0.13925312459468842
0.13487136363983154
0.13067060708999634
0.12674874067306519
0.12394899874925613
0.12260978668928146
0.12201026827096939
0.12211153656244278
0.12267981469631195
0.12356232851743698
0.12462927401065826
0.12581445276737213
0.1270146518945694
0.1282435953617096
0.1295318752527237
0.13074879348278046
0.13171693682670593
