7.0754008293151855
8.509647369384766
11.195921897888184
14.867388725280762
15.979598999023438
15.757674217224121
15.806526184082031
16.697372436523438
17.07231330871582
16.853307723999023
16.538480758666992
16.327394485473633
16.292787551879883
16.41368865966797
16.67116928100586
17.071352005004883
17.61821174621582
18.307369232177734
19.111928939819336
20.078617095947266
21.19767951965332
22.529441833496094
24.192358016967773
26.277252197265625
28.804454803466797
31.801193237304688
35.237083435058594
39.2966423034668
44.13652420043945
49.21393585205078
54.5314826965332
60.59771728515625
0.5692021250724792
1.5059341192245483
1.0409841537475586
1.032986044883728
1.0484964847564697
1.064801812171936
23.640817642211914
36.426788330078125
73.8742446899414
97.8298110961914
110.83283233642578
126.52318572998047
142.04518127441406
158.0702667236328
174.91209411621094
192.0649871826172
209.39833068847656
226.9656524658203
244.75323486328125
254.75164794921875
265.64093017578125
276.6566162109375
287.4488525390625
297.6177978515625
306.9185485839844
315.48187255859375
323.43487548828125
330.9852600097656
338.1132507324219
344.9378356933594
351.11968994140625
356.96856689453125
362.1033020019531
366.8125305175781
371.2088623046875
375.2615661621094
379.0057373046875
382.5247497558594
385.46881103515625
388.0002136230469
390.3480529785156
392.5252685546875
394.40435791015625
395.91064453125
396.9713134765625
397.64324951171875
398.0848388671875
398.3302917480469
398.362060546875
398.1687316894531
397.77642822265625
397.2685852050781
396.67657470703125
396.03826904296875
395.48394775390625
395.00830078125
394.45672607421875
393.89306640625
393.33807373046875
392.78643798828125
