9.223641395568848
13.517036437988281
11.046751022338867
8.98121166229248
8.034268379211426
7.597870349884033
7.35134220123291
7.211600303649902
7.127893447875977
7.037333011627197
6.965478420257568
6.9107866287231445
6.875242710113525
6.852945327758789
6.836029529571533
6.803747177124023
6.746781349182129
6.697353839874268
6.663127422332764
6.649075984954834
6.657460689544678
6.6886067390441895
6.733187675476074
6.778343200683594
6.842785835266113
6.9305830001831055
7.039053916931152
7.170499801635742
7.32586669921875
7.505038738250732
7.706684589385986
7.9362945556640625
0.4851619601249695
0.42016923427581787
0.39065998792648315
0.3864196538925171
0.39232873916625977
0.40055397152900696
9.555294036865234
10.078727722167969
10.395429611206055
10.790518760681152
11.229914665222168
11.7242431640625
12.273835182189941
12.870405197143555
13.518994331359863
14.204535484313965
14.96096134185791
15.78795051574707
16.678184509277344
17.623088836669922
18.611833572387695
19.6319580078125
20.645353317260742
21.640117645263672
22.616823196411133
23.59479331970215
24.55699348449707
25.601293563842773
26.565176010131836
27.4614315032959
28.293718338012695
29.062124252319336
29.77121353149414
30.4189510345459
31.006731033325195
31.5394344329834
32.03047561645508
32.49174880981445
32.92142105102539
33.318809509277344
33.69169235229492
34.04011535644531
34.36412048339844
34.67386245727539
34.98134994506836
35.29275131225586
35.60541915893555
35.90876770019531
36.196956634521484
36.4629020690918
36.70285415649414
36.91718292236328
37.10622024536133
37.27157974243164
37.43987274169922
37.61787414550781
37.77145004272461
37.909420013427734
38.03782653808594
38.1602897644043
