0.03788585960865021
0.04007468372583389
0.04366636276245117
0.04781518131494522
0.051320578902959824
0.05245325714349747
0.05277897045016289
0.05304298922419548
0.05337843671441078
0.05367426574230194
0.05394112318754196
0.05418577790260315
0.05438818410038948
0.05461449921131134
0.054832104593515396
0.0550462044775486
0.055260106921195984
0.05546766519546509
0.05567324161529541
0.05588187649846077
0.05610176920890808
0.056351080536842346
0.0566323958337307
0.05696629360318184
0.0573708601295948
0.05784258618950844
0.05834977701306343
0.058903131633996964
0.05951320007443428
0.060178376734256744
0.06090854853391647
0.06169811263680458
0.0037889007944613695
0.0035922732204198837
0.003480091691017151
0.0034024156630039215
0.0033472171053290367
0.003306715050712228
0.05610160157084465
0.05908399820327759
0.06101922690868378
0.06250271946191788
0.06380634009838104
0.06500288099050522
0.06614292412996292
0.06725751608610153
0.06836733222007751
0.06948966532945633
0.07063276320695877
0.07179225236177444
0.07296158373355865
0.07413507997989655
0.07530274987220764
0.07648836821317673
0.07771962881088257
0.07898609340190887
0.0803053230047226
0.0815502405166626
0.08275594562292099
0.08400551974773407
0.08532042801380157
0.08664719015359879
0.08803562074899673
0.0894121304154396
0.09063693135976791
0.09166377782821655
0.09258382022380829
0.09347590804100037
0.0943574607372284
0.09513330459594727
0.09582430869340897
0.09649692475795746
0.09733624011278152
0.09823964536190033
0.0990874394774437
0.0998903214931488
0.10059697180986404
0.10142223536968231
0.10253582149744034
0.10356087982654572
0.10436798632144928
0.1049472838640213
0.10566386580467224
0.10598307102918625
0.10305221378803253
0.10031550377607346
0.09766131639480591
0.09500604122877121
0.09235072135925293
0.08965377509593964
0.0870564803481102
0.08463285118341446
