0.044224828481674194
0.057316891849040985
0.060803599655628204
0.06044970080256462
0.06061272695660591
0.06069079786539078
0.060679320245981216
0.060722220689058304
0.06088603287935257
0.06119756028056145
0.06158826872706413
0.061986327171325684
0.06235821545124054
0.06266609579324722
0.06291751563549042
0.06316245347261429
0.06342936307191849
0.06371914595365524
0.06404311954975128
0.06406907737255096
0.06351793557405472
0.06305984407663345
0.06265544891357422
0.06226590275764465
0.06187225878238678
0.06145969778299332
0.06103237345814705
0.06058953329920769
0.060136791318655014
0.05967096611857414
0.059187497943639755
0.058683011680841446
0.003706816118210554
0.002885653870180249
0.0028439986053854227
0.0028214738704264164
0.0028098649345338345
0.0028058907482773066
0.062475431710481644
0.06273362040519714
0.05942607671022415
0.057605892419815063
0.056353431195020676
0.05535421147942543
0.05447261035442352
0.05363671854138374
0.05264229699969292
0.051561933010816574
0.05047859996557236
0.04936155304312706
0.04822526127099991
0.047064799815416336
0.0458807647228241
0.04466284066438675
0.043413788080215454
0.042171988636255264
0.04095078259706497
0.03981992229819298
0.03878782317042351
0.03783157840371132
0.036911286413669586
0.03599691390991211
0.03507683053612709
0.0341486781835556
0.033224575221538544
0.03229251503944397
0.03135745972394943
0.030427902936935425
0.0295044407248497
0.028577297925949097
0.027629053220152855
0.02670367993414402
0.025813158601522446
0.024979649111628532
0.024196473881602287
0.02345091663300991
0.02273293398320675
0.0220449510961771
0.021383026614785194
0.020744508132338524
0.02013133279979229
0.01954190991818905
0.01896458864212036
0.018408294767141342
0.017875242978334427
0.01736673340201378
0.016881627961993217
0.016419533640146255
0.015982577577233315
0.015566200949251652
0.01516573317348957
0.014779321849346161
