0.025256164371967316
0.028621820732951164
0.03296520933508873
0.03344898298382759
0.03373454883694649
0.03396115452051163
0.03423848748207092
0.034442052245140076
0.03457723185420036
0.03472829982638359
0.034895095974206924
0.03507746756076813
0.035269830375909805
0.03549528867006302
0.0357479453086853
0.03596310690045357
0.036159902811050415
0.03636800870299339
0.036599911749362946
0.036899860948324203
0.03727911785244942
0.03773623704910278
0.03824916109442711
0.03880994766950607
0.03941258788108826
0.04005743935704231
0.0407617911696434
0.04152452573180199
0.04232902452349663
0.04316636547446251
0.04404158890247345
0.04496163874864578
0.0026377856265753508
0.002593116369098425
0.002559003420174122
0.0025168785359710455
0.0024798789527267218
0.002448712708428502
0.041847843676805496
0.044004399329423904
0.045468442142009735
0.046673230826854706
0.04780656099319458
0.04895425960421562
0.05016894266009331
0.05147535726428032
0.052874933928251266
0.054379332810640335
0.05597378686070442
0.05719362944364548
0.05845337733626366
0.05969037488102913
0.06090722978115082
0.06204390898346901
0.06314674764871597
0.06425037980079651
0.06530048698186874
0.0662907287478447
0.06722971796989441
0.0681256428360939
0.06897039711475372
0.06977584213018417
0.07055225968360901
0.0713554248213768
0.07212986052036285
0.0706150084733963
0.06829984486103058
0.06612897664308548
0.06405367702245712
0.06204032525420189
0.06008509173989296
0.05818454176187515
0.05632377043366432
0.054490379989147186
0.052686646580696106
0.050911977887153625
0.04916142672300339
0.04743468761444092
0.0457584448158741
0.044113483279943466
0.04248965531587601
0.04109014570713043
0.039827097207307816
0.03865343704819679
0.03756258264183998
0.03654652461409569
0.03560299426317215
0.03471346199512482
0.03386181965470314
0.0330316387116909
0.03222453221678734
0.031438298523426056
