0.008022326976060867
0.009134047664701939
0.010992757976055145
0.011357656680047512
0.011458841152489185
0.011549355462193489
0.011640886776149273
0.011723538860678673
0.011798182502388954
0.01185962650924921
0.011908955872058868
0.01198691688477993
0.012073801830410957
0.012153915129601955
0.012239010073244572
0.012341966852545738
0.012448187917470932
0.012567630037665367
0.01272338256239891
0.012920512817800045
0.013142677024006844
0.013384931720793247
0.013642323203384876
0.013914789073169231
0.014203009195625782
0.014501899480819702
0.01480813417583704
0.015082942321896553
0.015379210002720356
0.01569005288183689
0.016016263514757156
0.016358688473701477
0.0009687524288892746
0.0009518961305730045
0.0009458043496124446
0.0009407372563146055
0.0009369277395308018
0.0009343816782347858
0.016350029036402702
0.016800429672002792
0.017105963081121445
0.01743880845606327
0.017815496772527695
0.01823614537715912
0.01869715377688408
0.019191132858395576
0.019727900624275208
0.020317167043685913
0.020955035462975502
0.021550023928284645
0.02203095704317093
0.022524429485201836
0.023034440353512764
0.02356395497918129
0.024103740230202675
0.02464444190263748
0.025189805775880814
0.02573232911527157
0.026267636567354202
0.02678154781460762
0.02726532146334648
0.027729971334338188
0.02817862294614315
0.02861330658197403
0.029034972190856934
0.029443657025694847
0.029840653762221336
0.030225493013858795
0.030609607696533203
0.030958663672208786
0.03129507973790169
0.03162221983075142
0.03192543610930443
0.03220793232321739
0.03247233107686043
0.03272250294685364
0.032966867089271545
0.03319749981164932
0.03342227265238762
0.03364253416657448
0.03386208042502403
0.03320439159870148
0.03225059062242508
0.031345661729574203
0.03047475591301918
0.029633747413754463
0.02882000058889389
0.028035059571266174
0.027278399094939232
0.02654937095940113
0.02584710717201233
0.02517022006213665
