1499.9998779296875
1500.0
1500.0
1500.0
1500.0
1500.0
1500.0
1500.0
1500.0
1500.0
1500.0
1500.0
1500.0
1500.0
1500.0
1500.0
1500.0
1500.0
1500.0
1500.0
1500.0
1500.0
1500.0
1500.0
1500.0
1500.0
1500.0
1500.0
1500.0
1500.0
1500.0
1500.0
100.00704193115234
100.0
100.0
100.0
100.0
100.0
1500.0
1500.0
1500.0
1500.0
1500.0
1500.0
1500.0
1500.0
1500.0
1500.0
1500.0
1500.0
1500.0
1500.0
1500.0
1500.0
1500.0
1500.0
1500.0
1500.0
1500.0
1500.0
1500.0
1500.0
1500.0
1500.0
1500.0
1456.6962890625
1398.525634765625
1344.2962646484375
1292.668212890625
1243.1920166015625
1195.6416015625
1149.92578125
1105.9522705078125
1063.6297607421875
1022.9000244140625
983.4762573242188
945.2576904296875
908.857666015625
873.8510131835938
840.2688598632812
808.056396484375
777.14404296875
747.4544677734375
718.8651733398438
691.3680419921875
664.9920654296875
639.7330932617188
615.4664916992188
592.118408203125
569.8638916015625
548.6449584960938
527.4508056640625
