1499.9996337890625
1500.0
1500.0
1500.0
1499.9998779296875
1500.0
1500.0
1500.0
1500.0
1500.0
1500.0
1499.9998779296875
1500.0
1500.0
1500.0
1500.0
1500.0
1500.0
1500.0
1500.0
1500.0
1500.0
1500.0
1500.0
1500.0
1500.0
1500.0
1500.0
1500.0
1500.0
1500.0
1500.0
100.0
100.0
100.0
100.0
100.0
100.0
1500.0
1500.0
1500.0
1394.322509765625
1330.9490966796875
1288.068115234375
1253.21044921875
1220.2855224609375
1187.7359619140625
1155.4085693359375
1122.756591796875
1089.5191650390625
1055.8753662109375
1021.7817993164062
987.3995361328125
952.786865234375
918.22998046875
883.9137573242188
849.8658447265625
816.20263671875
783.0995483398438
750.7078247070312
719.186767578125
688.6962890625
659.3513793945312
631.08935546875
603.9585571289062
577.9002075195312
552.7141723632812
528.5264282226562
505.3037109375
483.036376953125
461.7108154296875
441.3259582519531
421.8494873046875
403.2974853515625
385.6861267089844
368.9441833496094
353.0297546386719
337.9159851074219
323.552978515625
309.9045104980469
296.93377685546875
284.5021667480469
272.7810974121094
261.6500549316406
251.0283203125
240.9573211669922
231.38455200195312
221.97279357910156
212.72508239746094
204.50352478027344
196.77146911621094
189.35910034179688
