1499.999755859375
1500.0
1500.0
1500.0
1500.0
1500.0
1499.9998779296875
1500.0
1500.0
1500.0
1500.0
1500.0
1500.0
1500.0
1500.0
1500.0
1500.0
1500.0
1500.0
1500.0
1500.0
1500.0
1500.0
1500.0
1500.0
1500.0
1500.0
1500.0
1500.0
1500.0
1500.0
1500.0
100.0
100.0
100.0
100.0
100.0
100.0
1500.0147705078125
1500.0
1500.0
1500.0
1500.0
1500.0
1500.0
1500.0
1500.0
1476.4459228515625
1448.01171875
1421.7283935546875
1394.528564453125
1366.82470703125
1338.650146484375
1309.3974609375
1278.33056640625
1246.680908203125
1214.64453125
1182.6197509765625
1151.1640625
1119.769287109375
1088.4254150390625
1057.5509033203125
1027.1314697265625
997.1387329101562
967.4816284179688
938.0901489257812
908.94384765625
880.1913452148438
851.9690551757812
824.341796875
797.31982421875
770.93212890625
745.2421875
720.2825317382812
696.0808715820312
672.6730346679688
650.1279296875
628.4317626953125
607.5584106445312
587.4249267578125
567.9903564453125
549.2296752929688
531.1348266601562
513.5936889648438
496.65673828125
480.31475830078125
464.5339660644531
449.31201171875
434.6356201171875
420.45806884765625
406.7257995605469
393.54107666015625
