1500.0
1499.9996337890625
1214.734375
1005.0235595703125
957.6473388671875
932.1486206054688
908.4674072265625
886.0187377929688
864.578125
844.3262329101562
821.8436889648438
798.4854736328125
779.7305297851562
763.7444458007812
748.6441040039062
734.0966796875
719.4972534179688
704.3070068359375
688.8427734375
674.2550048828125
661.8507690429688
650.9675903320312
639.2362060546875
627.194580078125
615.4769897460938
604.106689453125
592.9472045898438
581.5391845703125
569.8840942382812
558.4041748046875
548.0391845703125
539.6024780273438
100.0
100.0
100.0
100.0
100.0
100.0
899.4064331054688
653.8077392578125
573.1876831054688
521.7564697265625
496.14947509765625
482.89935302734375
474.0902404785156
466.96258544921875
459.603271484375
451.1477355957031
442.3565673828125
432.7532958984375
422.47186279296875
411.416259765625
399.37713623046875
386.9045715332031
375.47882080078125
367.5616455078125
359.450439453125
351.51885986328125
343.7532958984375
336.6714782714844
329.7593994140625
323.1821594238281
316.8501892089844
310.638427734375
304.9511413574219
299.443359375
293.880615234375
288.2542724609375
282.6245422363281
277.0124816894531
271.4235534667969
265.8517761230469
260.29986572265625
254.7865753173828
249.3275146484375
243.8888397216797
238.47003173828125
233.08775329589844
227.7578582763672
222.49974060058594
217.3287353515625
212.2803497314453
207.3444061279297
202.5198974609375
197.8044891357422
193.19337463378906
188.6886749267578
184.28936767578125
179.98165893554688
175.78321838378906
171.68824768066406
167.69671630859375
