1499.9998779296875
1500.0
1500.001953125
1500.0
1500.0
1500.0
1500.0
1500.0
1500.0
1500.0
1500.0
1500.0
1500.0
1500.0
1500.0
1500.0
1500.0
1500.0
1500.0
1500.0
1500.0
1500.0
1500.0
1500.0
1500.0
1500.0
1500.0
1500.0
1500.0
1500.0
1500.0
1500.0
100.0
100.0
100.0
100.0
100.0
100.0
1499.999755859375
1499.99658203125
1500.0
1500.0
1500.0
1500.0
1500.0
1500.0
1500.0
1500.0
1500.0
1500.0
1500.0
1500.0
1500.0
1500.0
1500.0
1500.0
1500.0
1500.0
1500.0
1500.0
1500.0
1500.0
1500.0
1500.0
1500.0
1500.0
1500.0
1500.0
1500.0
1500.0
1500.0
1500.0
1500.0
1486.250732421875
1433.2806396484375
1382.090087890625
1331.8702392578125
1284.7332763671875
1240.94091796875
1198.9842529296875
1158.15771484375
1118.2012939453125
1079.0281982421875
1042.42333984375
1010.4514770507812
980.06982421875
950.4259033203125
921.6927490234375
894.3097534179688
867.8497314453125
842.257568359375
814.972412109375
