1500.0
1500.0
1500.02490234375
1500.0
1500.0
1500.0
1500.0
1500.0
1500.0
1499.9998779296875
1500.0
1500.0
1500.0
1500.0
1500.0
1500.0
1500.0
1500.0
1500.0
1500.0
1500.0
1500.0
1500.0
1500.0
1500.0
1500.0
1500.0
1500.0
1500.0
1500.0
1499.9998779296875
1500.0
100.0
100.0
100.0
100.0
100.0
100.0
1497.584716796875
1500.0
1499.999755859375
1427.4017333984375
1282.571044921875
1162.09521484375
1061.998291015625
975.7391357421875
919.3124389648438
877.8602905273438
844.6690063476562
812.3696899414062
783.386474609375
760.5432739257812
738.5098876953125
716.8746337890625
695.4056396484375
673.7727661132812
652.1079711914062
632.3504028320312
612.5812377929688
592.7166137695312
572.9005126953125
553.5939331054688
535.1538696289062
517.7515869140625
501.281982421875
485.5697021484375
470.39166259765625
455.64556884765625
441.28045654296875
427.25115966796875
413.47613525390625
399.85943603515625
386.4659118652344
373.56988525390625
361.5076599121094
349.8498840332031
338.712158203125
328.07794189453125
317.9452819824219
308.286865234375
298.98333740234375
290.1084899902344
281.64990234375
273.50189208984375
265.636474609375
258.090087890625
250.86480712890625
243.95327758789062
237.3668212890625
231.07826232910156
225.09817504882812
219.4263458251953
