1500.0
1500.0
1500.0245361328125
1500.0
1500.0
1500.0
1500.0
1500.0
1500.0
1500.0
1500.0
1500.0
1500.0
1500.0
1500.0
1500.0
1500.0
1500.0
1500.0
1500.0
1500.0
1500.0
1500.0
1500.0
1500.0
1500.0
1500.0
1500.0
1500.0
1500.0
1500.0
1500.0
99.99967956542969
100.0
100.0
100.0
100.0
100.0
1500.0
1499.9998779296875
1500.0
1500.0
1418.3082275390625
1300.466064453125
1192.974609375
1098.8555908203125
1017.5130004882812
942.9334106445312
898.356201171875
857.41357421875
822.5369873046875
793.9843139648438
765.4224243164062
737.7244873046875
715.1250610351562
692.9152221679688
671.3269653320312
649.7665405273438
628.27294921875
607.1590576171875
587.654541015625
568.4732055664062
550.1677856445312
532.8137817382812
515.8253173828125
499.1524353027344
482.93243408203125
467.1352233886719
451.61444091796875
436.2799072265625
421.1888427734375
406.5672607421875
392.5718078613281
379.4535217285156
367.35272216796875
355.7171936035156
344.5935974121094
333.986328125
323.86114501953125
314.28790283203125
305.0820007324219
296.2349853515625
287.7132873535156
279.5705871582031
271.8335876464844
264.4544982910156
257.41827392578125
250.70127868652344
244.31387329101562
238.22377014160156
232.4365692138672
226.93670654296875
