1499.9998779296875
1500.0
1500.0
1500.0
1500.0
1500.0
1500.0
1500.0
1500.0
1500.0
1500.0
1500.0
1500.0
1500.0
1500.0
1500.0
1500.0
1500.0
1500.0
1500.0
1500.0
1500.0
1500.0
1500.0
1500.0
1500.0
1500.0
1500.0
1500.0
1500.0
1500.0
1500.0
100.0700912475586
100.0
100.0
100.0
100.0
100.0
1500.0
1500.0
1500.0
1500.0
1500.0
1500.0
1500.0
1500.0
1500.0
1500.0
1500.0
1500.0
1500.0
1500.0
1500.0
1500.0
1500.0
1500.0
1500.0
1500.0
1500.0
1500.0
1500.0
1500.0
1500.0
1454.3822021484375
1393.534423828125
1335.8868408203125
1280.473388671875
1227.0960693359375
1175.6715087890625
1126.1417236328125
1078.535400390625
1032.6947021484375
988.7017211914062
946.4795532226562
905.9714965820312
867.0057373046875
829.7352294921875
794.1595458984375
760.2322998046875
727.4114990234375
696.2183837890625
666.6177368164062
638.2388305664062
610.6983642578125
583.9513549804688
559.68017578125
536.1875610351562
513.7820434570312
492.4455871582031
472.03448486328125
452.6539611816406
434.13079833984375
