1427.67333984375
1104.68701171875
871.6055297851562
736.1534423828125
662.3233032226562
633.488037109375
615.5073852539062
598.7877807617188
582.529052734375
566.577880859375
551.2340698242188
536.1017456054688
520.6760864257812
505.2263488769531
490.0679931640625
475.08709716796875
460.405517578125
445.3027648925781
430.66473388671875
418.89044189453125
409.13958740234375
399.2581481933594
389.0484924316406
378.37054443359375
367.1007995605469
355.4258728027344
344.96533203125
334.9336853027344
324.7925720214844
314.6179504394531
304.8985290527344
296.0395202636719
100.0
100.0
100.0
100.0
100.0
100.0
413.38134765625
301.0201110839844
280.2099304199219
269.2503967285156
260.5521240234375
254.8033905029297
250.74636840820312
247.75962829589844
245.43605041503906
243.3363494873047
241.3157196044922
239.2662811279297
237.11233520507812
234.82135009765625
232.40301513671875
229.85525512695312
227.18954467773438
224.3805694580078
221.55906677246094
218.6320037841797
215.65646362304688
212.6145477294922
209.5752716064453
206.53550720214844
203.51597595214844
200.5533447265625
197.62733459472656
194.70806884765625
191.73342895507812
188.71017456054688
185.60350036621094
182.35391235351562
179.0368194580078
175.72311401367188
172.3652801513672
168.89785766601562
165.3649444580078
161.82928466796875
158.3053436279297
154.8001708984375
151.32614135742188
147.93124389648438
144.59767150878906
141.32835388183594
138.21640014648438
135.1298065185547
132.086181640625
129.1005401611328
126.19246673583984
123.35935974121094
120.5965805053711
117.92107391357422
115.34321594238281
112.84677124023438
