1500.0
1499.9998779296875
1500.0
1500.0
1500.0
1500.0
1500.0
1500.0
1500.0
1500.0
1500.0
1500.0
1500.0
1500.0
1500.0
1500.0
1500.0
1500.0
1500.0
1499.9998779296875
1500.0
1500.0
1500.0
1500.0
1500.0
1500.0
1500.0
1500.0
1500.0
1500.0
1500.0
1500.0
100.0
100.0
100.0
100.0
100.0
100.0
1500.0
1500.0
1500.0
1500.0
1500.0
1500.0
1500.0
1500.0
1500.0
1500.0
1500.0
1500.0
1500.0
1500.0
1500.0
1500.0
1456.9046630859375
1356.1756591796875
1259.1483154296875
1186.5706787109375
1112.76708984375
1035.177001953125
952.7310180664062
865.2723999023438
779.7806396484375
690.9827880859375
598.2781982421875
521.6237182617188
490.928955078125
461.6745910644531
436.3173522949219
413.14398193359375
390.9114685058594
370.2515869140625
350.6030578613281
333.5421447753906
320.0604248046875
306.31268310546875
292.23077392578125
278.4145202636719
265.2330627441406
252.65415954589844
240.9409942626953
230.2061309814453
220.23965454101562
211.09078979492188
202.67672729492188
194.7386474609375
187.08448791503906
179.7882537841797
174.19264221191406
169.72862243652344
165.73130798339844
161.9154510498047
