1499.9996337890625
1500.0
1500.0
1500.0
1500.0
1500.0
1500.0
1500.0
1500.0
1500.0
1500.0
1500.0
1500.0
1500.0
1500.0
1500.0
1500.0
1500.0
1500.0
1500.0
1500.0
1500.0
1500.0
1500.0
1500.0
1500.0
1500.0
1500.0
1500.0
1500.0
1500.0
1500.0
99.99999237060547
100.0
100.0
100.0
100.0
100.0
1500.0
1500.0
1474.2442626953125
1371.2239990234375
1314.43994140625
1274.2196044921875
1239.6571044921875
1207.1783447265625
1175.0726318359375
1142.0633544921875
1108.4537353515625
1074.34912109375
1039.7735595703125
1004.8646850585938
969.5142211914062
933.97900390625
898.5507202148438
863.455078125
828.7677001953125
794.6240234375
761.1734008789062
728.5448608398438
696.9071044921875
666.4712524414062
637.3209228515625
609.4398193359375
582.7800903320312
557.2576293945312
532.692626953125
509.1511535644531
486.63134765625
465.104736328125
444.5576171875
424.969970703125
406.2683410644531
388.4535217285156
371.5666809082031
355.58538818359375
340.4293212890625
325.9579772949219
312.1257629394531
299.0828857421875
286.6832580566406
274.8795166015625
263.1666564941406
251.9228973388672
241.8407440185547
232.17051696777344
222.90042114257812
214.10650634765625
205.6147918701172
197.53744506835938
189.93504333496094
182.67874145507812
