1352.2144775390625
1009.459228515625
801.349853515625
692.9688110351562
646.179931640625
623.0587158203125
604.2720336914062
586.486083984375
569.123779296875
551.6054077148438
534.3731689453125
519.2307739257812
504.5838317871094
490.3559265136719
475.95245361328125
460.974853515625
445.539794921875
430.28033447265625
414.549072265625
398.4709777832031
382.22894287109375
366.1261901855469
351.9344787597656
340.0032043457031
328.08795166015625
316.4383239746094
304.9756774902344
294.5482482910156
284.4983825683594
275.6240539550781
270.72222900390625
266.1623229980469
100.0
100.0
99.99993133544922
100.0
100.0
100.0
343.6713562011719
264.8229064941406
246.24513244628906
241.31204223632812
239.34327697753906
237.6768798828125
235.46334838867188
232.8105926513672
229.88369750976562
226.8701629638672
223.7957305908203
220.61639404296875
217.2884063720703
213.7670440673828
210.13185119628906
206.48507690429688
202.88092041015625
199.2563934326172
195.6092529296875
191.87586975097656
188.0822296142578
184.26394653320312
180.5809783935547
176.9587860107422
173.2621612548828
169.42831420898438
165.44351196289062
161.31552124023438
157.08441162109375
152.87649536132812
148.7354736328125
144.71981811523438
140.89930725097656
137.34666442871094
133.8469696044922
130.40525817871094
127.01786041259766
123.66841888427734
120.36231994628906
117.11404418945312
113.93917846679688
110.85546875
107.88365936279297
105.02570343017578
102.2977294921875
99.69449615478516
97.21863555908203
94.85603332519531
92.60266876220703
90.45532989501953
88.4071273803711
86.45350646972656
84.60245513916016
82.84608459472656
