1499.999755859375
1500.0426025390625
1500.0
1500.0
1500.0
1500.0
1500.0
1500.0
1500.0
1500.0
1500.0
1500.0
1500.0
1500.0
1500.0
1500.0
1499.9996337890625
1500.0
1500.0
1500.0
1500.0
1500.0
1500.0
1500.0
1500.0
1500.0
1500.0
1500.0
1500.0
1500.0
1500.0
1500.0
100.0
100.0
100.0
100.0
100.0
100.0
1500.0
1500.0
1500.0
1500.0
1500.0
1500.0
1486.234130859375
1450.2371826171875
1417.6558837890625
1385.66357421875
1353.7520751953125
1321.8204345703125
1289.86181640625
1257.635986328125
1225.1510009765625
1192.57763671875
1160.945068359375
1129.823974609375
1098.7496337890625
1067.6116943359375
1036.384521484375
1005.3505249023438
975.09228515625
945.7657470703125
916.743408203125
888.7486572265625
861.58447265625
835.0513305664062
809.0403442382812
783.4876708984375
758.357177734375
733.7785034179688
709.7904663085938
686.25634765625
663.3202514648438
641.3441162109375
620.3858032226562
600.3518676757812
581.1260986328125
562.604248046875
544.7362060546875
527.5685424804688
511.1128234863281
495.2782897949219
479.9178161621094
465.0286560058594
450.6377258300781
436.75054931640625
423.33892822265625
410.35205078125
397.695068359375
385.30291748046875
373.2071228027344
361.6761779785156
