1500.0
1500.0
1500.0
1500.0
1500.0
1500.0
1500.0
1500.0
1500.0
1500.0
1500.0
1500.0
1500.0
1500.0
1500.0
1500.0
1499.98779296875
1500.0
1500.0
1500.0
1500.0
1500.0
1500.0
1500.0
1500.0
1500.0
1500.0
1500.0
1500.0
1500.0
1500.0
1500.0
100.0
100.0
100.0
100.0
100.0
100.0
1500.0
1500.0
1500.0
1500.0
1500.0
1500.0
1500.0
1500.0
1500.0
1500.0
1500.0
1500.0
1500.0
1500.0
1500.0
1500.0
1500.0
1500.0
1443.921142578125
1344.7843017578125
1260.3321533203125
1193.37353515625
1122.295166015625
1048.26318359375
968.8591918945312
886.384521484375
807.7616577148438
726.0083618164062
639.8893432617188
552.5739135742188
504.7942810058594
474.7488098144531
446.9120788574219
422.1792297363281
400.19342041015625
379.7074279785156
359.8536682128906
340.6180419921875
326.2233581542969
313.1488037109375
299.9683532714844
286.8208312988281
273.8912353515625
261.32867431640625
249.25286865234375
238.4132537841797
228.2942657470703
218.82162475585938
209.99325561523438
201.74844360351562
193.8912353515625
186.30068969726562
179.2595672607422
173.78916931152344
