1500.0
1500.0
1500.0
1500.0
1500.0
1500.0
1500.0
1500.0
1500.0
1500.0
1500.0
1500.0
1500.0
1500.0
1500.0
1500.0
1500.0
1500.0
1500.0
1500.0
1500.0
1500.0
1500.0
1500.0
1500.0
1500.0
1500.0
1500.0
1500.0
1500.0
1500.0
1500.0
100.0
100.0
100.0
100.0
100.0
100.0
1500.0
1500.0
1499.9886474609375
1500.0
1500.0
1500.0
1500.0
1500.0
1500.0
1500.0
1500.0
1500.0
1500.0
1500.0
1500.0
1500.0
1500.0
1500.0
1500.0
1500.0
1500.0
1500.0
1500.0
1500.0
1500.0
1500.0
1500.0
1500.0
1500.0
1500.0
1500.0
1500.0
1464.7164306640625
1377.455322265625
1320.80224609375
1271.2266845703125
1220.9927978515625
1167.396240234375
1109.8372802734375
1061.5596923828125
1010.36328125
971.3650512695312
942.7310791015625
909.20849609375
869.8215942382812
826.8182373046875
782.1275024414062
736.43701171875
689.3339233398438
642.7993774414062
613.7734985351562
592.4990844726562
570.8050537109375
547.9556274414062
