1499.9998779296875
1500.0
1130.62646484375
969.8760375976562
931.82275390625
905.1912841796875
878.5292358398438
852.4259033203125
828.39697265625
803.0237426757812
777.4507446289062
757.0748901367188
738.5838012695312
720.7224731445312
705.9816284179688
690.9344482421875
675.5988159179688
661.611572265625
648.4820556640625
634.0364990234375
619.4310913085938
605.300537109375
595.494873046875
587.248046875
579.2933349609375
571.4466552734375
562.805908203125
553.90576171875
544.935791015625
535.52001953125
525.8040161132812
515.7780151367188
100.0
100.0
100.0
100.0
100.0
100.0
826.2479248046875
598.7510986328125
520.1044311523438
468.90667724609375
440.027099609375
421.1247253417969
406.9129943847656
394.4732360839844
386.3822937011719
379.0904235839844
371.4173583984375
363.5582580566406
355.9617614746094
348.2669677734375
340.2320251464844
332.122314453125
324.3349609375
316.8974609375
308.8794860839844
300.57696533203125
293.59674072265625
286.7452392578125
279.95941162109375
273.1759338378906
266.37054443359375
259.5626220703125
252.76707458496094
245.9809112548828
239.22544860839844
232.50843811035156
225.85333251953125
219.28419494628906
212.85504150390625
206.61180114746094
200.53271484375
194.6210479736328
188.8782501220703
183.4893035888672
180.9013214111328
178.3077392578125
173.2271728515625
168.3511962890625
163.64828491210938
159.10501098632812
154.7383270263672
150.53053283691406
146.48362731933594
142.62442016601562
138.93450927734375
135.38267517089844
131.9666290283203
128.68605041503906
125.53567504882812
122.50904083251953
119.60635375976562
