1500.0
1500.0
1500.0
1500.0
1500.0
1500.0
1500.0
1500.0
1500.0
1500.0
1500.0
1500.0
1500.0
1500.0
1500.0
1500.0
1500.0
1500.0
1500.0
1500.0
1500.0
1500.0
1500.0
1500.0
1500.0
1500.0
1500.0
1500.0
1500.0
1500.0
1500.0
1500.0
100.0
100.0
100.0
100.0
100.0
100.0
1500.0
1499.9998779296875
1500.0
1500.0
1500.0
1500.0
1500.0
1500.0
1500.0
1500.0
1500.0
1500.0
1500.0
1500.0
1500.0
1500.0
1500.0
1500.0
1475.712158203125
1411.38671875
1346.974853515625
1283.6214599609375
1220.9444580078125
1159.4132080078125
1099.5267333984375
1042.1729736328125
986.8889770507812
933.8356323242188
882.9379272460938
837.9076538085938
801.403564453125
767.1563720703125
733.9140014648438
701.628173828125
670.4183959960938
640.8881225585938
613.8704223632812
587.7850341796875
562.38720703125
538.7484130859375
518.1746215820312
498.4471435546875
478.9213562011719
458.91497802734375
440.28753662109375
422.3494567871094
404.6204528808594
387.04693603515625
370.4338684082031
354.5061950683594
341.1456604003906
329.1576843261719
317.6021423339844
305.6749267578125
