1499.9998779296875
1499.9998779296875
1499.9998779296875
1500.0
1500.0
1500.0
1500.0
1500.0
1500.0
1500.0
1500.0
1500.0
1500.0
1500.0
1500.0
1500.0
1500.0
1500.0
1500.0
1500.0
1500.0
1500.0
1500.0
1500.0
1500.0
1500.0
1500.0
1500.0
1500.0
1500.0
1500.0
1500.0
99.9990463256836
100.0
100.0
100.0
100.0
100.0
1500.0
1500.0
1500.0
1500.0
1481.6419677734375
1440.2003173828125
1402.6474609375
1365.729736328125
1328.6009521484375
1291.0677490234375
1253.2471923828125
1214.9366455078125
1176.7220458984375
1139.9481201171875
1104.281982421875
1068.9632568359375
1033.6146240234375
998.3671264648438
963.982421875
931.08837890625
899.4661865234375
869.0615844726562
839.434326171875
810.386474609375
781.9476318359375
754.0991821289062
727.1171875
701.1337890625
676.1110229492188
652.2099609375
629.4508056640625
607.7247924804688
586.8665771484375
566.8009033203125
547.5201416015625
528.8826293945312
510.84619140625
493.4282531738281
476.599853515625
460.3566589355469
444.6770935058594
429.58843994140625
415.0602111816406
401.0458984375
387.4402770996094
374.22564697265625
361.6033020019531
349.5482177734375
337.98394775390625
327.0877685546875
316.9884033203125
307.58984375
298.74725341796875
290.3534851074219
