1500.0
1499.095458984375
1500.0
1499.9998779296875
1499.9998779296875
1500.0
1500.0
1500.0
1500.0
1500.0
1500.0
1500.0
1500.0
1500.0
1500.0
1500.0
1500.0
1500.0
1500.0
1500.0
1500.0
1500.0
1500.0
1500.0
1487.181640625
1474.5662841796875
1461.228515625
1446.491455078125
1429.8272705078125
1411.4776611328125
1391.9310302734375
1371.5252685546875
99.78506469726562
100.0
100.0
100.0
100.0
100.0
1500.0
1500.0
1430.6953125
1348.0848388671875
1295.730712890625
1255.98095703125
1223.0399169921875
1193.6607666015625
1165.9365234375
1138.987060546875
1112.41943359375
1086.024169921875
1059.6356201171875
1033.2489013671875
1006.8449096679688
979.90869140625
953.1693725585938
927.2161254882812
901.2081298828125
875.0892333984375
849.0748291015625
823.1854858398438
797.4951171875
771.7175903320312
745.6553344726562
719.0093383789062
692.8435668945312
667.9918823242188
644.1734008789062
621.3817138671875
598.4373779296875
577.1188354492188
557.09521484375
538.0403442382812
519.3291625976562
501.4109191894531
484.5706787109375
468.46612548828125
452.95782470703125
437.9498291015625
423.5357666015625
409.5114440917969
395.7569580078125
382.5760498046875
370.00823974609375
357.8857116699219
346.1988830566406
335.2905578613281
326.0109558105469
317.8582458496094
310.47100830078125
303.52099609375
296.8172912597656
290.293212890625
