1499.999755859375
1500.0
1500.001708984375
1500.0
1500.0
1499.9998779296875
1500.0
1500.0
1500.0
1500.0
1500.0
1500.0
1500.0
1500.0
1500.0
1500.0
1500.0
1500.0
1500.0
1500.0
1500.0
1500.0
1500.0
1500.0
1500.0
1500.0
1500.0
1500.0
1500.0
1500.0
1500.0
1500.0
100.0
100.0
100.0
100.0
100.0
100.0
100.0
1500.0
1500.0
1500.0
1500.0
1500.0
1500.0
1500.0
1500.0
1500.0
1500.0
1500.0
1500.0
1500.0
1500.0
1500.0
1500.0
1500.0
1500.0
1500.0
1500.0
1500.0
1500.0
1500.0
1471.515869140625
1378.4381103515625
1338.079833984375
1305.9755859375
1241.154052734375
1184.06689453125
1107.88427734375
1011.4248046875
959.4220581054688
911.301025390625
868.854248046875
829.5076904296875
791.651611328125
753.5078125
715.6439208984375
679.9564208984375
650.489501953125
624.7105712890625
600.0354614257812
583.8106079101562
569.8715209960938
552.6465454101562
535.4868774414062
513.90380859375
492.66778564453125
474.0041198730469
457.31219482421875
441.6668395996094
427.5986633300781
416.4413757324219
405.95745849609375
395.91424560546875
386.1323547363281
