1499.990966796875
1498.0870361328125
1500.0
1500.0
1500.0
1500.0
1500.0
1500.0
1500.0
1500.0
1500.0
1500.0
1500.0
1500.0
1500.0
1500.0
1500.0
1500.0
1500.0
1500.0
1500.0
1500.0
1500.0
1500.0
1500.0
1500.0
1500.0
1500.0
1500.0
1500.0
1500.0
1500.0
1500.0
1500.0
100.0
99.99991607666016
99.99998474121094
100.0
100.0
100.0
100.0
1500.0
1500.0
1500.0
1500.0
1500.0
1500.0
1500.0
1500.0
1500.0
1500.0
1421.1375732421875
1319.2249755859375
1225.183837890625
1140.762451171875
1063.0496826171875
991.412353515625
928.8199462890625
875.5358276367188
831.091064453125
791.8644409179688
754.5117797851562
718.5182495117188
683.501708984375
652.0336303710938
625.322509765625
600.1353149414062
573.0316162109375
546.3534545898438
520.67724609375
491.7201232910156
458.8522033691406
427.2840881347656
404.7872314453125
365.05511474609375
323.46966552734375
288.11602783203125
255.5017852783203
239.7273406982422
224.56971740722656
211.4008331298828
198.79647827148438
190.38232421875
183.31658935546875
176.30767822265625
169.20159912109375
162.18836975097656
155.31564331054688
149.6624298095703
145.9768524169922
141.94366455078125
137.48397827148438
133.10743713378906
128.9864501953125
125.15656280517578
121.54370880126953
118.35765075683594
