1499.9998779296875
1500.0
1500.0
1500.0
1500.0
1500.0
1500.0
1500.0
1500.0
1500.0
1500.0
1500.0
1500.0
1500.0
1500.0
1500.0
1500.0
1500.0
1500.0
1500.0
1500.0
1499.9998779296875
1500.0
1500.0
1500.0
1500.0
1500.0
1500.0
1500.0
1500.0
1500.0
1500.0
1500.0
100.00130462646484
100.0
99.99966430664062
99.9999771118164
100.0
99.9924545288086
100.0
1499.998779296875
1500.0
1500.0
1500.0
1500.0
1500.0
1500.0
1500.0
1500.0
1500.0
1500.0
1500.0
1500.0
1500.0
1500.0
1500.0
1500.0
1500.0
1500.0
1500.0
1500.0
1500.0
1500.0
1500.0
1500.0
1500.0
1500.0
1500.0
1486.302734375
1425.7713623046875
1373.850341796875
1326.515380859375
1266.9027099609375
1195.71240234375
1116.1787109375
1023.4843139648438
965.587158203125
895.9586181640625
810.2471313476562
721.5218505859375
632.891357421875
590.4927978515625
558.5914916992188
535.07568359375
509.71881103515625
483.6252746582031
457.1976623535156
435.7660217285156
417.68670654296875
398.9123840332031
380.40289306640625
363.76300048828125
349.55377197265625
339.0885009765625
328.794921875
319.0574951171875
