1500.0
1500.0
1500.0
1500.0
1500.0
1500.0
1500.0
1500.0
1499.99951171875
1500.0
1499.9998779296875
1499.9996337890625
1500.0
1499.99951171875
1499.9998779296875
1499.998779296875
1499.9990234375
1499.9986572265625
1500.0
1500.0
1499.9996337890625
1499.9989013671875
1500.0
1499.997802734375
1499.9981689453125
1500.0
1500.0
1500.0
1500.0
1500.0
1500.0
1500.0
99.92152404785156
100.0
100.0
100.0
100.0
100.0
1500.0
1499.990234375
1456.6756591796875
1500.0
1499.999755859375
1500.0
1459.2734375
1405.8922119140625
1369.8297119140625
1338.72705078125
1307.900634765625
1276.641845703125
1244.7412109375
1211.98779296875
1178.6512451171875
1145.062255859375
1111.3233642578125
1077.86474609375
1045.237060546875
1013.357666015625
982.073974609375
951.17919921875
921.0128784179688
891.2235717773438
862.2982788085938
834.2658081054688
807.430419921875
781.8873291015625
757.627197265625
734.710205078125
712.7719116210938
691.4889526367188
670.8135986328125
650.628173828125
630.9808959960938
612.1538696289062
594.216064453125
577.0239868164062
560.5391845703125
544.92333984375
530.1100463867188
515.979736328125
502.4832763671875
489.6169128417969
477.3026428222656
465.5116271972656
454.23223876953125
443.4892578125
433.115478515625
423.11688232421875
413.5009765625
404.2735595703125
395.4183654785156
386.9241943359375
378.7615661621094
