1337.7645263671875
1059.5894775390625
920.1367797851562
890.16259765625
866.4330444335938
841.805419921875
819.5985717773438
800.648193359375
784.9038696289062
771.4901733398438
760.103515625
750.4093627929688
741.67578125
732.8118896484375
723.72119140625
714.6094360351562
705.3932495117188
695.8321533203125
686.1248168945312
676.266357421875
665.5311889648438
653.14111328125
638.8641967773438
622.9342041015625
605.6719360351562
588.5592041015625
571.8899536132812
555.229736328125
539.1176147460938
523.01318359375
506.9200744628906
490.76263427734375
474.52655029296875
100.0
100.0
100.0
99.99858856201172
100.0
100.0
456.2823791503906
425.8838195800781
406.1732482910156
390.1670227050781
376.5810852050781
364.78570556640625
353.88714599609375
346.8707580566406
343.4383544921875
332.75457763671875
321.8686828613281
310.8996276855469
299.9226989746094
289.02142333984375
278.21746826171875
267.55059814453125
257.07366943359375
246.8601531982422
236.95742797851562
227.360595703125
218.09336853027344
209.1819305419922
200.7078857421875
192.6212921142578
184.9166717529297
177.52114868164062
170.372802734375
163.3043212890625
156.50379943847656
150.06784057617188
143.946044921875
138.12930297851562
132.60948181152344
127.36137390136719
122.37055206298828
117.62162017822266
113.1000747680664
108.79578399658203
104.70100402832031
100.7853775024414
96.91094207763672
92.85558319091797
89.3027572631836
85.92034912109375
82.69974517822266
79.65042114257812
76.7521743774414
73.99191284179688
71.36608123779297
68.86825561523438
66.49244689941406
64.23258972167969
62.08232879638672
60.03440856933594
58.06482696533203
