1499.999267578125
1500.0
1500.000244140625
1499.9998779296875
1500.0
1500.0
1500.0
1499.9998779296875
1500.0
1500.0
1500.0
1500.0
1500.0
1500.0
1500.0
1500.0
1500.0
1499.9998779296875
1500.0
1500.0
1500.0
1500.0
1500.0
1500.0
1500.0
1500.0
1500.0
1500.0
1500.0
1500.0
1500.0
1500.0
1500.0
100.0
99.99644470214844
99.99956512451172
100.0
100.0
100.0
1500.0145263671875
1500.0
1500.0
1500.0
1500.0
1500.0
1500.0
1500.0
1500.0
1500.0
1500.0
1500.0
1471.12744140625
1397.06201171875
1327.34716796875
1263.234130859375
1206.4110107421875
1147.106201171875
1083.92919921875
1018.1721801757812
953.5943603515625
890.2449951171875
837.2750244140625
790.3519897460938
740.8101806640625
690.6690063476562
645.1264038085938
598.2382202148438
546.8237915039062
499.0482177734375
460.4614562988281
423.7589111328125
387.18499755859375
357.33197021484375
342.1442565917969
327.5680236816406
313.08392333984375
297.93231201171875
283.2685546875
269.5543212890625
256.50250244140625
243.08982849121094
243.62359619140625
239.14561462402344
231.5045928955078
222.7721710205078
210.559814453125
199.84634399414062
190.517333984375
182.90615844726562
176.4832305908203
170.83523559570312
165.70095825195312
160.8824462890625
