1072.8839111328125
789.1387329101562
614.887451171875
538.6426391601562
455.2959899902344
423.93194580078125
414.0066833496094
406.9820251464844
402.3839416503906
399.25506591796875
396.05438232421875
391.6323547363281
386.1907958984375
380.0663146972656
372.0356750488281
364.64794921875
358.0557556152344
351.779052734375
345.3399658203125
338.71734619140625
331.84600830078125
324.696533203125
317.34796142578125
309.7452697753906
301.841796875
293.7010192871094
285.3036193847656
276.6730041503906
267.8796691894531
259.82659912109375
253.0236358642578
246.93820190429688
243.0572967529297
100.0
100.0
100.0
100.0
100.0
100.0
340.6043701171875
247.69876098632812
225.27272033691406
213.52923583984375
206.77816772460938
199.44918823242188
193.5669708251953
188.7359619140625
184.83099365234375
181.76593017578125
179.2234649658203
176.80104064941406
174.31939697265625
171.78419494628906
169.1489715576172
166.24337768554688
163.04673767089844
159.66983032226562
156.1568603515625
152.52203369140625
148.7891387939453
144.99464416503906
141.18788146972656
137.4817657470703
133.81336975097656
130.17550659179688
126.57058715820312
122.99458312988281
119.45976257324219
116.00092315673828
112.63705444335938
109.34708404541016
106.15739440917969
103.09003448486328
100.13799285888672
97.3128890991211
94.59842681884766
91.98536682128906
89.56743621826172
87.25238800048828
85.01464080810547
82.86923217773438
80.8105697631836
78.83219146728516
76.93603515625
75.115234375
73.36331939697266
71.67584991455078
70.06077575683594
68.50537872314453
67.0028305053711
65.55938720703125
64.17466735839844
62.84502410888672
61.570587158203125
60.35075759887695
