1499.9986572265625
1500.0
1500.0
1500.0
1500.0
1499.9998779296875
1500.0
1500.0
1500.0
1499.9998779296875
1499.9998779296875
1499.9998779296875
1500.0
1500.0
1500.0
1500.0
1473.2994384765625
1435.493408203125
1407.6357421875
1387.346435546875
1369.9039306640625
1351.4212646484375
1332.0115966796875
1313.1748046875
1293.7994384765625
1274.601806640625
1254.79736328125
1235.491455078125
1216.14013671875
1195.0714111328125
1175.48193359375
1156.1934814453125
100.0
100.0
100.0
100.0
100.0
100.0
1500.0
1280.49755859375
1139.298828125
1083.15771484375
1048.751220703125
1021.6090698242188
995.7242431640625
968.1953125
939.0546264648438
908.8435668945312
877.306884765625
844.2122192382812
809.8873901367188
777.2835083007812
748.9263305664062
724.8772583007812
709.0501708984375
693.5416870117188
680.767578125
667.8211059570312
654.9057006835938
641.945068359375
629.009521484375
616.1948852539062
603.5971069335938
591.2169189453125
579.0960693359375
567.2240600585938
555.5689697265625
544.1384887695312
532.9533081054688
522.0050659179688
511.2757568359375
500.7214050292969
490.3191223144531
480.02276611328125
469.7655944824219
459.5311279296875
449.3137512207031
439.1712646484375
429.1648254394531
419.3229675292969
409.65203857421875
400.136962890625
390.775390625
381.5422668457031
372.4179992675781
363.3993835449219
354.51055908203125
345.7890319824219
337.4985656738281
329.3350830078125
321.3810119628906
313.66943359375
