1499.9986572265625
1500.0
1499.9998779296875
1500.0006103515625
1500.0
1500.0
1500.0
1500.0
1500.0
1500.0
1500.0
1500.0
1500.0
1500.0
1500.0
1500.0
1500.0
1500.0
1500.0
1500.0
1500.0
1500.0
1500.0
1500.0
1500.0
1500.0
1500.0
1500.0
1500.0
1500.0
1500.0
1500.0
99.7149887084961
100.0
100.0
100.0
100.0
100.0
1500.0
1500.0
1500.0
1500.0
1500.0
1500.0
1500.0
1500.0
1500.0
1500.0
1500.0
1500.0
1500.0
1500.0
1500.0
1500.0
1500.0
1500.0
1500.0
1500.0
1500.0
1500.0
1500.0
1500.0
1500.0
1500.0
1500.0
1500.0
1500.0
1500.0
1500.0
1500.0
1500.0
1500.0
1500.0
1500.0
1500.0
1477.3082275390625
1432.6033935546875
1390.7109375
1349.9315185546875
1309.6553955078125
1269.572509765625
1229.8380126953125
1191.19775390625
1153.9276123046875
1118.0860595703125
1082.9918212890625
1048.2200927734375
1013.4339599609375
978.844482421875
944.8670043945312
912.656005859375
883.3460693359375
858.0360107421875
