1500.0
1500.0
1500.0
1500.0
1500.0
1500.0
1500.0
1500.0
1500.0
1500.0
1500.0
1500.0
1500.0
1500.0
1500.0
1500.0
1500.0
1500.0
1500.0
1500.0
1500.0
1500.0
1500.0
1500.0
1500.0
1500.0
1500.0
1500.0
1500.0
1500.0
1500.0
1500.0
99.99998474121094
100.0
100.0
100.0
100.0
100.0
1500.0
1499.9996337890625
1500.0
1500.0
1500.0
1500.0
1500.0
1500.0
1500.0
1500.0
1500.0
1500.0
1500.0
1500.0
1500.0
1500.0
1500.0
1500.0
1500.0
1500.0
1500.0
1500.0
1500.0
1500.0
1500.0
1500.0
1500.0
1500.0
1500.0
1484.989501953125
1427.2813720703125
1374.6221923828125
1321.21484375
1265.4501953125
1207.4862060546875
1148.6865234375
1092.18798828125
1047.7322998046875
1005.3715209960938
963.2078857421875
921.4563598632812
880.7918090820312
840.5735473632812
801.192626953125
766.2304077148438
731.337646484375
694.5479125976562
658.1661987304688
624.4559936523438
609.3704833984375
597.17041015625
574.81787109375
552.9495239257812
531.23095703125
509.3042297363281
