1499.9998779296875
1499.9998779296875
1500.0009765625
1500.0
1500.0
1500.0
1500.0
1500.0
1500.0
1500.0
1500.0
1500.0
1500.0
1500.0
1500.0
1500.0
1500.0
1500.0
1500.0
1500.0
1500.0
1500.0
1500.0
1500.0
1500.0
1500.0
1500.0
1500.0
1500.0
1500.0
1500.0
1500.0
100.00407409667969
100.0
100.0
100.0
100.0
100.0
1500.0
1500.0
1500.0
1500.0
1500.0
1500.0
1500.0
1500.0
1500.0
1500.0
1500.0
1500.0
1500.0
1500.0
1500.0
1500.0
1500.0
1500.0
1500.0
1500.0
1500.0
1500.0
1500.0
1500.0
1452.8565673828125
1394.4886474609375
1337.5213623046875
1281.842529296875
1227.7828369140625
1175.704345703125
1125.6881103515625
1077.6741943359375
1031.550048828125
987.1939697265625
944.3911743164062
903.2393798828125
863.6615600585938
825.55419921875
788.8963623046875
753.5233764648438
719.5564575195312
686.5386352539062
655.444580078125
625.1873779296875
595.6493530273438
568.5916748046875
542.618408203125
517.7703247070312
494.17767333984375
482.8743896484375
471.83184814453125
450.62359619140625
430.3338317871094
411.12628173828125
392.9603271484375
