1893.3021240234375
1408.1485595703125
1085.0526123046875
906.2911376953125
839.2774658203125
823.9912719726562
799.1249389648438
774.2017211914062
750.917724609375
732.5903930664062
718.3671875
702.9749145507812
687.2360229492188
671.798583984375
660.1463012695312
654.5457153320312
651.5563354492188
647.5827026367188
641.84423828125
634.9111328125
627.24609375
619.1107177734375
610.4968872070312
601.4682006835938
592.306640625
582.9789428710938
573.2645263671875
563.231201171875
552.7445678710938
541.8235473632812
530.485107421875
518.7833251953125
126.52252960205078
128.6803741455078
128.85116577148438
128.98968505859375
129.12461853027344
129.25892639160156
609.0076904296875
484.4855041503906
496.1325378417969
492.6645812988281
483.4000244140625
469.56317138671875
455.2643127441406
442.0154724121094
429.9500732421875
418.63201904296875
408.9551696777344
400.5294189453125
392.1661682128906
383.5978698730469
375.0989990234375
373.546142578125
373.1552734375
373.4125061035156
372.2799377441406
370.8594055175781
369.7354431152344
373.7156677246094
379.66485595703125
385.2594909667969
392.3420715332031
403.1524963378906
417.9156188964844
436.0537414550781
458.40386962890625
479.1280822753906
500.220947265625
525.7232055664062
552.82177734375
579.6898193359375
606.5000610351562
633.259033203125
659.3436279296875
683.211181640625
704.5086669921875
723.5125732421875
740.5545654296875
755.564697265625
768.8438110351562
780.5098876953125
790.6875610351562
799.573486328125
807.18017578125
813.6527099609375
818.9862060546875
823.4393310546875
827.0951538085938
829.8272094726562
831.59033203125
832.3634033203125
