2084.51025390625
2064.369384765625
2038.289794921875
2018.7899169921875
2006.41650390625
1996.5506591796875
2009.322021484375
2042.682861328125
2057.364013671875
2055.197265625
2064.2646484375
2076.106201171875
2085.316162109375
2096.4375
2108.31103515625
2119.13427734375
2131.44189453125
2150.111572265625
2172.903076171875
2200.27099609375
2237.646240234375
2289.77294921875
2362.84423828125
2450.838134765625
2553.91552734375
2674.230224609375
2810.409912109375
2960.9111328125
3124.006103515625
3296.85693359375
3479.23974609375
3667.069091796875
156.17442321777344
158.19564819335938
171.8448028564453
185.15919494628906
196.97344970703125
207.3618621826172
4247.3515625
4313.8818359375
4331.7958984375
4411.248046875
4541.09765625
4705.92138671875
4898.50634765625
5114.119140625
5351.28125
5607.392578125
5883.97900390625
6177.626953125
6490.32568359375
6824.13916015625
7203.43896484375
7604.11474609375
7986.90185546875
8396.4462890625
8822.439453125
9244.11328125
9671.4375
10093.337890625
10513.8916015625
10925.2685546875
11323.216796875
11713.509765625
12096.689453125
12476.4716796875
12850.48828125
13219.2939453125
13589.392578125
13952.447265625
14305.2451171875
14649.330078125
14986.0693359375
15315.0498046875
15635.58203125
15944.6572265625
16242.494140625
16529.7265625
16806.263671875
17066.646484375
17308.0078125
17528.373046875
17723.453125
17909.935546875
18070.548828125
18202.880859375
18316.732421875
18409.591796875
18481.267578125
18512.94140625
18521.6171875
18509.384765625
