2052.61865234375
2011.449951171875
1520.31640625
1353.3875732421875
1306.6038818359375
1258.9990234375
1216.91845703125
1181.04443359375
1147.069580078125
1125.823974609375
1115.1614990234375
1099.756591796875
1080.3812255859375
1059.4112548828125
1038.4105224609375
1018.1881103515625
999.6898193359375
988.208251953125
976.659423828125
964.68408203125
955.2987060546875
946.7938232421875
937.1719970703125
926.089599609375
913.8614501953125
901.24267578125
889.3724365234375
877.9866943359375
870.2592163085938
860.9468383789062
851.6678466796875
843.2490844726562
119.88077545166016
120.66449737548828
121.01189422607422
121.34622955322266
121.65469360351562
122.07341003417969
976.6140747070312
815.0955810546875
811.6570434570312
838.9548950195312
838.5750732421875
824.0272216796875
806.4254150390625
788.8997802734375
772.2286376953125
756.22802734375
756.0496215820312
760.0504760742188
762.218994140625
763.0545043945312
763.0850830078125
763.4302978515625
767.07666015625
772.5517578125
779.6726684570312
789.2037353515625
800.430419921875
813.1002197265625
828.4125366210938
844.689453125
861.0540161132812
877.9215087890625
895.8817138671875
914.95263671875
933.4841918945312
951.1154174804688
968.1245727539062
984.5520629882812
1000.0885620117188
1014.1934204101562
1026.51953125
1037.6689453125
1047.5723876953125
1056.70166015625
1065.3291015625
1073.1199951171875
1079.43359375
1084.82080078125
1087.9329833984375
1088.75
1088.028076171875
1086.267822265625
1083.731201171875
1080.58056640625
1077.02685546875
1073.2630615234375
1069.67724609375
1065.8663330078125
1061.726318359375
1056.9915771484375
