19.249662399291992
18.861276626586914
17.142818450927734
15.06017780303955
13.418025016784668
12.216287612915039
11.388692855834961
10.808897972106934
10.403322219848633
10.127787590026855
9.950078010559082
9.849854469299316
9.822364807128906
9.85853099822998
9.950146675109863
10.08704948425293
10.266414642333984
10.486091613769531
10.735554695129395
11.0171480178833
11.330087661743164
11.674809455871582
12.088873863220215
12.576032638549805
13.136333465576172
13.763229370117188
14.446489334106445
15.194969177246094
16.05807113647461
16.982135772705078
17.951475143432617
18.950664520263672
3.9026200771331787
3.3310413360595703
3.145768165588379
3.0909128189086914
3.168437957763672
3.2869815826416016
27.778413772583008
28.139820098876953
27.664779663085938
28.02591896057129
28.8543701171875
29.896015167236328
31.00480842590332
32.1026496887207
33.149330139160156
34.14692306518555
35.09781265258789
36.0079231262207
36.88279342651367
37.725257873535156
38.535884857177734
39.31254196166992
40.05476379394531
40.76619338989258
41.446590423583984
42.10056686401367
42.761024475097656
43.415672302246094
44.062049865722656
44.73566818237305
45.40696716308594
46.11417007446289
46.81623077392578
47.4705696105957
48.06943893432617
48.60349655151367
49.07305145263672
49.466426849365234
49.73794937133789
49.927005767822266
50.01930236816406
49.9886360168457
49.83314514160156
49.58340072631836
49.268714904785156
48.90174102783203
48.492530822753906
48.05255889892578
47.59038162231445
47.11117172241211
46.622562408447266
46.1320686340332
45.644012451171875
45.16334915161133
44.695735931396484
44.24541473388672
43.816436767578125
43.40903091430664
43.024139404296875
42.66488265991211
