0.49305739998817444
0.5844292640686035
0.9736984968185425
0.9903895258903503
0.9928312301635742
0.9974990487098694
1.0053446292877197
1.0184844732284546
1.0310750007629395
1.044551968574524
1.0581214427947998
1.0722110271453857
1.0862658023834229
1.0962934494018555
1.108936071395874
1.1236698627471924
1.1399013996124268
1.1553319692611694
1.1707285642623901
1.188356637954712
1.2074623107910156
1.229809045791626
1.2571299076080322
1.2872190475463867
1.3228493928909302
1.3604892492294312
1.4028860330581665
1.4493544101715088
1.5023032426834106
1.564225196838379
1.6374733448028564
1.7336281538009644
0.03417344391345978
0.03409687802195549
0.034050352871418
0.03487221524119377
0.03548990190029144
0.03543659299612045
1.3599379062652588
1.5972273349761963
1.8875935077667236
2.2212836742401123
2.2398786544799805
2.243414878845215
2.2491395473480225
2.2566158771514893
2.266669750213623
3.0281267166137695
3.8842945098876953
4.505741596221924
6.966889381408691
10.255852699279785
13.392446517944336
16.0888671875
18.690441131591797
21.63436508178711
25.410558700561523
29.745738983154297
34.387725830078125
39.20746612548828
44.29252243041992
49.439823150634766
54.63493347167969
60.16123962402344
65.39510345458984
70.41223907470703
75.1993637084961
79.95315551757812
84.45870971679688
88.77982330322266
93.18275451660156
97.82636260986328
102.5064468383789
106.90679931640625
111.29874420166016
115.25975036621094
118.75254821777344
121.74846649169922
124.23592376708984
126.2647705078125
127.88268280029297
129.1802520751953
130.3203887939453
130.9430694580078
131.44361877441406
132.24285888671875
132.89695739746094
133.43748474121094
133.79855346679688
134.03079223632812
134.19969177246094
134.30088806152344
134.32762145996094
