3.9151387214660645
4.49492883682251
5.622213840484619
6.758609294891357
7.5407395362854
7.1044697761535645
6.789039611816406
6.6319580078125
6.650511741638184
6.812265872955322
7.071933746337891
7.412235260009766
7.817401885986328
8.277779579162598
8.795351028442383
9.35489273071289
9.470521926879883
9.447319984436035
9.357954978942871
9.310842514038086
9.333145141601562
9.399165153503418
9.491800308227539
9.619108200073242
9.77635669708252
9.967612266540527
10.181312561035156
10.406651496887207
10.63382339477539
10.863469123840332
11.101035118103027
11.346378326416016
0.2052210122346878
0.15828101336956024
0.1547841578722
0.1581147462129593
0.1627439260482788
0.1682203859090805
10.386022567749023
13.05633544921875
13.468303680419922
13.653413772583008
13.889681816101074
14.200013160705566
14.581477165222168
15.030821800231934
15.530033111572266
16.06551742553711
16.61844825744629
17.194231033325195
17.770742416381836
18.336679458618164
18.887060165405273
19.45925521850586
20.14407730102539
20.790586471557617
21.404041290283203
21.715009689331055
22.01262092590332
22.61095428466797
23.240598678588867
23.894304275512695
24.58109474182129
25.295494079589844
26.023719787597656
26.75946044921875
27.505125045776367
28.260377883911133
29.02389907836914
29.788480758666992
30.546783447265625
31.29132080078125
31.712566375732422
32.0231819152832
32.726680755615234
33.4182243347168
34.100616455078125
34.797889709472656
35.499568939208984
36.2173957824707
37.01179122924805
37.74173355102539
38.41461944580078
39.03390121459961
39.599422454833984
40.116676330566406
40.59416198730469
41.040679931640625
41.46171951293945
41.86507034301758
42.255592346191406
42.646400451660156
43.03746032714844
43.42719268798828
