0.007892702706158161
0.008278647437691689
0.007857080549001694
0.007597105577588081
0.007340625394135714
0.007145772222429514
0.007041612174361944
0.006945631466805935
0.00685309199616313
0.006718016229569912
0.006588842254132032
0.006378743331879377
0.006219963543117046
0.006092273164540529
0.005988738965243101
0.005902618635445833
0.0058297994546592236
0.005767963360995054
0.0057152556255459785
0.005670716054737568
0.005633584223687649
0.005602840334177017
0.005577756557613611
0.00555611914023757
0.005537021439522505
0.005520468112081289
0.005505435634404421
0.005491592921316624
0.005478444509208202
0.0054655298590660095
0.005452578887343407
0.005439484026283026
0.005426246672868729
0.0054129622876644135
0.005399851128458977
0.005387160461395979
0.005374864675104618
0.0004653299693018198
0.00045545902685262263
0.00044864602386951447
0.000438337039668113
0.00043143192306160927
0.0004289837961550802
0.005950902123004198
0.006106667686253786
0.0060129896737635136
0.0059083919040858746
0.005771812982857227
0.005723367445170879
0.0056831748224794865
0.005610513500869274
0.00555377034470439
0.005504931323230267
0.005459112115204334
0.005420111585408449
0.005385246593505144
0.005353127606213093
0.005323931574821472
0.005297465715557337
0.005273842718452215
0.00525256060063839
0.005233371630311012
0.005216042511165142
0.005200252868235111
0.005185728892683983
0.005172212142497301
0.005159268155694008
0.00514583894982934
0.005132433958351612
0.005119094159454107
0.005105919204652309
0.005092802923172712
0.00507968757301569
0.0050665163435041904
0.005053267814218998
0.005039949435740709
0.005026621278375387
0.005013232119381428
0.004999720025807619
0.004986114799976349
0.004972507711499929
0.004958815407007933
0.004945140797644854
0.004931398667395115
0.0049179913476109505
0.004904689267277718
0.0048913960345089436
0.004878189414739609
0.004864973481744528
0.004851683974266052
0.004838351625949144
0.00482498575001955
0.004811595194041729
0.004798192996531725
0.004784724675118923
0.004771181847900152
0.004757570568472147
0.004743901081383228
0.004730194807052612
0.004716452676802874
