0.04099459946155548
0.04818328469991684
0.05141168460249901
0.053119461983442307
0.05641787126660347
0.059922754764556885
0.062392204999923706
0.06511302292346954
0.06779028475284576
0.07144824415445328
0.0715252161026001
0.06352822482585907
0.05893663689494133
0.05632795765995979
0.054994214326143265
0.054405033588409424
0.05420335754752159
0.05416642129421234
0.05417545884847641
0.054169390350580215
0.05412406846880913
0.054044269025325775
0.05393585190176964
0.05380117893218994
0.0536470003426075
0.053476180881261826
0.053291983902454376
0.05310281366109848
0.05291733518242836
0.0527283176779747
0.052536118775606155
0.05234392732381821
0.05215415731072426
0.051968980580568314
0.05178706347942352
0.05160773918032646
0.05142959579825401
0.0024995943531394005
0.002472071209922433
0.0024282471276819706
0.002409162698313594
0.002402728656306863
0.0023991367779672146
0.05159769579768181
0.05517195165157318
0.057944074273109436
0.0572565458714962
0.05747877061367035
0.05855485051870346
0.05736798420548439
0.05511817708611488
0.0534340925514698
0.052206337451934814
0.05134431645274162
0.0507272332906723
0.05028089880943298
0.0499514602124691
0.049699656665325165
0.04949657618999481
0.049321528524160385
0.049164410680532455
0.049024175852537155
0.048895757645368576
0.04877203702926636
0.04864777252078056
0.04852030426263809
0.04838988929986954
0.048256710171699524
0.048124220222234726
0.047995425760746
0.04787033051252365
0.047747254371643066
0.04762488603591919
0.0475020557641983
0.04737687483429909
0.047247227281332016
0.04711282625794411
0.046974774450063705
0.04683499038219452
0.04669506102800369
0.046554770320653915
0.046412963420152664
0.046268727630376816
0.04612279683351517
0.04597671702504158
0.04583171755075455
0.04568859189748764
0.045547004789114
0.04540574550628662
0.04526371508836746
0.04512055963277817
0.044976215809583664
0.044830743223428726
0.044684458523988724
0.0445379838347435
0.04439110681414604
0.044243644922971725
0.04409576952457428
0.04394799843430519
0.043801069259643555
