0.0603964664041996
0.0708305686712265
0.08128512650728226
0.09334445744752884
0.11391543596982956
0.14748868346214294
0.18210074305534363
0.23395174741744995
0.20453085005283356
0.15361244976520538
0.1305389702320099
0.1085885688662529
0.09529602527618408
0.0859965831041336
0.07977151870727539
0.07776778936386108
0.07701028883457184
0.07678109407424927
0.07685963809490204
0.07709075510501862
0.07744757831096649
0.07780124247074127
0.07807093113660812
0.07823383808135986
0.0782911479473114
0.07825563102960587
0.07814468443393707
0.07797660678625107
0.07776939868927002
0.07753192633390427
0.0772724598646164
0.07699745148420334
0.07671190798282623
0.07647846639156342
0.07626789808273315
0.07601586729288101
0.07572780549526215
0.00530806602910161
0.004583295434713364
0.004348149988800287
0.004058860708028078
0.0038002608343958855
0.0037335085216909647
0.09775467216968536
0.10484923422336578
0.1111203283071518
0.11956610530614853
0.11220098286867142
0.09937510639429092
0.08986999094486237
0.08277328312397003
0.07918916642665863
0.07723537087440491
0.07596537470817566
0.07491670548915863
0.07399385422468185
0.07318427413702011
0.0725068524479866
0.07195127010345459
0.07149607688188553
0.07112531363964081
0.07082486897706985
0.0705835297703743
0.07036794722080231
0.0701569989323616
0.0699649229645729
0.069808229804039
0.06968733668327332
0.06957963109016418
0.06948012858629227
0.06936857849359512
0.06922869384288788
0.0690464973449707
0.06881997734308243
0.06855586171150208
0.06825738400220871
0.06793402135372162
0.0676237940788269
0.06733392924070358
0.06703034043312073
0.06671142578125
0.06641481816768646
0.06615308672189713
0.0659085065126419
0.06566978245973587
0.06539658457040787
0.06503807008266449
0.06456078588962555
0.0639394149184227
0.0632215216755867
0.06250016391277313
0.061880968511104584
0.06134569272398949
0.060584988445043564
0.05950775742530823
0.05809580534696579
0.05646819248795509
0.05484722927212715
0.053427811712026596
0.05211033672094345
