0.1595442146062851
0.17608453333377838
0.20124241709709167
0.2064526230096817
0.20747673511505127
0.20826996862888336
0.20901654660701752
0.20973581075668335
0.21038499474525452
0.2110055536031723
0.21171531081199646
0.21265360713005066
0.21315103769302368
0.21368461847305298
0.2142227292060852
0.21459972858428955
0.21495209634304047
0.2152930647134781
0.21591150760650635
0.21661999821662903
0.21729497611522675
0.21795672178268433
0.218666672706604
0.21932978928089142
0.21994659304618835
0.22058123350143433
0.22128479182720184
0.22198890149593353
0.22277165949344635
0.22365868091583252
0.22487275302410126
0.22628618776798248
0.010767482221126556
0.010685985907912254
0.01069911289960146
0.010693243704736233
0.010684162378311157
0.010675588622689247
0.21234768629074097
0.2200426608324051
0.22495640814304352
0.22891055047512054
0.2324359267950058
0.23563848435878754
0.23873920738697052
0.2419499009847641
0.24527406692504883
0.2486530989408493
0.25209465622901917
0.2555207908153534
0.2588767111301422
0.26222434639930725
0.2656298875808716
0.2694479823112488
0.2735527753829956
0.2779408395290375
0.28609439730644226
0.3011208176612854
0.3132993280887604
0.33330413699150085
0.3673856854438782
0.3725239038467407
0.37215718626976013
0.39584389328956604
0.4352666139602661
0.4843529462814331
0.5408418774604797
0.6037468910217285
0.671952486038208
0.7452551126480103
0.8223868012428284
0.9022138118743896
0.983509361743927
1.0458626747131348
5.360991954803467
17.14385223388672
23.777278900146484
27.986724853515625
31.10078239440918
33.662086486816406
36.07538986206055
37.99943542480469
40.9776496887207
44.765132904052734
48.32757568359375
51.334537506103516
53.79579162597656
55.77870559692383
57.374149322509766
58.916603088378906
60.11866760253906
61.10634231567383
