0.5181591510772705
0.8133408427238464
0.9985204935073853
1.0075299739837646
1.012972116470337
1.0329538583755493
1.0548548698425293
1.0759549140930176
1.095917820930481
1.1125669479370117
1.1288268566131592
1.1496533155441284
1.1673704385757446
1.185524344444275
1.2059381008148193
1.233722448348999
1.258089303970337
1.2830283641815186
1.3121179342269897
1.3437325954437256
1.3754377365112305
1.4134477376937866
1.465177059173584
1.5227553844451904
1.5943483114242554
1.6921710968017578
1.8254719972610474
1.8960496187210083
1.8787373304367065
1.858438491821289
1.8384140729904175
1.818076252937317
1.7969502210617065
0.033962592482566833
0.033827610313892365
0.034175481647253036
0.033983491361141205
0.034445080906152725
0.03586047142744064
1.7642251253128052
1.8404103517532349
1.8221077919006348
1.9132167100906372
4.299048900604248
8.332511901855469
12.649808883666992
16.38538932800293
20.18480682373047
24.101444244384766
27.96858787536621
31.900758743286133
35.83454895019531
39.8485221862793
43.694889068603516
47.513885498046875
51.3696403503418
54.976463317871094
58.437889099121094
62.04153060913086
65.93575286865234
69.81297302246094
73.3027572631836
76.34960174560547
78.97467803955078
81.67974090576172
84.56796264648438
87.52542114257812
90.53199768066406
93.21263885498047
95.48251342773438
97.40107727050781
98.91102600097656
100.00845336914062
100.78559875488281
101.31153869628906
101.64153289794922
101.91744232177734
101.90098571777344
101.7945785522461
101.69656372070312
101.63804626464844
101.63037109375
101.70481872558594
101.82814025878906
101.97551727294922
102.12997436523438
102.29353332519531
102.47998809814453
102.69259643554688
102.93095397949219
102.79431915283203
102.67620849609375
102.61894226074219
102.62004852294922
