14.575841903686523
34.822174072265625
49.01943588256836
40.66702651977539
22.403331756591797
16.270559310913086
14.588639259338379
12.930974960327148
11.150708198547363
9.966635704040527
9.108538627624512
8.447358131408691
7.9228410720825195
7.498982906341553
7.154113292694092
6.870284080505371
6.654957294464111
6.474241733551025
6.31528377532959
6.17714786529541
6.056705474853516
5.949902534484863
5.855993270874023
5.773664474487305
5.702142238616943
5.641453266143799
5.591840744018555
5.553550720214844
5.526130676269531
5.50919246673584
5.50229024887085
5.5057220458984375
5.520729064941406
5.546156406402588
0.14651620388031006
0.10830868780612946
0.0960419774055481
0.019417138770222664
0.03939832001924515
0.03931077569723129
11.528351783752441
13.238533973693848
10.248334884643555
8.758203506469727
7.907551288604736
7.822168350219727
7.778509616851807
7.740196228027344
7.765453338623047
7.827467918395996
7.960270881652832
8.172568321228027
8.457550048828125
8.813204765319824
9.231436729431152
9.698969841003418
10.207683563232422
10.747071266174316
11.309292793273926
11.888155937194824
12.518607139587402
13.255707740783691
14.054131507873535
14.910033226013184
15.816304206848145
16.767730712890625
17.75629234313965
18.767032623291016
19.794002532958984
20.854780197143555
21.93265151977539
23.023170471191406
24.09172248840332
25.233076095581055
26.321796417236328
27.37518310546875
28.413969039916992
29.447816848754883
30.48064613342285
31.51474380493164
32.577537536621094
33.6541633605957
34.74134826660156
35.83102035522461
36.923179626464844
38.02280044555664
39.121524810791016
40.2105598449707
41.33201217651367
42.457611083984375
43.56642150878906
44.641292572021484
45.692806243896484
46.78181457519531
47.87738037109375
48.907371520996094
49.886878967285156
