0.06042761728167534
0.07045207917690277
0.07539501786231995
0.07836766541004181
0.08284217864274979
0.07958052307367325
0.07849464565515518
0.07726667076349258
0.0757933184504509
0.07469289749860764
0.0738445296883583
0.07316949218511581
0.07261651009321213
0.07214103639125824
0.07172544300556183
0.07136649638414383
0.07104955613613129
0.0707584097981453
0.0704866573214531
0.0702291876077652
0.06998205184936523
0.06974247843027115
0.06950920820236206
0.06928116083145142
0.06905677914619446
0.06883504241704941
0.06861846894025803
0.0684061273932457
0.06819496303796768
0.06798495352268219
0.06777935475111008
0.06757809221744537
0.0673786923289299
0.0671800896525383
0.0038198900874704123
0.0036810932215303183
0.003611588152125478
0.0035794631112366915
0.00357281812466681
0.0035689719952642918
0.07132212072610855
0.07516858726739883
0.07413183152675629
0.07266735285520554
0.07084175944328308
0.07010072469711304
0.06957125663757324
0.0686570256948471
0.06787940114736557
0.06720729917287827
0.0666450634598732
0.06618411093950272
0.06580214202404022
0.06548091769218445
0.06520242989063263
0.06495150923728943
0.06472265720367432
0.06451215595006943
0.06431708484888077
0.06412991881370544
0.06394539028406143
0.06376354396343231
0.06358662992715836
0.06341348588466644
0.06324337422847748
0.0630769282579422
0.06291449069976807
0.06275534629821777
0.06259795278310776
0.062440406531095505
0.06228141859173775
0.06212051585316658
0.061957553029060364
0.06179375573992729
0.06163010746240616
0.061467137187719345
0.061305027455091476
0.06114375218749046
0.06098346412181854
0.060825470834970474
0.060669515281915665
0.060514725744724274
0.06036024168133736
0.060205310583114624
0.060049425810575485
0.05989301949739456
0.05973609536886215
0.05957866087555885
0.05942069739103317
0.05926245450973511
0.05910470709204674
0.05894666165113449
0.05878886207938194
0.05863132327795029
0.058472950011491776
0.05831281095743179
0.05814971402287483
