0.005310572683811188
0.005072415340691805
0.004796049557626247
0.004643145017325878
0.004415909294039011
0.004268089774996042
0.004225823562592268
0.004163813311606646
0.004067733883857727
0.0039842091500759125
0.003910176455974579
0.0038455892354249954
0.0037869932129979134
0.0037341779097914696
0.0036871149204671383
0.003645071294158697
0.0036077823024243116
0.0035748970694839954
0.0035452796146273613
0.0035185215529054403
0.0034943202044814825
0.0034721381962299347
0.0034519776236265898
0.003433296689763665
0.0034161179792135954
0.0034002712927758694
0.003385708900168538
0.003372238017618656
0.0033597068395465612
0.003348230617120862
0.003337381174787879
0.0033269457053393126
0.0033168692607432604
0.003307125996798277
0.000504844356328249
0.00045712379505857825
0.0004531044396571815
0.0004505495016928762
0.0004483632219489664
0.00044640954001806676
0.0036287829279899597
0.0037142105866223574
0.0036399492528289557
0.0035611020866781473
0.0034966387320309877
0.0034762548748403788
0.0034587406553328037
0.0034257546067237854
0.003396732732653618
0.0033706987742334604
0.0033475691452622414
0.0033271105494350195
0.0033092128578573465
0.003293445101007819
0.003279448952525854
0.003266945481300354
0.003255703952163458
0.003245523665100336
0.003236247692257166
0.003227728884667158
0.003219823818653822
0.0032118945382535458
0.0032037438359111547
0.0031956268940120935
0.003187688998878002
0.003179837018251419
0.0031720101833343506
0.0031641789246350527
0.0031567991245537996
0.003149670083075762
0.0031425575725734234
0.003135401988402009
0.003128417767584324
0.00312152411788702
0.003114682622253895
0.003107802476733923
0.0031008555088192225
0.003093831706792116
0.003086728509515524
0.003079546382650733
0.003072286257520318
0.0030649476684629917
0.0030575324781239033
0.0030500481370836496
0.0030424953438341618
0.0030348743312060833
0.0030272118747234344
0.0030195110011845827
0.003011742839589715
0.0030038924887776375
0.0029959569219499826
0.0029879387002438307
0.0029798431787639856
0.0029716836288571358
0.002963465638458729
0.0029552450869232416
0.002947033615782857
