0.006668887101113796
0.007256951183080673
0.008053693920373917
0.008675878867506981
0.009510994888842106
0.009804574772715569
0.009889321401715279
0.009944718331098557
0.010010846890509129
0.010097707621753216
0.010178400203585625
0.010262942872941494
0.01034690160304308
0.010438168421387672
0.010544178076088428
0.01065510418266058
0.010771269910037518
0.010930984281003475
0.01114193256944418
0.011394643224775791
0.011678417213261127
0.011984885670244694
0.01231292448937893
0.012657242827117443
0.012982767075300217
0.013286120258271694
0.013605394400656223
0.013940280303359032
0.014298147521913052
0.01467383373528719
0.015067629516124725
0.015479801222682
0.01591452583670616
0.0009714648476801813
0.000899501028470695
0.0008890126482583582
0.0008934081415645778
0.0009014424867928028
0.0009095037239603698
0.0009164573275484145
0.016238156706094742
0.016529005020856857
0.016695216298103333
0.01703154668211937
0.017415868118405342
0.017856793478131294
0.01826866902410984
0.018710313364863396
0.01917683146893978
0.01963821053504944
0.020070677623152733
0.020520683377981186
0.020982887595891953
0.021454352885484695
0.02192392386496067
0.022383172065019608
0.022829735651612282
0.023269623517990112
0.023702654987573624
0.024135814979672432
0.024571740999817848
0.025010008364915848
0.025452597066760063
0.025888431817293167
0.02631390653550625
0.02673780731856823
0.027149595320224762
0.027549928054213524
0.027925746515393257
0.028289668262004852
0.028623782098293304
0.02893299236893654
0.029220813885331154
0.029487118124961853
0.02972623147070408
0.029933717101812363
0.030119430273771286
0.03027699701488018
0.030412614345550537
0.03052375838160515
0.030617358162999153
0.030692925676703453
0.030750129371881485
0.030790366232395172
0.030814779922366142
0.030823001638054848
0.030816178768873215
0.030798042193055153
0.03077002428472042
0.03073664754629135
0.030699005350470543
0.030053555965423584
0.02925887703895569
0.028527958318591118
0.027840934693813324
