0.042102064937353134
0.04796013608574867
0.05443916469812393
0.05539261922240257
0.05565030872821808
0.05577973276376724
0.05582910403609276
0.05584859848022461
0.05585016682744026
0.05585216358304024
0.055843424052000046
0.055825307965278625
0.055831603705883026
0.055846311151981354
0.05586101859807968
0.05587222799658775
0.05588412284851074
0.05588701739907265
0.05588797479867935
0.05588819086551666
0.055888526141643524
0.055888742208480835
0.05588889867067337
0.05588899180293083
0.05588917061686516
0.05588960647583008
0.05589032173156738
0.055891115218400955
0.05589229613542557
0.05589265003800392
0.0558929443359375
0.05589403584599495
0.055894434452056885
0.055894531309604645
0.05589453503489494
