0.007991693913936615
0.008260363712906837
0.007851829752326012
0.007598815951496363
0.0073455399833619595
0.00715171592310071
0.007046944461762905
0.006950941868126392
0.006859007757157087
0.006725539453327656
0.006598107982426882
0.006390139926224947
0.006231547798961401
0.006103201303631067
0.005998500622808933
0.005910821259021759
0.005836050491780043
0.005771825090050697
0.0057166144251823425
0.005669436417520046
0.005629480816423893
0.00559644028544426
0.005569039843976498
0.005545517895370722
0.005525010172277689
0.005507015623152256
0.005491435993462801
0.005477318074554205
0.005463957786560059
0.005450864788144827
0.005437768995761871
0.00542456516996026
0.00541127473115921
0.005398069508373737
0.005385146476328373
0.005372744984924793
0.005360642448067665
0.000465424673166126
0.00045586441410705447
0.0004491250147111714
0.000439595605712384
0.0004318404826335609
0.0004293129313737154
0.005929275415837765
0.006085818633437157
0.005995130632072687
0.005892498418688774
0.005757812410593033
0.005712525919079781
0.005694791208952665
0.005672274623066187
0.005631573963910341
0.005596038419753313
0.005540511105209589
0.005493284203112125
0.005448861047625542
0.005410622805356979
0.005376537796109915
0.005345003679394722
0.005316088441759348
0.005289455410093069
0.005265392363071442
0.005243443883955479
0.005223478656262159
0.005205255001783371
0.005188524257391691
0.005172654986381531
0.005156821105629206
0.005141441710293293
0.0051264953799545765
0.00511202635243535
0.005097805056720972
0.005083763971924782
0.005069810897111893
0.005055879708379507
0.005041934549808502
0.00502805644646287
0.005014160182327032
0.005000159610062838
0.004986139480024576
0.004972062539309263
0.004957936238497496
0.00494379922747612
0.004929600283503532
0.004915579687803984
0.004901797045022249
0.0048880791291594505
0.004874470643699169
0.004860875196754932
0.004847234580665827
0.004833548329770565
0.004819837398827076
0.004806109704077244
0.004792348947376013
0.004778523929417133
0.004764634650200605
0.004750688094645739
0.004736690316349268
0.004722662270069122
0.004708588123321533
0.004694466013461351
0.004680300131440163
