0.02401423454284668
0.03172851353883743
0.03508276119828224
0.03067786432802677
0.027541855350136757
0.025327490642666817
0.02409343607723713
0.022966569289565086
0.021983569487929344
0.02074785716831684
0.0197234395891428
0.018274608999490738
0.017213672399520874
0.016427773982286453
0.015829963609576225
0.015361013822257519
0.014985804446041584
0.014695820398628712
0.014478588476777077
0.014313534833490849
0.014189080335199833
0.014096235856413841
0.014027407392859459
0.01397760957479477
0.013940822333097458
0.013911149464547634
0.013885418884456158
0.013861597515642643
0.01383815985172987
0.013813937082886696
0.013788008131086826
0.013759719207882881
0.013729069381952286
0.013695718720555305
0.013659710995852947
0.01362096332013607
0.013580276630818844
0.0013129116268828511
0.001294248504564166
0.0012846705503761768
0.001269893953576684
0.0012592863058671355
0.0012424304150044918
0.019443748518824577
0.020017337054014206
0.01861536130309105
0.01746954396367073
0.016535526141524315
0.01622447744011879
0.016090892255306244
0.01591763272881508
0.01560184732079506
0.015338171273469925
0.014927204698324203
0.014610369689762592
0.014340762980282307
0.014107986353337765
0.013905620202422142
0.013729985803365707
0.013577532954514027
0.013445314019918442
0.013330833986401558
0.013232283294200897
0.013146985322237015
0.013072793371975422
0.013008051551878452
0.012951673939824104
0.012902682647109032
0.01286008395254612
0.012822810560464859
0.012789852917194366
0.01276023592799902
0.012733040377497673
0.01270743552595377
0.012682904489338398
0.012658867053687572
0.01263511274009943
0.012611616402864456
0.012588291428983212
0.012565065175294876
0.012541685253381729
0.012517867609858513
0.012493405491113663
0.012468134984374046
0.012441991828382015
0.012414981611073017
0.01238714624196291
0.01235853973776102
0.012329167686402798
0.01229898165911436
0.012267944402992725
0.012236053124070168
0.012203341349959373
0.012169874273240566
0.012135740369558334
0.012101735919713974
0.01206710934638977
0.012031566351652145
0.011995179578661919
0.011958396062254906
0.011921404860913754
0.011886630207300186
