0.02221142128109932
0.028334883973002434
0.030313359573483467
0.03043484501540661
0.030659718438982964
0.03081914782524109
0.03086264617741108
0.03093423694372177
0.031021812930703163
0.031125033274292946
0.031287845224142075
0.03147133067250252
0.03166801482439041
0.03185363486409187
0.03205311670899391
0.032271288335323334
0.032479532063007355
0.032684482634067535
0.03289756923913956
0.03312438726425171
0.0333663746714592
0.03366907313466072
0.034062400460243225
0.03454262390732765
0.03510072082281113
0.03573077544569969
0.03642154857516289
0.0371619313955307
0.037937067449092865
0.0387437604367733
0.03959082439541817
0.04048167169094086
0.0023650657385587692
0.001743335509672761
0.0015617858152836561
0.001528784167021513
0.001523897284641862
0.0015221465146169066
0.035046759992837906
0.03956886753439903
0.04147391766309738
0.04039822146296501
0.03966345638036728
0.03907140716910362
0.03853440657258034
0.03801961988210678
0.037505075335502625
0.0369408018887043
0.03624195232987404
0.03554578498005867
0.03483330458402634
0.03411109000444412
0.03338019177317619
0.03266572952270508
0.031949739903211594
0.031223881989717484
0.03049701265990734
0.029772339388728142
0.029052017256617546
0.028327684849500656
0.027604376897215843
0.026885591447353363
0.02617551013827324
0.025479070842266083
0.024795714765787125
0.02412291243672371
0.023459630087018013
0.022809475660324097
0.022171804681420326
0.021547237411141396
0.020938165485858917
0.020342567935585976
0.01975938305258751
0.019188426434993744
0.01863352581858635
0.018094751983880997
0.01757114566862583
0.01706305891275406
0.01656661368906498
0.016080070286989212
0.015604119747877121
0.015152355656027794
0.01472459640353918
0.014318902976810932
0.013930678367614746
0.01355427410453558
0.013189260847866535
0.012836637906730175
0.012500600889325142
0.01218040194362402
0.011873859912157059
0.011579306796193123
