3.915534019470215
4.506314277648926
5.649510383605957
6.79188346862793
7.551239013671875
7.11459493637085
6.796164035797119
6.638753414154053
6.6569623947143555
6.819742202758789
7.082062244415283
7.423105716705322
7.817991733551025
8.272028923034668
8.789833068847656
9.38967514038086
9.524740219116211
9.513699531555176
9.441740036010742
9.413193702697754
9.447983741760254
9.51741886138916
9.6201753616333
9.757157325744629
9.929305076599121
10.131190299987793
10.352091789245605
10.585606575012207
10.821722030639648
11.064593315124512
11.319870948791504
11.582889556884766
0.218125119805336
0.17144104838371277
0.167828768491745
0.16999158263206482
0.17439524829387665
0.18007881939411163
11.086751937866211
13.454144477844238
13.900638580322266
14.158967971801758
14.461426734924316
14.83968734741211
15.292323112487793
15.802962303161621
16.354822158813477
16.93147087097168
17.53042984008789
18.121623992919922
18.698509216308594
19.251441955566406
19.868619918823242
20.573143005371094
21.23257827758789
21.459205627441406
21.87289047241211
22.496898651123047
23.141918182373047
23.810169219970703
24.51229476928711
25.242040634155273
25.98374366760254
26.727249145507812
27.472753524780273
28.22551918029785
28.98233413696289
29.74015998840332
30.49298095703125
31.233501434326172
31.956514358520508
32.66290283203125
33.34906005859375
34.0257682800293
34.70823669433594
35.39125061035156
36.07602310180664
36.824798583984375
37.53935623168945
38.19200134277344
38.78837585449219
39.33115768432617
39.82604217529297
40.279571533203125
40.70104217529297
41.09651184082031
41.47439956665039
41.840118408203125
42.1966438293457
42.550472259521484
42.911502838134766
43.27427673339844
43.632972717285156
