0.007927631959319115
0.008688469417393208
0.009631246328353882
0.010645071044564247
0.011395728215575218
0.011534588411450386
0.011614065617322922
0.011685642413794994
0.011759249493479729
0.011846760287880898
0.011909711174666882
0.011970351450145245
0.012041579000651836
0.012132618576288223
0.012222342193126678
0.012301717884838581
0.012389233335852623
0.012482044287025928
0.012576931156218052
0.01267881691455841
0.012796875089406967
0.012941059656441212
0.013110719621181488
0.013304449617862701
0.013514687307178974
0.013735616579651833
0.0139652444049716
0.014203233644366264
0.01444944366812706
0.014700628817081451
0.014924732968211174
0.015144835226237774
0.0008476104703731835
0.0008405997068621218
0.0008428299333900213
0.0008476321236230433
0.0008517777314409614
0.0008548810728825629
0.014908256009221077
0.015390844084322453
0.0156371109187603
0.015825288370251656
0.016017697751522064
0.016242099925875664
0.016498401761054993
0.016781728714704514
0.01708623394370079
0.01740763708949089
0.0177442729473114
0.0180934090167284
0.01845434121787548
0.018832407891750336
0.019228247925639153
0.019652830436825752
0.02009347453713417
0.02055448479950428
0.02104702778160572
0.021559420973062515
0.021971343085169792
0.022365054115653038
0.02276565320789814
0.02317100018262863
0.023581612855196
0.023994918912649155
0.02440721169114113
0.024816958233714104
0.02522279880940914
0.025626325979828835
0.026016755029559135
0.02639012224972248
0.026754720136523247
0.02710813283920288
0.027450373396277428
0.027782069519162178
0.02810366079211235
0.02841481938958168
0.028715841472148895
0.029006538912653923
0.029287416487932205
0.02955741621553898
0.02981528453528881
0.03006589040160179
0.030321814119815826
0.030565056949853897
0.030796682462096214
0.031016064807772636
0.031222492456436157
0.03142593428492546
0.03162449970841408
0.03180611878633499
0.0319814532995224
0.03214939683675766
