0.04180729389190674
0.045993681997060776
0.0523994155228138
0.05507665500044823
0.055773597210645676
0.05610458180308342
0.056273747235536575
0.056603819131851196
0.05702345818281174
0.05731811746954918
0.057533182203769684
0.05769536644220352
0.05783025547862053
0.0579695887863636
0.05814896151423454
0.05829226225614548
0.05841255187988281
0.05852391943335533
0.058628927916288376
0.05873284116387367
0.05882766470313072
0.058915574103593826
0.05901366099715233
0.05914131551980972
0.05927583947777748
0.059429872781038284
0.05966368317604065
0.059898946434259415
0.06016663834452629
0.06051749736070633
0.06097603961825371
0.06149674579501152
0.002978434320539236
0.002810223726555705
0.002805395284667611
0.002801856491714716
0.0027997365687042475
0.0027939288411289454
0.055812299251556396
0.0582316592335701
0.060202017426490784
0.061963725835084915
0.06349531561136246
0.06486600637435913
0.06611417233943939
0.06726226955652237
0.06835535913705826
0.06941743195056915
0.07044925540685654
0.07146170735359192
0.07246395200490952
0.07345900684595108
0.07444251328706741
0.07541181147098541
0.07639254629611969
0.07740028947591782
0.07844579219818115
0.07954904437065125
0.08012130111455917
0.08071132749319077
0.0819324404001236
0.0832197442650795
0.08454380184412003
0.08590042591094971
0.08727795630693436
0.0887150764465332
0.09022627770900726
0.09179582446813583
0.09312590211629868
0.09420821815729141
0.09522437304258347
0.09620782732963562
0.09679843485355377
0.09726020693778992
0.09816958010196686
0.09913469105958939
0.10017253458499908
0.10120824724435806
0.10237009823322296
0.10427863895893097
0.10614614188671112
0.10782893747091293
0.10945558547973633
0.1108139380812645
0.11155200004577637
0.11245566606521606
0.11368483304977417
0.11526289582252502
0.11706160008907318
0.11918754875659943
0.11409196257591248
0.10328962653875351
0.10101492702960968
0.10286980867385864
