0.021373657509684563
0.026433147490024567
0.02948283590376377
0.030220290645956993
0.030579574406147003
0.030777689069509506
0.030870940536260605
0.030883334577083588
0.030900077894330025
0.030957616865634918
0.03107658214867115
0.031188301742076874
0.03134165331721306
0.03154078498482704
0.03176778927445412
0.03199160099029541
0.032195184379816055
0.032367877662181854
0.03252686187624931
0.03267594054341316
0.0328294038772583
0.032992467284202576
0.033167384564876556
0.033344659954309464
0.033526916056871414
0.03373607620596886
0.03398660570383072
0.034293871372938156
0.0346575565636158
0.03507605567574501
0.035547513514757156
0.03606686368584633
0.0018706778064370155
0.001449181349016726
0.001387043739669025
0.001364510622806847
0.001358546200208366
0.001356208696961403
0.0291184950619936
0.03369550779461861
0.03607820346951485
0.03751234710216522
0.038505494594573975
0.03929542750120163
0.04002855718135834
0.040765464305877686
0.041279423981904984
0.04078815504908562
0.04037075862288475
0.03997434303164482
0.03958091139793396
0.03918334096670151
0.038776982575654984
0.03836682438850403
0.037942130118608475
0.037476152181625366
0.03729822859168053
0.036918722093105316
0.036364875733852386
0.035800278186798096
0.03522195667028427
0.03463498130440712
0.034044791013002396
0.033447809517383575
0.032862432301044464
0.03227860480546951
0.03169167414307594
0.03109961561858654
0.030499430373311043
0.02990223839879036
0.02930619567632675
0.028992362320423126
0.028713462874293327
0.028110072016716003
0.02751225233078003
0.0269168671220541
0.026323728263378143
0.025735748931765556
0.02515878714621067
0.024588152766227722
0.024025488644838333
0.023470597341656685
0.02292376384139061
0.02238186076283455
0.02184569276869297
0.021316472440958023
0.020795287564396858
0.020280657336115837
0.019773008301854134
0.019273651763796806
0.018783006817102432
0.01830083690583706
0.01782676950097084
0.017363015562295914
