9.39200210571289
13.352782249450684
10.795868873596191
8.777107238769531
7.874852657318115
7.478221416473389
7.252227306365967
7.135847568511963
7.048023223876953
6.964912414550781
6.90232515335083
6.859809875488281
6.837028503417969
6.821526527404785
6.793903827667236
6.731743812561035
6.677152633666992
6.6391682624816895
6.623991012573242
6.632004261016846
6.636225700378418
6.663120269775391
6.72245979309082
6.813218593597412
6.927989959716797
7.064393997192383
7.222350120544434
7.404271125793457
7.6072773933410645
7.834550380706787
8.092930793762207
8.385966300964355
0.5347084403038025
0.4778907597064972
0.45426255464553833
0.4555106461048126
0.4646688401699066
0.47603926062583923
10.552180290222168
10.923657417297363
10.941478729248047
11.327455520629883
11.79839038848877
12.330536842346191
12.897309303283691
13.507062911987305
14.177248001098633
14.944387435913086
15.794549942016602
16.72233009338379
17.7104434967041
18.743732452392578
19.787540435791016
20.809757232666016
21.810646057128906
22.790969848632812
23.758371353149414
24.722259521484375
25.718021392822266
26.628475189208984
27.457901000976562
28.207542419433594
28.881933212280273
29.496139526367188
30.066837310791016
30.599346160888672
31.09746742248535
31.55527114868164
31.96558952331543
32.329158782958984
32.66986846923828
32.998226165771484
33.331214904785156
33.67184829711914
34.0198974609375
34.364986419677734
34.69261932373047
34.99481201171875
35.26167678833008
35.485389709472656
35.665611267089844
35.816253662109375
35.951534271240234
36.076759338378906
36.198360443115234
36.36698532104492
36.53583908081055
36.692626953125
36.84341812133789
36.99728775024414
37.15424728393555
37.31417465209961
37.474979400634766
