0.007830320857465267
0.00875001959502697
0.008355900645256042
0.008052169345319271
0.007880709134042263
0.007770152296870947
0.007684600073844194
0.007610571105033159
0.007549970876425505
0.007496821228414774
0.0074457162991166115
0.007398340385407209
0.007352833170443773
0.007307649124413729
0.007263755891472101
0.007220856379717588
0.007179217878729105
0.0071400124579668045
0.007103422656655312
0.007068045902997255
0.007034520618617535
0.007002564147114754
0.006971676368266344
0.006941896863281727
0.006913247983902693
0.006887092720717192
0.00686290580779314
0.006839879788458347
0.006817250046879053
0.00679430877789855
0.00677062850445509
0.0067457458935678005
0.0006698310025967658
0.0005783240776509047
0.000544457696378231
0.0005350524443201721
0.0005327885155566037
0.0005327544058673084
0.007073460146784782
0.006957768928259611
0.006793778855353594
0.0066939424723386765
0.006627174094319344
0.006576321553438902
0.006533187348395586
0.006493687629699707
0.006455454975366592
0.006417068187147379
0.006377772428095341
0.006337091792374849
0.006294711958616972
0.00625043548643589
0.006204352248460054
0.0061563788913190365
0.006107144523411989
0.006057262886315584
0.006041659973561764
0.0060058399103581905
0.00594856683164835
0.005885263904929161
0.005816159304231405
0.005746901035308838
0.005676676984876394
0.005606616847217083
0.005535244941711426
0.00546172633767128
0.005386505741626024
0.005309863947331905
0.005231938324868679
0.005152749363332987
0.005072363652288914
0.005029535386711359
0.004991606343537569
0.004909326788038015
0.004827291239053011
0.0047452994622290134
0.004663628060370684
0.004582639317959547
0.00450280774384737
0.004424102604389191
0.00434589758515358
0.004268067888915539
0.004190713632851839
0.004113823175430298
0.004037435166537762
0.003961655311286449
0.0038865781389176846
0.0038122606929391623
0.0037386638578027487
0.0036661478225141764
0.003594916546717286
0.003524976084008813
0.00345621001906693
0.003388479584828019
