0.04114384204149246
0.04531887173652649
0.05284701660275459
0.0548042468726635
0.05536060035228729
0.05574661120772362
0.05599861964583397
0.05617678910493851
0.05637616664171219
0.05658670514822006
0.05682191252708435
0.057017870247364044
0.057212408632040024
0.057439692318439484
0.05767764523625374
0.0578850694000721
0.05806152895092964
0.05823418125510216
0.058425743132829666
0.05865273252129555
0.05892281234264374
0.05925538018345833
0.05966861546039581
0.060181137174367905
0.06077376380562782
0.06141331046819687
0.06210238113999367
0.06285665184259415
0.0636805072426796
0.06458558142185211
0.06554442644119263
0.06655970215797424
0.0039015093352645636
0.003842652775347233
0.0038098772056400776
0.0037720066029578447
0.0037487964145839214
0.0037328489124774933
0.06164940074086189
0.06428411602973938
0.06608673185110092
0.0676518902182579
0.06926672905683517
0.07098997384309769
0.07282475382089615
0.07473544031381607
0.07669996470212936
0.07869652658700943
0.08072196692228317
0.08280155062675476
0.08492259681224823
0.08705249428749084
0.08915989845991135
0.09118814021348953
0.0928177759051323
0.09417660534381866
0.0955977663397789
0.09706514328718185
0.09846048802137375
0.09981530904769897
0.10117538273334503
0.10343481600284576
0.10572624951601028
0.1080525815486908
0.11044596135616302
0.11291943490505219
0.11519347876310349
0.11735910922288895
0.11926734447479248
0.12098948657512665
0.12265733629465103
0.12440129369497299
0.12596438825130463
0.12777628004550934
0.1298869550228119
0.13213111460208893
0.1344301849603653
0.13676269352436066
0.13920769095420837
0.14146263897418976
0.14363841712474823
0.14605560898780823
0.14859817922115326
0.15133477747440338
0.14613837003707886
0.1412217766046524
0.13673242926597595
0.13264156877994537
0.1287880837917328
0.12508942186832428
0.12150127440690994
0.11802301555871964
