1499.9964599609375
1500.0
1500.0
1500.0
1500.0
1500.0
1500.0
1500.0
1500.0
1500.0
1500.0
1500.0
1500.0
1500.0
1500.0
1500.0
1500.0
1500.0
1500.0
1500.0
1500.0
1500.0
1500.0
1500.0
1500.0
1500.0
1500.0
1500.0
1500.0
1500.0
1500.0
1500.0
100.0
100.0
100.0
100.0
100.0
100.0
1500.0
1500.0
1500.0
1500.0
1500.0
1500.0
1500.0
1500.0
1499.9998779296875
1500.0
1424.0537109375
1326.51220703125
1231.6697998046875
1141.612548828125
1056.20751953125
974.1353149414062
922.6336059570312
889.617919921875
863.1130981445312
839.6913452148438
828.1988525390625
816.4111938476562
792.644287109375
769.1456909179688
748.9413452148438
728.9537963867188
709.0034790039062
689.270751953125
669.6382446289062
650.1138916015625
630.6756591796875
611.3649291992188
592.2810668945312
573.5451049804688
555.1388549804688
537.4601440429688
520.67529296875
504.7039794921875
489.5295715332031
475.1396484375
461.5280456542969
449.06427001953125
437.2234802246094
425.82293701171875
414.80499267578125
404.068359375
393.56610107421875
383.2441101074219
373.1186828613281
363.207275390625
353.5744934082031
344.30047607421875
335.38177490234375
326.8511047363281
318.69793701171875
