1499.99755859375
1500.0
1500.0
1500.0
1500.0
1500.0
1500.0
1500.0
1500.0
1500.0
1500.0
1500.0
1500.0
1499.9765625
1500.0
1500.0
1500.0
1500.0
1500.0
1500.0
1500.0
1500.0
1500.0
1500.0
1500.0
1500.0
1500.0
1500.0
1500.0
1500.0
1500.0
1500.0
100.0
100.0
100.0
100.0
100.0
100.0
1500.0
1500.0
1499.9998779296875
1500.0
1499.9998779296875
1499.9998779296875
1499.9998779296875
1500.0
1500.0
1500.0
1460.8092041015625
1370.7435302734375
1280.5594482421875
1190.63525390625
1103.58447265625
1020.7985229492188
947.6229858398438
912.6570434570312
882.1752319335938
859.5148315429688
848.4121704101562
836.8231811523438
813.1845703125
789.8440551757812
766.5863647460938
746.9751586914062
727.4082641601562
707.8561401367188
688.497314453125
669.2966918945312
650.1942749023438
631.0341186523438
611.9878540039062
593.3737182617188
575.1878051757812
557.3447265625
540.1569213867188
523.8126831054688
508.25079345703125
493.4147644042969
479.38128662109375
466.0666809082031
453.75921630859375
442.0868835449219
430.815673828125
425.3434753417969
419.9469299316406
409.3476867675781
398.9632263183594
388.7809143066406
378.8187561035156
369.0763854980469
359.5604248046875
350.3695983886719
341.4965515136719
332.94219970703125
