1500.0
1500.0140380859375
1499.434326171875
1500.006591796875
1500.0
1499.9970703125
1500.0
1425.3076171875
1243.7257080078125
1192.2462158203125
1167.838623046875
1123.5733642578125
1092.6717529296875
1059.387451171875
1047.7943115234375
1050.1768798828125
1055.570068359375
1062.4287109375
1070.135498046875
1076.8218994140625
1081.09130859375
1082.7193603515625
1082.4681396484375
1081.1641845703125
1079.2880859375
1076.9344482421875
1074.2725830078125
1071.331298828125
1068.1826171875
1064.7403564453125
1061.0936279296875
1057.4146728515625
1053.835693359375
1050.385009765625
1047.1005859375
1044.1295166015625
1041.2333984375
1038.3089599609375
99.97930145263672
99.99996948242188
99.99998474121094
100.0
99.99999237060547
100.0
1499.9986572265625
1500.0
1500.0433349609375
1500.0
1499.9271240234375
1499.3037109375
998.778564453125
1046.5198974609375
1059.9554443359375
1059.4263916015625
1057.5450439453125
1051.522705078125
1042.0887451171875
1032.21337890625
1023.7908935546875
1016.2286376953125
1009.4729614257812
1003.3788452148438
997.6905517578125
992.1353149414062
986.6046752929688
981.11669921875
975.6808471679688
970.228759765625
964.7142944335938
959.1465454101562
953.5780029296875
948.072509765625
942.6760864257812
937.463134765625
932.4934692382812
927.6925659179688
922.90380859375
918.0433349609375
913.1127319335938
908.1737060546875
903.314453125
898.5759887695312
893.955322265625
889.4418334960938
885.041259765625
880.7471923828125
876.53271484375
872.3654174804688
868.211181640625
864.0308227539062
859.7919311523438
855.486083984375
851.1245727539062
846.727294921875
842.3193359375
837.9239501953125
833.557861328125
829.2367553710938
824.9741821289062
820.7860107421875
816.6897583007812
812.6834106445312
