1500.0
1500.0
1500.0
1499.9998779296875
1499.999755859375
1500.0
1500.0
1500.0
1500.0
1500.0
1500.0
1499.98681640625
1500.0
1500.0
1500.0
1500.0
1500.0
1500.0
1500.0
1500.0
1500.0
1500.0
1500.0
1500.0
1500.0
1500.0
1500.0
1500.0
1500.0
1500.0
1500.0
1500.0
100.0
99.99977111816406
99.97351837158203
99.85565948486328
99.99991607666016
99.99870300292969
1500.0
1500.0
1499.9998779296875
1499.9998779296875
1500.0
1500.0
1498.7232666015625
1500.0
1500.005859375
1500.0
1500.0
1500.0
1500.0
1500.0
1500.0
1500.0
1500.0
1500.0
1500.0
1500.0
1500.0
1500.0
1500.0
1500.0
1500.0
1500.0
1500.0
1500.0
1463.4869384765625
1426.818115234375
1396.8909912109375
1368.317138671875
1336.2152099609375
1300.124267578125
1258.7880859375
1211.7979736328125
1159.0823974609375
1116.097900390625
1096.14404296875
1076.2252197265625
1055.556884765625
1034.7156982421875
1012.7750244140625
989.55712890625
965.6517333984375
941.5498657226562
914.2236328125
880.0519409179688
843.104248046875
804.7921752929688
764.783935546875
723.6087646484375
694.11181640625
657.730224609375
610.6425170898438
566.344482421875
545.26708984375
