1500.0
1500.0
1500.0
1500.0
1499.9990234375
1500.0
1500.0
1500.0
1500.0
1500.0
1500.0
1499.99951171875
1500.0
1500.0
1500.0
1500.0
1488.325439453125
1467.50341796875
1446.227294921875
1424.2218017578125
1401.537353515625
1378.2545166015625
1354.48388671875
1330.289794921875
1305.8323974609375
1281.142333984375
1256.10888671875
1230.6385498046875
1204.734619140625
1178.5146484375
1152.1080322265625
1125.6424560546875
100.0
99.99999237060547
99.99778747558594
99.999267578125
99.99852752685547
99.99991607666016
1423.6187744140625
1284.5745849609375
1202.6978759765625
1135.3927001953125
1089.831298828125
1039.5841064453125
1006.54443359375
981.9888305664062
961.814208984375
943.0777587890625
924.1762084960938
904.8159790039062
884.8025512695312
864.212890625
844.9049072265625
828.3165283203125
812.0775756835938
795.9810180664062
779.9149780273438
763.94140625
748.0552368164062
731.8486328125
715.9031982421875
700.2935791015625
685.0281982421875
670.0977783203125
655.4932250976562
641.2070922851562
627.243408203125
613.6123657226562
600.2526245117188
587.17138671875
574.3850708007812
561.8939819335938
549.693603515625
537.7540893554688
526.0714721679688
514.6535034179688
503.5063781738281
492.6025390625
481.92449951171875
471.4994812011719
461.3393859863281
451.4326171875
441.7784423828125
432.3801574707031
423.23883056640625
414.33831787109375
405.6721496582031
397.2254638671875
388.9866027832031
380.9552001953125
373.04840087890625
365.4442443847656
358.0567321777344
350.8858642578125
343.9163818359375
