1500.0
1499.8829345703125
1373.3341064453125
1187.2486572265625
1002.3683471679688
872.5709838867188
699.9962158203125
643.5936279296875
581.8062744140625
511.30340576171875
467.3037109375
440.1204528808594
423.893310546875
414.2674865722656
408.0021057128906
403.5389099121094
400.34088134765625
398.11724853515625
396.72418212890625
396.01995849609375
395.8365478515625
396.0058898925781
396.42913818359375
397.0301818847656
397.72698974609375
398.3555908203125
398.79278564453125
399.10833740234375
399.3416748046875
399.5067138671875
399.6075134277344
399.6459655761719
399.62286376953125
399.53424072265625
399.3931579589844
100.53263854980469
100.0
100.0
100.0
99.9559555053711
98.16121673583984
578.5499267578125
611.0936889648438
597.7789306640625
572.7923583984375
540.4432373046875
526.156005859375
512.234130859375
489.60980224609375
472.6995849609375
459.5215759277344
449.2313537597656
440.573974609375
432.76617431640625
425.640869140625
419.16156005859375
413.25177001953125
407.9096374511719
403.1379699707031
398.8571472167969
394.96490478515625
391.34869384765625
387.9935302734375
384.8999328613281
382.05694580078125
379.4426574707031
376.99395751953125
374.65411376953125
372.36907958984375
370.09698486328125
367.8298645019531
365.58270263671875
363.3807678222656
361.23541259765625
359.1522216796875
357.1282043457031
355.1669006347656
353.263671875
351.4062194824219
349.57843017578125
347.76959228515625
345.9745178222656
344.1897277832031
342.4276123046875
340.689453125
338.9720764160156
337.2735290527344
335.5935974121094
333.9332580566406
332.295166015625
330.6776428222656
329.0746154785156
327.48309326171875
325.9061279296875
324.3482360839844
322.8108215332031
321.2937316894531
319.7972106933594
