1499.9998779296875
1500.0
1500.0
1500.0
1500.0
1500.0
1500.0
1500.0
1500.0
1500.0
1500.0
1500.0
1500.0
1500.0
1500.0
1500.0
1500.0
1500.0
1500.0
1500.0
1500.0
1500.0
1500.0
1500.0
1500.0
1500.0
1500.0
1500.0
1500.0
1500.0
1500.0
1500.0
100.0274887084961
100.0
100.0
100.0
100.0
100.0
1500.0
1499.9998779296875
1499.9998779296875
1413.9395751953125
1337.967041015625
1274.493408203125
1218.3743896484375
1166.8577880859375
1142.2476806640625
1118.3349609375
1071.86767578125
1026.7110595703125
982.7706298828125
939.88818359375
897.9133911132812
856.8641357421875
816.7451171875
778.7899169921875
743.0054931640625
708.995361328125
676.475830078125
645.311767578125
615.44189453125
598.8900146484375
586.702392578125
559.1636962890625
532.8421630859375
507.7101135253906
483.7422180175781
460.8919677734375
439.1938781738281
418.5796203613281
398.9544372558594
380.2914733886719
371.2446594238281
362.445068359375
345.4706115722656
329.5031433105469
314.6641845703125
300.5353088378906
286.7814025878906
274.2861328125
262.4942626953125
251.22076416015625
240.47689819335938
230.2686309814453
220.60240173339844
211.56764221191406
202.93093872070312
194.83639526367188
187.20262145996094
179.9576416015625
173.07321166992188
166.52357482910156
160.29049682617188
154.36363220214844
148.73728942871094
143.38978576660156
