1500.0
1500.0
1500.0172119140625
1500.0
1500.0
1500.0
1500.0
1499.9998779296875
1500.0
1500.0
1500.0
1500.0
1500.0
1500.0
1500.0
1500.0
1500.0
1500.0
1499.991943359375
1485.7568359375
1464.691650390625
1443.0838623046875
1420.7470703125
1397.725341796875
1374.08984375
1349.96240234375
1325.4373779296875
1300.6575927734375
1275.6435546875
1250.2177734375
1224.282470703125
1197.8709716796875
1171.143798828125
1144.252685546875
1117.3468017578125
100.0
99.99999237060547
99.99712371826172
99.99915313720703
99.9973373413086
99.99994659423828
1234.4373779296875
1144.3455810546875
1116.658935546875
1088.128173828125
1055.5426025390625
1030.9898681640625
998.276123046875
973.8670654296875
953.2303466796875
933.4515991210938
923.6571044921875
913.7560424804688
893.5718383789062
872.5030517578125
851.8087158203125
834.5489501953125
818.0718994140625
801.7830810546875
785.475341796875
769.207275390625
753.0636596679688
736.6572265625
720.5283203125
704.7404174804688
689.2838134765625
674.1546020507812
659.3035888671875
644.7344360351562
630.47509765625
616.554931640625
602.9494018554688
589.6223754882812
576.5887451171875
563.85498046875
551.4392700195312
539.2883911132812
527.3988037109375
515.7816772460938
504.4218444824219
493.3101806640625
482.4725341796875
471.9139099121094
461.6288757324219
456.5693664550781
451.5671081542969
441.7743225097656
432.2383117675781
422.9595642089844
413.9284973144531
405.13372802734375
396.5633544921875
388.20458984375
380.060791015625
372.1252746582031
364.3356628417969
356.83709716796875
349.5672607421875
342.50634765625
335.6449890136719
