1500.0
1500.0
1498.565185546875
1500.002197265625
1500.0
1500.0001220703125
1500.0
1500.0
1500.0
1500.0
1500.0
1500.0
1500.0
1500.0
1500.0
1500.0
1500.0
1500.0
1500.0
1500.0
1500.0
1500.0
1500.0
1500.0
1500.0
1500.0
1500.0
1500.0
1500.0
1500.0
1500.0
1500.0
1500.0
1485.4197998046875
1452.194580078125
100.0
99.984619140625
99.93307495117188
99.99809265136719
99.99944305419922
99.99996185302734
1500.0
1500.0
1500.005615234375
1500.0181884765625
1500.0155029296875
1463.00244140625
1349.28466796875
1289.7974853515625
1253.36767578125
1227.5364990234375
1216.30517578125
1205.9014892578125
1185.7237548828125
1165.0885009765625
1143.673828125
1121.8673095703125
1099.536865234375
1076.4373779296875
1052.5784912109375
1028.8304443359375
1005.3739624023438
982.5689086914062
960.50390625
939.5174560546875
918.6431274414062
898.0064086914062
877.7749633789062
858.0206298828125
838.6476440429688
819.599365234375
800.857666015625
782.4568481445312
764.41943359375
746.78369140625
729.5444946289062
712.6898803710938
696.2262573242188
680.1625366210938
664.4874877929688
649.1910400390625
634.2723388671875
619.7376708984375
605.5310668945312
598.5430297851562
591.6258544921875
578.0755615234375
564.85986328125
551.9786376953125
539.4364013671875
527.235107421875
515.367431640625
503.79931640625
492.5439758300781
481.59722900390625
470.9447021484375
460.5808410644531
450.49700927734375
440.6878967285156
431.159423828125
