1500.0
1500.0
1500.0
1500.0001220703125
1500.0
1499.997314453125
1500.0
1500.0
1500.0
1500.0
1500.0
1500.0
1500.0
1500.0
1500.0
1500.0
1500.0
1500.0
1500.0
1500.0
1500.0
1500.0
1500.0
1500.0
1500.0
1500.0
1500.0
1500.0
1500.0
1500.0
1500.0
1500.0
100.0
100.0
100.0
100.0
100.0
100.0
1500.0
1500.0
1500.0
1500.0
1500.0
1500.0
1500.0
1500.0
1500.0
1500.0
1500.0
1500.0
1500.0
1500.0
1500.0
1500.0
1500.0
1500.0
1500.0
1500.0
1500.0
1500.0
1500.0
1500.0
1500.0
1500.0
1461.1475830078125
1415.8504638671875
1372.904541015625
1331.81201171875
1292.1439208984375
1253.8155517578125
1217.3223876953125
1182.47705078125
1148.771240234375
1116.1318359375
1084.808349609375
1069.4754638671875
1054.3262939453125
1025.690185546875
998.8339233398438
973.3700561523438
950.0523071289062
928.5243530273438
907.9818725585938
887.3121948242188
865.8119506835938
843.9916381835938
823.7214965820312
806.6840209960938
791.1660766601562
775.7213745117188
755.9918823242188
735.3558959960938
714.35498046875
