1500.0
1500.0
1500.0
1500.0
1500.0
1500.0
1500.0
1500.0
1500.0
1500.0
1500.0
1500.0
1500.0
1500.0
1500.0
1500.0
1500.0
1500.0
1500.0
1500.0
1500.0
1500.0
1500.0
1500.0
1500.0
1500.0
1500.0
1500.0
1500.0
1500.0
1500.0
1500.0
100.56370544433594
100.0
100.0
100.0
100.0
100.0
1500.0
1500.0
1500.0
1500.0
1500.0
1500.0
1500.0
1500.0
1500.0
1500.0
1500.0
1500.0
1500.0
1500.0
1500.0
1500.0
1500.0
1500.0
1500.0
1500.0
1500.0
1500.0
1500.0
1500.0
1459.66796875
1411.4586181640625
1365.5709228515625
1321.5509033203125
1279.0582275390625
1238.064697265625
1198.4736328125
1160.1258544921875
1122.963134765625
1087.0067138671875
1052.2684326171875
1018.8606567382812
987.0059204101562
971.5382690429688
956.404296875
927.3832397460938
899.64599609375
873.1165771484375
847.605712890625
822.87060546875
798.9845581054688
775.8389892578125
753.3549194335938
731.4910888671875
710.1581420898438
689.3426513671875
669.0068969726562
649.104736328125
630.0354614257812
611.8285522460938
594.4334716796875
