1499.999755859375
1500.0
1500.0
1500.0
1500.0
1500.0067138671875
1500.0
1500.0
1499.999755859375
1499.9998779296875
1499.9998779296875
1499.999755859375
1499.9998779296875
1499.9996337890625
1500.0
1499.9781494140625
1499.9998779296875
1500.0
1500.0
1500.0
1499.9996337890625
1500.0
1500.0
1499.999755859375
1500.0
1499.9998779296875
1499.9996337890625
1499.99951171875
1499.9993896484375
1500.0
1499.9989013671875
1499.9989013671875
99.98006439208984
100.0
100.0
100.0
100.0
100.0
1500.0
1500.0
1499.999755859375
1499.99658203125
1500.00048828125
1500.0
1500.0
1500.0
1500.0
1500.0
1500.0
1500.0
1500.0
1500.0
1500.0
1500.0
1500.0
1500.0
1500.0
1500.0
1500.0
1500.0
1500.0
1500.0
1500.0
1490.102294921875
1456.9488525390625
1428.3140869140625
1400.4320068359375
1372.70361328125
1345.0478515625
1317.1220703125
1289.33544921875
1261.83203125
1234.4989013671875
1206.943359375
1179.283203125
1151.4599609375
1123.9920654296875
1096.9920654296875
1070.2557373046875
1043.6600341796875
1017.3652954101562
991.5333251953125
966.4738159179688
942.0084838867188
918.199951171875
895.2089233398438
872.9293823242188
851.1970825195312
830.1514892578125
809.4614868164062
789.2227172851562
769.5354614257812
750.5187377929688
