1500.0
1500.0
1500.0
1500.0
1500.0
1500.0
1500.0
1500.0
1500.0
1500.0
1500.0
1500.0
1500.0
1500.0
1500.0
1500.0
1500.0
1500.0
1500.0
1500.0
1500.0
1500.0
1500.0
1500.0
1500.0
1500.0
1500.0
1500.0
1500.0
1500.0
1500.0
1500.0
100.16034698486328
100.0
100.0
100.0
100.0
100.0
1500.0
1500.0
1500.0
1500.0
1500.0
1500.0
1500.0
1500.0
1500.0
1500.0
1500.0
1500.0
1500.0
1477.061279296875
1429.629150390625
1383.648681640625
1337.60009765625
1291.5303955078125
1245.654052734375
1200.2232666015625
1155.337890625
1111.1766357421875
1067.837158203125
1025.30859375
983.8414306640625
943.88818359375
905.3729858398438
868.860107421875
834.3634033203125
801.6104125976562
770.3928833007812
740.538818359375
711.9138793945312
684.4136962890625
657.9430541992188
632.4541015625
607.9192504882812
595.9642944335938
584.2296752929688
561.4513549804688
539.6090698242188
518.6878051757812
498.2320861816406
478.793212890625
460.09967041015625
442.1864013671875
424.9762878417969
408.3818359375
392.41656494140625
377.0564270019531
362.2485656738281
347.95819091796875
334.2037658691406
321.0516357421875
307.9770812988281
