1500.0
1500.0
1497.697509765625
1500.0
1500.0
1500.0
1500.0
1500.0
1500.0
1499.9990234375
1500.0
1500.0
1500.0
1500.0
1500.0
1500.0
1500.0
1500.0
1500.0
1500.0
1499.9998779296875
1499.9998779296875
1500.0
1500.0
1500.0
1500.0
1500.0
1500.0
1500.0
1446.727783203125
1334.121337890625
1218.9857177734375
1108.9493408203125
100.0
100.0
99.9999771118164
100.00050354003906
99.99983215332031
100.0
100.0
1225.54833984375
1180.7552490234375
1100.6259765625
968.5873413085938
897.7384643554688
845.86474609375
796.09033203125
749.77099609375
710.7278442382812
680.63427734375
652.1443481445312
626.3767700195312
603.1170043945312
580.1301879882812
557.8621215820312
536.764404296875
516.5224609375
497.1215515136719
478.593994140625
460.9905700683594
444.2441711425781
428.3459167480469
413.5169982910156
399.950927734375
393.3973388671875
386.98724365234375
374.5595703125
362.6921691894531
351.38385009765625
340.59771728515625
330.2796936035156
320.4311218261719
311.1024169921875
302.24444580078125
293.77728271484375
285.6003723144531
277.7524108886719
270.2646179199219
263.18524169921875
256.4951477050781
250.08555603027344
243.99879455566406
238.1827850341797
232.60128784179688
227.23648071289062
222.080322265625
217.11497497558594
212.3237762451172
207.71426391601562
203.33912658691406
199.1208953857422
195.0565185546875
191.10850524902344
187.2652130126953
183.56031799316406
180.04263305664062
