1499.9998779296875
1500.00048828125
1500.0
1500.0
1500.0
1500.0
1500.0
1500.0
1500.0
1500.0
1500.0
1500.0
1500.0
1500.0
1500.0
1500.0
1500.0
1500.0
1500.0
1499.9998779296875
1500.0
1500.0
1500.0
1500.0
1500.0
1500.0
1500.0
1500.0
1500.0
1500.0
1500.0
1500.0
100.0
100.0
100.0
100.0
100.0
100.0
100.0
1500.0
1500.0
1500.0
1497.791748046875
1433.525634765625
1378.912109375
1327.028076171875
1276.0103759765625
1225.215576171875
1174.509033203125
1124.0540771484375
1073.9783935546875
1024.4288330078125
975.768798828125
928.7728271484375
883.993408203125
841.5259399414062
801.1881103515625
762.815185546875
726.1617431640625
691.005859375
657.2462158203125
624.8729858398438
604.0272827148438
593.8013916015625
564.1768188476562
536.0767822265625
509.3705139160156
484.0267639160156
459.3602294921875
436.365966796875
414.57830810546875
393.875732421875
374.16009521484375
355.3932800292969
337.6207580566406
320.8346252441406
304.9925842285156
289.7649841308594
275.5483093261719
262.1356506347656
249.5519256591797
237.69091796875
226.43211364746094
215.83145141601562
205.6721954345703
196.0760040283203
187.10902404785156
178.65371704101562
170.53929138183594
162.97988891601562
155.8035888671875
149.06051635742188
142.74803161621094
136.78468322753906
131.1678924560547
