1362.44970703125
975.3912353515625
704.5675659179688
607.4142456054688
571.1282958984375
542.77001953125
516.79736328125
490.4888610839844
470.6591796875
458.126708984375
443.13287353515625
426.9934387207031
412.3922424316406
400.7770080566406
391.396484375
384.2376403808594
379.24957275390625
375.411376953125
371.6389465332031
367.5455017089844
362.7774963378906
357.5093688964844
351.9643859863281
346.68988037109375
341.9103088378906
337.3248291015625
332.5973205566406
327.5176086425781
322.2407531738281
317.27471923828125
312.77374267578125
308.6374206542969
100.0
99.99999237060547
100.0
100.0
100.0
100.0
755.249755859375
494.2788391113281
401.896240234375
375.6502380371094
360.6291809082031
337.35693359375
317.7795715332031
294.0724792480469
280.5773620605469
272.4023132324219
266.6451110839844
261.648681640625
256.4226379394531
250.9839324951172
245.52957153320312
240.10610961914062
234.48011779785156
228.60838317871094
223.10971069335938
219.35154724121094
215.93788146972656
212.33433532714844
208.95538330078125
205.4796600341797
201.6781005859375
197.62020874023438
193.54043579101562
189.65757751464844
185.931640625
182.33416748046875
179.25418090820312
176.9208221435547
174.66061401367188
172.43655395507812
170.23817443847656
168.0615997314453
165.88427734375
163.7100830078125
161.54129028320312
159.37911987304688
157.22447204589844
155.08059692382812
152.95713806152344
150.85690307617188
148.77867126464844
146.7239227294922
144.69639587402344
142.70162963867188
140.74327087402344
138.82272338867188
136.93992614746094
135.09402465820312
133.2840118408203
131.50711059570312
129.7648468017578
128.05511474609375
126.37208557128906
124.7157211303711
