1499.99169921875
1497.4749755859375
1500.0
1500.0
1500.0
1500.0
1500.0
1500.0
1500.0
1500.0
1500.0
1500.0
1500.0
1500.0
1500.0
1500.0
1500.0
1500.0
1500.0
1500.0
1500.0
1500.0
1500.0
1500.0
1500.0
1500.0
1500.0
1500.0
1500.0
1500.0
1500.0
1500.0
1500.0
100.0
99.99979400634766
99.9999771118164
100.0
100.00001525878906
100.0
100.00001525878906
1500.0
1500.0
1500.0
1500.0
1500.0
1500.0
1500.0
1500.0
1431.492919921875
1321.3004150390625
1218.75
1126.209716796875
1040.685302734375
965.1720581054688
902.3294067382812
847.4752807617188
802.4876708984375
762.9690551757812
725.7757568359375
689.468505859375
654.4403076171875
625.2610473632812
599.6234130859375
573.4708251953125
546.8317260742188
520.0548706054688
493.1100769042969
461.4566345214844
429.1206970214844
406.8666687011719
371.4892883300781
330.6337585449219
296.1405334472656
262.5556640625
241.998046875
225.45689392089844
211.30078125
198.76930236816406
189.61705017089844
182.82595825195312
176.5165252685547
170.1442108154297
163.8042755126953
157.5634765625
151.27029418945312
146.0424346923828
142.1658477783203
138.1165313720703
133.5928192138672
129.3904571533203
125.6415023803711
122.11711120605469
118.75140380859375
115.5743408203125
112.73554992675781
