1500.0
1500.0
1500.0
1500.0
1500.0
1500.0
1500.0
1500.0
1500.0
1500.0
1500.0
1500.0
1500.0
1500.0
1500.0
1500.0
1500.0
1500.0
1500.0
1500.0
1500.0
1500.0
1500.0
1500.0
1500.0
1500.0
1500.0
1500.0
1500.0
1500.0
1500.0
1500.0
1500.0
100.0
99.99263763427734
99.99683380126953
100.0
99.99972534179688
100.0
100.0
1500.0
1500.0003662109375
1500.0
1500.0
1500.0
1500.0
1500.0
1500.0
1500.0
1500.0
1500.0
1500.0
1479.3475341796875
1412.81640625
1352.4324951171875
1295.5457763671875
1241.4515380859375
1189.7537841796875
1140.3155517578125
1092.981689453125
1047.6917724609375
1004.3839721679688
963.0283203125
923.55322265625
885.6736450195312
849.531005859375
815.0802612304688
782.30126953125
751.0513305664062
721.2578125
692.84912109375
665.7384033203125
639.8587646484375
615.139892578125
591.5338745117188
568.91748046875
547.2507934570312
526.6436767578125
507.0184020996094
488.1768493652344
470.3394775390625
453.35882568359375
437.044189453125
421.4747619628906
406.3457946777344
391.76373291015625
378.3676452636719
365.6133728027344
353.436279296875
341.7835693359375
330.63751220703125
320.0010070800781
309.8273620605469
300.0826721191406
290.736328125
