1195.0555419921875
896.927001953125
739.5452270507812
664.9702758789062
618.3576049804688
591.7142333984375
577.2605590820312
557.7988891601562
541.02001953125
529.9688720703125
511.6088562011719
495.2240905761719
479.9339294433594
465.20233154296875
451.15350341796875
437.3524169921875
424.1428527832031
412.0549621582031
400.03900146484375
394.0093994140625
388.05291748046875
381.7259521484375
374.8717346191406
367.613037109375
359.99542236328125
352.1270446777344
344.2174072265625
336.0575866699219
327.6846923828125
319.620849609375
311.9388427734375
304.2164001464844
296.2652282714844
288.7904357910156
282.63616943359375
276.53765869140625
270.5767517089844
100.0
100.0
99.99998474121094
99.99877166748047
100.0
100.0
551.0027465820312
445.437255859375
334.0258483886719
271.1156311035156
249.3881378173828
234.09066772460938
225.1001434326172
220.08901977539062
216.0628662109375
212.75758361816406
209.9501953125
207.3226318359375
204.83428955078125
202.469482421875
200.11741638183594
197.68112182617188
195.29054260253906
192.88601684570312
190.45614624023438
188.21426391601562
185.98870849609375
183.76841735839844
181.5789337158203
179.4193878173828
177.29541015625
175.22413635253906
173.25852966308594
171.33978271484375
169.45533752441406
167.60487365722656
165.78684997558594
163.9815673828125
162.1733856201172
160.3517608642578
158.50848388671875
156.62220764160156
154.65103149414062
152.66542053222656
151.75437927246094
150.74818420410156
148.67373657226562
146.67286682128906
144.61395263671875
142.586181640625
140.62405395507812
138.6687469482422
136.72987365722656
134.80352783203125
132.92779541015625
131.0945281982422
129.29576110839844
127.5250244140625
125.80950927734375
124.13558959960938
122.48812866210938
120.8603286743164
119.25311279296875
