1500.0
1499.3726806640625
1500.0
1499.9998779296875
1500.0
1500.0
1500.0
1500.0
1500.0
1500.0
1500.0
1499.9998779296875
1500.0
1500.0
1500.0
1500.0
1500.0
1500.0
1500.0
1500.0
1500.0
1500.0
1500.0
1500.0
1500.0
1500.0
1500.0
1500.0
1500.0
1500.0
1500.0
1500.0
1500.0
100.0
100.0
100.0
100.0
100.0
100.0
1500.0
1500.0
1500.0125732421875
1500.0
1500.0
1500.0
1500.0
1500.0
1500.0
1500.0
1500.0
1500.0
1500.0
1500.0
1500.0
1500.0
1500.0
1500.0
1500.0
1444.1951904296875
1389.210205078125
1336.8953857421875
1285.4263916015625
1234.269287109375
1182.988525390625
1132.315185546875
1082.8729248046875
1034.162109375
987.1491088867188
942.540283203125
902.3653564453125
877.2310180664062
865.0501708984375
830.391845703125
797.616943359375
767.12548828125
740.5194702148438
698.6622924804688
676.237548828125
657.4940185546875
627.7389526367188
595.6102294921875
572.3585205078125
555.1316528320312
538.0459594726562
522.0418701171875
507.9965515136719
493.7062072753906
479.0377197265625
464.6246337890625
450.44482421875
436.6329345703125
422.8408203125
408.92010498046875
394.97314453125
381.162841796875
367.6371154785156
354.889404296875
