1499.99951171875
1187.2962646484375
1074.2711181640625
1046.9952392578125
1022.8036499023438
1000.2344970703125
980.12060546875
963.2359619140625
948.5291748046875
934.5255737304688
921.6224365234375
909.5357055664062
898.8278198242188
888.4381103515625
877.9554443359375
867.0599365234375
855.4194946289062
842.7445068359375
828.1504516601562
811.1065673828125
791.890625
770.8223266601562
748.33642578125
725.5084228515625
704.1253051757812
682.6921997070312
662.0279541015625
641.3409423828125
620.5591430664062
599.6698608398438
578.7117919921875
557.5467529296875
100.0
100.0
100.0
100.0
100.0
100.0
100.0
520.1759033203125
505.1943664550781
493.8590393066406
476.0049133300781
459.2807312011719
443.78802490234375
428.7516174316406
413.92572021484375
398.8226623535156
383.44427490234375
367.829345703125
352.1935729980469
336.6969299316406
321.4598693847656
306.47418212890625
291.86944580078125
277.77545166015625
264.2373046875
251.35232543945312
239.22207641601562
227.64541625976562
216.58181762695312
205.9942169189453
199.17506408691406
195.8338165283203
186.1051025390625
176.83384704589844
167.9944610595703
159.7083740234375
151.92666625976562
144.60760498046875
137.72830200195312
131.25840759277344
125.0959701538086
119.24484252929688
113.7230224609375
108.51698303222656
103.60220336914062
98.6573257446289
94.00041961669922
89.74990844726562
85.75066375732422
81.998046875
78.47266387939453
75.16132354736328
72.04548645019531
69.10249328613281
66.31490325927734
63.68085479736328
61.18691635131836
58.83713912963867
56.63024139404297
54.54179763793945
52.57304382324219
50.72507858276367
49.00233459472656
