1500.0
1500.0001220703125
1500.0
1501.0816650390625
1500.0
1271.004638671875
1159.36376953125
1127.223876953125
1102.7457275390625
1062.46240234375
1046.18115234375
1026.3448486328125
1018.8794555664062
1017.541015625
1016.5790405273438
1016.3543701171875
1016.7549438476562
1017.78076171875
1018.8063354492188
1019.2802124023438
1019.1929931640625
1019.1895141601562
1019.1815185546875
1018.88818359375
1018.1485595703125
1016.7459106445312
1014.8230590820312
1012.30908203125
1009.3114624023438
1006.112548828125
1002.6929931640625
998.7693481445312
994.2890625
989.2809448242188
983.8087768554688
977.9280395507812
100.0
99.9866714477539
99.99994659423828
100.0
100.0
100.0
1499.9937744140625
1468.441162109375
1333.0418701171875
1259.4239501953125
1195.5164794921875
1171.530517578125
1141.5343017578125
1074.93408203125
1020.4620971679688
978.7024536132812
946.9939575195312
923.006103515625
904.0658569335938
888.6057739257812
875.667236328125
864.5944213867188
855.3746948242188
847.15185546875
839.3832397460938
831.9421997070312
824.7288208007812
817.657958984375
810.6405639648438
803.6090087890625
796.634033203125
789.6119995117188
782.4497680664062
775.1397705078125
767.7059326171875
760.2268676757812
752.6820678710938
745.034423828125
737.2920532226562
729.5445556640625
721.7958984375
714.0244140625
706.2564697265625
698.5276489257812
690.883544921875
683.0828247070312
675.2626342773438
667.4728393554688
659.5593872070312
652.1761474609375
645.0171508789062
637.6333618164062
630.3651123046875
623.0810546875
615.840576171875
608.7442626953125
601.864501953125
595.4993286132812
589.5249633789062
583.6199340820312
577.6463012695312
571.618408203125
565.4786987304688
