1499.999755859375
1500.0
1500.0
1500.0001220703125
1500.0
1500.0
1500.0
1500.0
1500.0
1500.0
1500.0
1500.0
1500.0
1500.0
1500.0
1500.0
1500.0
1500.0
1500.0
1500.0
1500.0
1500.0
1500.0
1500.0
1500.0
1500.0
1500.0
1500.0
1500.0
1500.0
1500.0
1500.0
100.00004577636719
100.0
100.0
100.0
100.0
100.0
1500.0
1500.0
1500.0
1500.0
1500.0
1500.0
1500.0
1500.0
1500.0
1500.0
1500.0
1500.0
1500.0
1500.0
1500.0
1500.0
1500.0
1500.0
1500.0
1500.0
1500.0
1500.0
1500.0
1500.0
1500.0
1448.3031005859375
1389.310546875
1333.8157958984375
1280.946044921875
1230.323974609375
1181.793701171875
1135.2684326171875
1090.6312255859375
1047.804443359375
1006.6372680664062
967.2495727539062
929.423583984375
893.2223510742188
858.631103515625
825.5191040039062
793.8473510742188
763.49853515625
734.1723022460938
706.27734375
679.52783203125
653.7369995117188
629.066650390625
605.4237060546875
582.6986694335938
560.8955688476562
540.0640869140625
520.1011352539062
500.4680480957031
481.7460632324219
