1499.998779296875
1500.0
1500.0
1500.0
1500.0
1500.0137939453125
1500.0001220703125
1500.0
1500.0
1500.0
1500.0
1500.0
1500.0
1500.0
1500.0
1480.27783203125
1441.840576171875
1410.7882080078125
1389.51171875
1371.6478271484375
1352.5606689453125
1332.0501708984375
1312.0711669921875
1291.835693359375
1271.9505615234375
1251.1962890625
1231.103515625
1210.4295654296875
1189.314208984375
1169.218017578125
1149.036376953125
1127.2891845703125
100.0
100.0
100.0
100.0
100.0
100.0
1500.0
1240.447265625
1106.0401611328125
1050.2686767578125
1012.8370971679688
981.4041137695312
950.67724609375
920.0137329101562
888.774169921875
857.377685546875
822.1312866210938
787.3596801757812
756.1189575195312
728.1810913085938
711.0291748046875
694.1357421875
680.5857543945312
667.029296875
653.4732055664062
639.912109375
626.4344482421875
613.129638671875
600.1154174804688
587.4114379882812
575.0464477539062
562.9664916992188
551.1171264648438
539.4882202148438
528.0990600585938
516.9563598632812
506.0465393066406
495.3531799316406
484.8124694824219
474.3277282714844
463.8423156738281
453.3152770996094
442.8100280761719
432.4251403808594
422.2168273925781
412.2134094238281
402.4120178222656
392.7975158691406
383.32513427734375
373.96807861328125
364.72064208984375
355.60284423828125
346.63397216796875
337.986572265625
329.6538391113281
321.49566650390625
313.603515625
305.98583984375
298.5707702636719
291.4664001464844
