1500.0
1500.0
1500.0
1500.0
1500.0
1500.0
1500.0
1500.0
1500.0
1500.0
1500.0
1500.0
1500.0
1500.0
1500.0
1500.0
1500.0
1500.0
1500.0
1500.0
1500.0
1500.0
1500.0
1500.0
1500.0
1500.0
1500.0
1500.0
1500.0
1500.0
1500.0
1500.0
100.0
100.0
100.0
100.0
100.0
100.0
1494.5577392578125
1499.9959716796875
1500.0
1500.0
1388.90478515625
1264.432861328125
1151.4232177734375
1052.16845703125
979.4890747070312
935.6016235351562
896.1891479492188
857.1693725585938
822.2012939453125
792.801025390625
768.3707275390625
744.6550903320312
721.4174194335938
699.2351684570312
677.030029296875
654.6828002929688
633.816650390625
613.4342041015625
592.8870239257812
573.7356567382812
555.2382202148438
536.5440063476562
518.1187133789062
500.173828125
482.5916748046875
465.3078918457031
448.5217590332031
432.44622802734375
417.1561279296875
402.8134765625
389.5194396972656
376.6377258300781
364.3680419921875
352.6364440917969
341.37359619140625
330.6911926269531
320.4904479980469
310.7227783203125
301.38604736328125
292.48748779296875
284.0322570800781
276.0120544433594
268.3955383300781
261.14801025390625
254.21568298339844
247.6497802734375
241.4684295654297
235.64663696289062
230.03709411621094
224.6393280029297
