1383.9940185546875
1042.9010009765625
815.5010986328125
689.3648681640625
623.2291259765625
593.8057250976562
573.4736938476562
554.8272705078125
539.926025390625
526.7542724609375
513.9474487304688
500.86749267578125
487.8160095214844
475.022216796875
467.4073486328125
459.43707275390625
451.9243469238281
444.94903564453125
438.19586181640625
431.0531005859375
423.6999206542969
416.1009216308594
408.2048034667969
399.7743225097656
390.8902282714844
381.720458984375
372.3627624511719
362.720703125
352.8321838378906
344.5414733886719
336.0678405761719
327.3401184082031
100.0
100.0
99.99996185302734
100.0
100.0
100.0
455.0467529296875
328.3879089355469
291.2990417480469
275.6641845703125
266.6806945800781
262.1752624511719
258.5000915527344
254.82469177246094
251.8626251220703
248.26004028320312
243.57484436035156
239.5629425048828
236.0669403076172
232.2287139892578
228.34063720703125
224.7321319580078
221.0760498046875
217.3700408935547
213.6969451904297
209.92527770996094
205.96800231933594
201.8784637451172
197.72109985351562
193.5894012451172
189.27076721191406
184.8390655517578
180.3253631591797
175.74693298339844
171.1357879638672
166.549560546875
162.0008544921875
157.5138397216797
153.0887451171875
148.75621032714844
144.56024169921875
140.49020385742188
136.5587615966797
132.74246215820312
129.05142211914062
125.47264099121094
122.00797271728516
118.65748596191406
115.53166961669922
112.51719665527344
109.59907531738281
106.78323364257812
104.08079528808594
101.48685455322266
98.99685668945312
96.61827087402344
94.34420776367188
92.15813446044922
90.0555419921875
88.03679656982422
