1499.999755859375
1500.0
1500.0
1500.023681640625
1500.001708984375
1500.0
1500.0
1500.0
1500.0
1500.0
1500.0
1500.0
1500.0
1500.0
1500.0
1500.0
1500.0
1500.0
1500.0
1500.0
1500.0
1500.0
1500.0
1500.0
1500.0
1500.0
1500.0
1500.0
1500.0
1500.0
1500.0
1500.0
99.99999237060547
100.0
100.0
100.0
100.0
100.0
1500.0
1500.0
1500.0
1500.0
1500.0
1500.0
1500.0
1500.0
1500.0
1500.0
1500.0
1500.0
1500.0
1500.0
1500.0
1500.0
1500.0
1500.0
1500.0
1500.0
1500.0
1500.0
1500.0
1500.0
1500.0
1500.0
1500.0
1500.0
1500.0
1500.0
1500.0
1498.0224609375
1452.1787109375
1410.9219970703125
1372.654052734375
1335.83251953125
1299.90673828125
1264.82373046875
1230.6904296875
1197.5350341796875
1165.5369873046875
1134.6854248046875
1105.0699462890625
1076.4691162109375
1048.764404296875
1021.923828125
995.856201171875
970.5062255859375
945.9363403320312
922.1412353515625
899.0783081054688
876.7206420898438
854.9911499023438
833.8499755859375
