1499.999755859375
1500.0404052734375
1500.0
1500.0009765625
1499.9998779296875
1500.0
1500.0
1500.0
1500.0
1500.0
1500.0
1500.0
1500.0
1500.0
1500.0
1500.0
1500.0
1500.0
1500.0
1500.0
1500.0
1500.0
1500.0
1500.0
1500.0
1500.0
1500.0
1500.0
1500.0
1500.0
1500.0
1500.0
100.00001525878906
100.0
100.0
100.0
100.0
100.0
1500.0
1500.0
1500.0
1500.0
1500.0
1500.0
1500.0
1500.0
1478.111083984375
1446.4296875
1416.2318115234375
1386.1641845703125
1356.087646484375
1326.025390625
1295.9815673828125
1265.8184814453125
1235.339599609375
1204.695556640625
1174.57958984375
1145.3763427734375
1115.9862060546875
1086.4185791015625
1056.6949462890625
1026.9703369140625
997.5733642578125
969.285888671875
941.5453491210938
914.3802490234375
888.0237426757812
862.3159790039062
837.1625366210938
812.435546875
788.1569213867188
764.33642578125
740.95849609375
718.110107421875
695.778076171875
673.9025268554688
652.7698364257812
632.5809326171875
613.2801513671875
594.7935791015625
577.019287109375
559.88037109375
543.28271484375
527.2561645507812
511.84527587890625
496.9603271484375
482.4794006347656
468.3316650390625
454.54888916015625
441.1785583496094
428.22625732421875
415.67559814453125
