1499.999755859375
1500.0
1112.1134033203125
961.1681518554688
923.994384765625
896.1419677734375
868.8713989257812
843.7451171875
820.0966796875
793.3701171875
769.57373046875
749.61572265625
730.6248779296875
713.2058715820312
697.7652587890625
681.8065185546875
666.45361328125
652.7278442382812
638.0699462890625
623.2012939453125
608.7459106445312
597.5669555664062
588.496337890625
580.2186889648438
572.1488037109375
563.2822265625
553.9497680664062
544.4197998046875
534.8804321289062
525.2525634765625
515.152587890625
504.1523742675781
100.0
100.0
100.0
100.0
100.0
100.0
806.68408203125
580.7467651367188
501.00921630859375
452.34869384765625
424.6087341308594
406.47174072265625
393.50213623046875
385.38055419921875
377.6129455566406
369.574951171875
361.658935546875
353.7146911621094
345.5252685546875
336.8492736816406
328.3963928222656
320.422119140625
312.35986328125
303.7768859863281
295.7975769042969
288.6702880859375
281.6684265136719
274.68927001953125
267.68524169921875
260.6607666015625
253.6359100341797
246.61471557617188
239.63168334960938
232.6909637451172
225.8131103515625
219.0381317138672
212.411865234375
205.982421875
199.7664337158203
193.74197387695312
187.9075164794922
185.0834503173828
182.4157257080078
177.14195251464844
172.06475830078125
167.1604461669922
162.43466186523438
157.8802490234375
153.5015869140625
149.29217529296875
145.24356079101562
141.39981079101562
137.70111083984375
134.140380859375
130.714111328125
127.41888427734375
124.25253295898438
121.22486877441406
118.31733703613281
115.52361297607422
112.83399963378906
