1500.0
1500.0
1500.0
1500.0006103515625
1500.0
1500.0
1500.0
1500.0
1500.0
1500.0
1500.0
1500.0
1500.0
1500.0
1500.0
1500.0
1499.998779296875
1500.0
1499.999755859375
1500.0
1500.0
1500.0
1500.0
1500.0
1500.0
1500.0
1500.0
1500.0
1500.0
1500.0
1500.0
1500.0
100.00003051757812
100.0
100.0
100.0
100.0
100.0
1500.0
1500.0264892578125
1499.9998779296875
1499.9998779296875
1500.0
1500.0
1500.0
1437.3350830078125
1362.6026611328125
1289.853759765625
1215.1705322265625
1135.5047607421875
1055.1876220703125
976.0778198242188
918.543212890625
888.5098876953125
860.1029663085938
833.2398681640625
811.8692626953125
788.9297485351562
765.3566284179688
746.003662109375
726.7929077148438
708.1537475585938
689.6177978515625
670.861083984375
652.0798950195312
633.43896484375
615.0441284179688
596.9700927734375
579.336181640625
562.142822265625
545.167236328125
528.2650756835938
511.9942626953125
496.68548583984375
482.24493408203125
468.6796569824219
455.7958984375
443.6361999511719
432.5428466796875
421.8449401855469
411.5574645996094
401.6222229003906
391.94427490234375
382.4999694824219
373.212158203125
364.0768737792969
355.19793701171875
346.5598449707031
338.16094970703125
330.066650390625
322.2707824707031
314.829833984375
