1499.9998779296875
1500.0
1500.0
1500.0
1499.9998779296875
1500.0
1500.01025390625
1500.0
1499.9998779296875
1499.9998779296875
1500.0
1499.9998779296875
1499.999755859375
1500.0
1499.9998779296875
1500.0
1499.998046875
1500.0
1499.974853515625
1500.0
1499.9998779296875
1499.9998779296875
1499.99755859375
1499.9986572265625
1499.99609375
1499.9984130859375
1499.9952392578125
1499.9989013671875
1499.9984130859375
1499.9969482421875
1499.9990234375
1500.0
99.7747573852539
100.0
100.0
100.0
100.0
100.0
1499.9998779296875
1500.0
1500.0
1500.000244140625
1500.0
1500.0
1500.0
1500.0
1499.999755859375
1499.9998779296875
1500.0
1500.0
1499.9996337890625
1500.0
1499.9993896484375
1499.9998779296875
1500.0
1500.0
1500.0
1500.0
1469.580810546875
1443.2598876953125
1419.62109375
1395.9091796875
1371.3201904296875
1345.9193115234375
1320.1185302734375
1294.0745849609375
1268.53759765625
1243.486328125
1218.801025390625
1194.6927490234375
1170.0762939453125
1145.1690673828125
1120.3604736328125
1095.4737548828125
1070.7379150390625
1046.322021484375
1022.3178100585938
998.797607421875
975.9781494140625
953.6585693359375
931.72900390625
910.171630859375
889.0071411132812
868.485107421875
848.3241577148438
828.6743774414062
809.631103515625
791.0604248046875
772.7985229492188
754.9569702148438
737.6539916992188
720.8516235351562
