1500.0
1500.0
1500.0
1500.0
1500.0
1500.0
1500.0
1500.0
1500.0
1500.0
1500.0
1500.0
1500.0
1500.0
1500.0
1500.0
1500.0
1500.0
1500.0
1500.0
1500.0
1491.509521484375
1479.48583984375
1467.743408203125
1454.452880859375
1439.126953125
1421.4744873046875
1401.582763671875
1379.8453369140625
1356.7158203125
1332.40771484375
1307.27392578125
100.0
100.0
100.0
100.0
100.0
100.0
1500.0
1499.9986572265625
1383.97802734375
1305.126220703125
1245.132568359375
1196.88525390625
1156.3525390625
1120.6197509765625
1087.877197265625
1056.998291015625
1027.3140869140625
998.392822265625
969.004150390625
940.9104614257812
913.2927856445312
885.5616455078125
857.464599609375
829.2086791992188
801.2003784179688
773.0586547851562
744.9396362304688
717.640380859375
690.7109375
664.73779296875
639.9403686523438
616.5028686523438
594.4048461914062
572.3641357421875
551.9901733398438
532.6620483398438
514.1994018554688
495.7673034667969
478.2019348144531
461.5351867675781
446.3114929199219
432.36199951171875
419.3853454589844
407.2079772949219
395.6317443847656
384.74786376953125
374.52923583984375
364.87237548828125
355.7169494628906
346.8182373046875
338.000244140625
329.2283020019531
320.7398376464844
312.6942443847656
305.0796813964844
297.651123046875
290.3377380371094
283.21990966796875
276.18145751953125
269.2701110839844
