0.037919264286756516
0.04025600105524063
0.04459569975733757
0.04944729059934616
0.05159686505794525
0.052404653280973434
0.052665166556835175
0.05280333384871483
0.052989229559898376
0.05318161100149155
0.05334322899580002
0.05350172519683838
0.0536794513463974
0.05384285748004913
0.05399306118488312
0.05417066439986229
0.054397378116846085
0.05460577830672264
0.054795317351818085
0.05496511235833168
0.05512690171599388
0.05528772249817848
0.05544733256101608
0.05560639128088951
0.05580911040306091
0.05605187267065048
0.056332506239414215
0.056675851345062256
0.057073477655649185
0.05749605968594551
0.05795988440513611
0.05846377834677696
0.0033394047059118748
0.0030551019590348005
0.0029207842890173197
0.002839351538568735
0.0027916228864341974
0.0027665523812174797
0.05293140560388565
0.0563255250453949
0.05821274220943451
0.05948172137141228
0.060478467494249344
0.061365414410829544
0.062242474406957626
0.06315117329359055
0.06407983601093292
0.06501747667789459
0.06597334146499634
0.06694695353507996
0.0679374411702156
0.06893867999315262
0.06995074450969696
0.07097592949867249
0.07201502472162247
0.07306606322526932
0.07413055747747421
0.07522013783454895
0.07634291052818298
0.07749348133802414
0.07869009673595428
0.07996662706136703
0.08129212260246277
0.08249831944704056
0.08366324007511139
0.08483590930700302
0.08604591339826584
0.0872764140367508
0.08848235011100769
0.08962386101484299
0.09050700813531876
0.09132114052772522
0.09207279980182648
0.09276974201202393
0.09340634942054749
0.09399697929620743
0.09456291049718857
0.09512065351009369
0.09568961709737778
0.0962757095694542
0.09685702621936798
0.09744357317686081
0.09801127016544342
0.0986008271574974
0.09944278001785278
0.10038688033819199
0.1012633740901947
0.10198517143726349
0.10271667689085007
0.10314537584781647
0.10356400907039642
0.10389436036348343
0.10098254680633545
