0.04091939330101013
0.04504978284239769
0.05244426056742668
0.05472083389759064
0.0552784726023674
0.05565167963504791
0.05591490864753723
0.056130338460206985
0.05633068084716797
0.05651065334677696
0.056696075946092606
0.05692228674888611
0.05708324536681175
0.05729110166430473
0.05752231925725937
0.05772746726870537
0.057922251522541046
0.05809113383293152
0.058251772075891495
0.05841291323304176
0.058604829013347626
0.05882078781723976
0.059092093259096146
0.05939573422074318
0.059735868126153946
0.06012764573097229
0.060581889003515244
0.06108323857188225
0.06161379814147949
0.062180545181035995
0.06279784440994263
0.06347183883190155
0.003649934660643339
0.0034668007865548134
0.00333180814050138
0.0032282001338899136
0.0031604396644979715
0.003113648621365428
0.05780307576060295
0.060006704181432724
0.06089705228805542
0.06272389739751816
0.06416899710893631
0.06550832092761993
0.06681975722312927
0.06815747916698456
0.06954032927751541
0.07096333801746368
0.07242638617753983
0.0739356279373169
0.07549554109573364
0.07710783928632736
0.07876300811767578
0.0804210901260376
0.0821094736456871
0.08384720981121063
0.08560746163129807
0.08739180117845535
0.08921332657337189
0.0910041481256485
0.09251163899898529
0.09372646361589432
0.09497632831335068
0.09634695202112198
0.0976453647017479
0.09891240298748016
0.10017582029104233
0.10148574411869049
0.1036384254693985
0.10563380271196365
0.10763911157846451
0.10961031168699265
0.11163464188575745
0.11376383900642395
0.11602222174406052
0.11831073462963104
0.12061604857444763
0.1227186843752861
0.12460144609212875
0.12629519402980804
0.1278330534696579
0.1292717307806015
0.13066257536411285
0.13208316266536713
0.13362202048301697
0.13503633439540863
0.13655906915664673
0.1382237672805786
0.14007942378520966
0.14208972454071045
0.14437264204025269
0.14672763645648956
0.14908170700073242
