0.04259468615055084
0.04779616743326187
0.05400918051600456
0.05518796294927597
0.05574660748243332
0.05604741722345352
0.05633963271975517
0.056711193174123764
0.05705318599939346
0.05732635408639908
0.05756456032395363
0.0577048696577549
0.057820189744234085
0.05794422701001167
0.05806495249271393
0.05817606300115585
0.058305736631155014
0.05843369662761688
0.05854672193527222
0.058664653450250626
0.05879475921392441
0.05893760547041893
0.059096045792102814
0.05928715690970421
0.05956147611141205
0.05988726392388344
0.06025819107890129
0.060713302344083786
0.061247874051332474
0.06185123324394226
0.06252161413431168
0.06324415653944016
0.003151891054585576
0.0030109474901109934
0.0029342540074139833
0.0028591728769242764
0.002796775661408901
0.0027812765911221504
0.057565923780202866
0.06036057323217392
0.06229417398571968
0.06399326026439667
0.06550043821334839
0.06688254326581955
0.06818624585866928
0.06942389160394669
0.07061029970645905
0.07175981253385544
0.07288704067468643
0.07399988174438477
0.07510292530059814
0.07621797174215317
0.07733828574419022
0.07847066223621368
0.07963524758815765
0.08084690570831299
0.08212876319885254
0.08348145335912704
0.08493240922689438
0.08643881976604462
0.08798453956842422
0.08958618342876434
0.0912604033946991
0.09285036474466324
0.0940270870923996
0.09516637772321701
0.09641170501708984
0.0976593941450119
0.09893272817134857
0.10014722496271133
0.10139070451259613
0.10296211391687393
0.10473231226205826
0.10642877221107483
0.10818441957235336
0.11011918634176254
0.11230745911598206
0.11478975415229797
0.11677374690771103
0.11895693093538284
0.12141835689544678
0.1240917444229126
0.12035365402698517
0.11643637716770172
0.11271505057811737
0.10909056663513184
0.10556426644325256
0.10200121998786926
0.09896289557218552
0.0959218218922615
0.09280811995267868
0.08989232033491135
