0.0894373431801796
0.10116515308618546
0.11596377938985825
0.12765257060527802
0.13275687396526337
0.1364450454711914
0.1386360377073288
0.13978761434555054
0.14043930172920227
0.140883669257164
0.14129146933555603
0.14163438975811005
0.14195796847343445
0.14224329590797424
0.14252755045890808
0.14289839565753937
0.14336229860782623
0.14383922517299652
0.14429019391536713
0.1447049081325531
0.14510780572891235
0.14550378918647766
0.14590996503829956
0.14634601771831512
0.14686843752861023
0.14737722277641296
0.1479235291481018
0.14851485192775726
0.14924009144306183
0.15040068328380585
0.15180513262748718
0.15337413549423218
0.02160036750137806
0.012989881448447704
0.00933171808719635
0.007416329346597195
0.006960517261177301
0.0070795160718262196
0.12363143265247345
0.13134890794754028
0.13676145672798157
0.14278191328048706
0.1498490571975708
0.15729792416095734
0.16326799988746643
0.16820761561393738
0.17254354059696198
0.1765104979276657
0.18030613660812378
0.18408609926700592
0.18792787194252014
0.19188424944877625
0.1959553062915802
0.2001243680715561
0.20446544885635376
0.20901967585086823
0.2137911319732666
0.21874357759952545
0.22410711646080017
0.22980374097824097
0.23581252992153168
0.24385669827461243
0.25287848711013794
0.26231691241264343
0.27224552631378174
0.28210845589637756
0.2928277850151062
0.30376559495925903
0.31511029601097107
0.3267664909362793
0.3351951241493225
0.32483136653900146
0.3158612847328186
0.30755990743637085
0.29952794313430786
0.2916557490825653
0.28395313024520874
0.2765650749206543
0.2695387005805969
0.2626205384731293
0.25572314858436584
0.2501984238624573
0.24598567187786102
0.24279464781284332
0.24102821946144104
0.24059727787971497
0.24133983254432678
0.24289320409297943
0.2445524036884308
0.2460431605577469
0.2476874142885208
0.24998308718204498
0.2530677020549774
