0.008229532279074192
0.00931974221020937
0.010981578379869461
0.011480250395834446
0.011605856008827686
0.011719825677573681
0.011810077354311943
0.011883419007062912
0.011976204812526703
0.012081478722393513
0.012178793549537659
0.012274178676307201
0.012379213236272335
0.012489882297813892
0.012609165161848068
0.01275576651096344
0.012936385348439217
0.013145411387085915
0.013369673863053322
0.013606422580778599
0.013859285973012447
0.014132733456790447
0.014430270530283451
0.014755353331565857
0.015046263113617897
0.01535293273627758
0.015674913302063942
0.01601150445640087
0.016369685530662537
0.016744693741202354
0.017136100679636
0.017544863745570183
0.0009535546996630728
0.0009733089827932417
0.0009638205519877374
0.0009599795448593795
0.0009584271465428174
0.0009585968218743801
0.017402052879333496
0.018043648451566696
0.018450547009706497
0.018979011103510857
0.019426509737968445
0.019858937710523605
0.02031037025153637
0.02079514041543007
0.021335594356060028
0.021780632436275482
0.022238561883568764
0.022741826251149178
0.023285765200853348
0.023851731792092323
0.024439100176095963
0.02504008449614048
0.025660768151283264
0.02629626728594303
0.026938140392303467
0.027597201988101006
0.028276342898607254
0.028972135856747627
0.029681704938411713
0.030407972633838654
0.031147712841629982
0.031898412853479385
0.03268956020474434
0.03350105509161949
0.034329261630773544
0.035169873386621475
0.036023471504449844
0.036921583116054535
0.03649265319108963
0.03522968292236328
0.0340612567961216
0.032941289246082306
0.03185395896434784
0.030799658969044685
0.02977374941110611
0.028775084763765335
0.02780633233487606
0.026871463283896446
0.02596931718289852
0.025114916265010834
0.024314476177096367
0.023570548743009567
0.02286052331328392
0.022174721583724022
0.021514249965548515
0.020886331796646118
0.020284555852413177
0.01970709301531315
0.019152414053678513
0.018619120121002197
0.018106088042259216
