0.037940822541713715
0.041389960795640945
0.04765358567237854
0.05115148425102234
0.05235740914940834
0.05276261642575264
0.05295040085911751
0.05317210033535957
0.0533345565199852
0.05354391783475876
0.0537470281124115
0.053935516625642776
0.0541716143488884
0.05443742871284485
0.05467987060546875
0.054885491728782654
0.0550847128033638
0.055268481373786926
0.0554429367184639
0.055670663714408875
0.0559583455324173
0.05629182234406471
0.05671393871307373
0.05719706043601036
0.05772598087787628
0.058324165642261505
0.05897413566708565
0.05969662964344025
0.06047913804650307
0.06131325662136078
0.06221022084355354
0.06317269802093506
0.003829543013125658
0.0035802186466753483
0.003497937461361289
0.003461601911112666
0.0034440120216459036
0.003436028491705656
0.05918804928660393
0.061900001019239426
0.06352674961090088
0.06481094658374786
0.06604757159948349
0.06732920557260513
0.06868069618940353
0.07010585069656372
0.07160324603319168
0.07316213846206665
0.0747670829296112
0.0764324814081192
0.07814783602952957
0.07990407943725586
0.08181782066822052
0.08359282463788986
0.08526290208101273
0.08693122863769531
0.08858475834131241
0.08993672579526901
0.09109409153461456
0.09213104844093323
0.09310141950845718
0.09402260184288025
0.094878189265728
0.09567289799451828
0.09643124788999557
0.09716688096523285
0.09789500385522842
0.09862791746854782
0.09971854835748672
0.10085025429725647
0.10215558856725693
0.10325489938259125
0.10432794690132141
0.1054472103714943
0.10459224879741669
0.10095611214637756
0.09742000699043274
0.09395598620176315
0.0905059427022934
0.08878666907548904
0.08719934523105621
0.08426575362682343
0.08141587674617767
0.07864446938037872
0.07600454986095428
0.0745638981461525
0.07401354610919952
0.07367788255214691
0.07344222813844681
0.07328666746616364
0.07321428507566452
0.08104843646287918
0.08980268239974976
