0.041527554392814636
0.04664376750588417
0.05406713858246803
0.05506618320941925
0.05564785376191139
0.05599406361579895
0.056267835199832916
0.05651617795228958
0.05677121505141258
0.05703331530094147
0.05726427212357521
0.05756684020161629
0.0578477643430233
0.058080047369003296
0.05829010158777237
0.058509744703769684
0.05878369137644768
0.059125423431396484
0.05951589718461037
0.059952668845653534
0.0604814812541008
0.06109553575515747
0.061761707067489624
0.06249261274933815
0.06330373138189316
0.06422583758831024
0.06522975862026215
0.0663009062409401
0.06745857000350952
0.06872659176588058
0.07008972764015198
0.07155029475688934
0.004250588361173868
0.004005372058600187
0.003944847732782364
0.0038991766050457954
0.003873342415317893
0.0038567387964576483
0.06661221385002136
0.06947340071201324
0.07134602218866348
0.0730561837553978
0.0749136283993721
0.07699353992938995
0.07930909842252731
0.08183205127716064
0.0845491960644722
0.08742211014032364
0.09025592356920242
0.09279907494783401
0.09478579461574554
0.0969463363289833
0.0990297719836235
0.10104630887508392
0.10440000146627426
0.1076701357960701
0.11077062040567398
0.1137670949101448
0.11668070405721664
0.11963868141174316
0.12253083288669586
0.12540945410728455
0.12834683060646057
0.13104353845119476
0.1333954632282257
0.1355466991662979
0.1376103162765503
0.13968823850154877
0.1417369842529297
0.14371179044246674
0.14547543227672577
0.14714938402175903
0.14902690052986145
0.15127840638160706
0.1471261978149414
0.14198441803455353
0.13733313977718353
0.13295041024684906
0.12878434360027313
0.1248956099152565
0.1211988776922226
0.11766788363456726
0.11424731463193893
0.11089064925909042
0.1076107770204544
0.1044468805193901
0.10134366899728775
0.09844367206096649
0.09567635506391525
0.09296853095293045
0.09022964537143707
0.08753910660743713
