19.15740394592285
18.616321563720703
16.643985748291016
14.350768089294434
12.651618003845215
11.547496795654297
10.848755836486816
10.410398483276367
10.164874076843262
10.072883605957031
10.107781410217285
10.251174926757812
10.494244575500488
10.83548641204834
11.253273010253906
11.737601280212402
12.31263542175293
12.956332206726074
13.630574226379395
14.344602584838867
15.180935859680176
16.197372436523438
17.38527488708496
18.705718994140625
20.11526107788086
21.586454391479492
23.103883743286133
24.722412109375
26.347003936767578
27.994821548461914
29.635602951049805
31.338146209716797
8.047507286071777
7.088119029998779
6.7973737716674805
6.731760501861572
6.79246711730957
7.05689001083374
46.447792053222656
44.97977066040039
43.2165412902832
43.33245086669922
44.03047561645508
45.0509033203125
46.17344665527344
47.300472259521484
48.44578552246094
49.580078125
50.682838439941406
51.76560974121094
52.8863410949707
53.96750259399414
55.021385192871094
56.05453872680664
57.07084655761719
58.065792083740234
59.026947021484375
59.95133972167969
60.847713470458984
61.7171745300293
62.54148864746094
63.324554443359375
64.07042694091797
64.85062408447266
65.69712829589844
66.56596374511719
67.44562530517578
68.31784057617188
69.14379119873047
69.85173034667969
70.46271514892578
70.99324798583984
71.45288848876953
71.84947967529297
72.15120697021484
72.22295379638672
72.17935180664062
72.0573501586914
71.83920288085938
71.53633880615234
71.17762756347656
70.77246856689453
70.32588958740234
69.8550796508789
69.37344360351562
68.8769760131836
68.36752319335938
67.85718536376953
67.34517669677734
66.83413696289062
66.32592010498047
65.82218933105469
