0.11447742581367493
0.12410197407007217
0.13625840842723846
0.14563119411468506
0.15105296671390533
0.15385985374450684
0.1562427580356598
0.15976494550704956
0.16241279244422913
0.16420802474021912
0.16563297808170319
0.16717612743377686
0.16883985698223114
0.17067967355251312
0.17245955765247345
0.1741517037153244
0.17573140561580658
0.17717429995536804
0.17844779789447784
0.17959611117839813
0.18077869713306427
0.18192797899246216
0.18300384283065796
0.18407851457595825
0.1853094846010208
0.18687276542186737
0.1887957602739334
0.19105970859527588
0.1936846673488617
0.19666898250579834
0.20001520216464996
0.20373569428920746
0.2078499048948288
0.011650938540697098
0.01009740773588419
0.00912972167134285
0.008377817459404469
0.008224994875490665
0.008100663311779499
0.16689448058605194
0.17601707577705383
0.18658369779586792
0.19819460809230804
0.2097027599811554
0.2186034470796585
0.22766415774822235
0.24357707798480988
0.23567019402980804
0.22841885685920715
0.22208744287490845
0.21615852415561676
0.21035799384117126
0.2046482414007187
0.19903454184532166
0.19351813197135925
0.18807895481586456
0.18268348276615143
0.17732694745063782
0.17207492887973785
0.16700764000415802
0.16211527585983276
0.15739046037197113
0.15279467403888702
0.14834797382354736
0.1440759301185608
0.139911949634552
0.13583573698997498
0.1318208873271942
0.12784327566623688
0.12396591901779175
0.12047583609819412
0.11887195706367493
0.11810249835252762
0.11736686527729034
0.11600669473409653
0.11473284661769867
0.11243083328008652
0.11029579490423203
0.10829515755176544
0.10639756917953491
0.10459616780281067
0.10285890102386475
0.10124599188566208
0.09969872981309891
0.09818516671657562
0.09669135510921478
0.0952078253030777
0.09373778849840164
0.09230679273605347
0.090939961373806
0.089631088078022
0.08837956190109253
0.08721884340047836
0.08613528311252594
0.11534323543310165
0.18839631974697113
0.25335484743118286
