0.0462443009018898
0.0535275861620903
0.056027334183454514
0.05722112953662872
0.05831489711999893
0.05891747772693634
0.05913113057613373
0.0592072457075119
0.05924319103360176
0.05931124463677406
0.0594908706843853
0.05971210077404976
0.05991309881210327
0.060143567621707916
0.06039097160100937
0.060633789747953415
0.060877978801727295
0.06112091243267059
0.06136642396450043
0.061642248183488846
0.0619937926530838
0.062407463788986206
0.06292150914669037
0.06349695473909378
0.06411722302436829
0.06486167758703232
0.06570655107498169
0.06663664430379868
0.06763824075460434
0.06870575994253159
0.06983200460672379
0.07102752476930618
0.0029335778672248125
0.002825088333338499
0.0027896170504391193
0.0027782770339399576
0.002773132175207138
0.0027665826492011547
0.060947056859731674
0.06749147921800613
0.07169001549482346
0.07460033893585205
0.07680336385965347
0.07869157195091248
0.08047696202993393
0.08226870000362396
0.0840972289443016
0.086009681224823
0.08805888146162033
0.0901932492852211
0.09237505495548248
0.0940469279885292
0.09566668421030045
0.0973576158285141
0.09925559908151627
0.10106806457042694
0.10381068289279938
0.1066577360033989
0.1095397025346756
0.1125069186091423
0.11557342857122421
0.11208543926477432
0.10871919989585876
0.10559076070785522
0.10256986320018768
0.09961070865392685
0.09669727832078934
0.09381836652755737
0.09096324443817139
0.08816230297088623
0.085420161485672
0.08274493366479874
0.0801248699426651
0.07846777886152267
0.07766564190387726
0.07539002597332001
0.07322371006011963
0.0711432620882988
0.06913569569587708
0.06718410551548004
0.06528513133525848
0.06343024224042892
0.061638399958610535
0.059918344020843506
0.0582682229578495
0.056684959679841995
0.055166106671094894
0.05374342203140259
0.05238474905490875
0.05108942463994026
0.0498315766453743
0.048606038093566895
0.04738018661737442
