19.098739624023438
18.45737075805664
16.296689987182617
13.821362495422363
12.123562812805176
11.064586639404297
10.40198802947998
9.998730659484863
9.784817695617676
9.717292785644531
9.775155067443848
9.955469131469727
10.251233100891113
10.654827117919922
11.170113563537598
11.748475074768066
12.39350414276123
13.09990406036377
13.915498733520508
14.829734802246094
15.825638771057129
16.868263244628906
17.956804275512695
19.122386932373047
20.312551498413086
21.539575576782227
22.82235336303711
24.210124969482422
25.77711296081543
27.4695987701416
29.16061019897461
30.793115615844727
8.116425514221191
7.06866979598999
6.847068786621094
7.034360408782959
7.481096267700195
7.929415225982666
47.80707550048828
45.318965911865234
42.824951171875
42.39363479614258
42.932106018066406
43.9351692199707
45.15268325805664
46.4505500793457
47.82316589355469
49.18260192871094
50.4654655456543
51.675045013427734
52.80594253540039
53.91571807861328
54.97373580932617
55.97606658935547
56.9696044921875
57.988468170166016
59.02850341796875
60.07548522949219
61.11955261230469
62.18312072753906
63.21869659423828
64.19005584716797
65.00411224365234
65.6880874633789
66.27656555175781
66.83100891113281
67.20269775390625
67.29194641113281
67.20970916748047
66.98143005371094
66.6280517578125
66.18187713623047
65.68289947509766
65.16007232666016
64.64301300048828
64.16651916503906
63.7545051574707
63.399024963378906
63.07573699951172
62.76961135864258
62.482120513916016
62.22688674926758
62.001468658447266
61.80159378051758
61.62989044189453
61.49104690551758
61.38550567626953
61.31098556518555
61.26887512207031
61.2611083984375
61.287109375
61.34456253051758
