0.008287233300507069
0.009517373517155647
0.011283419094979763
0.011491971090435982
0.011616235598921776
0.011728405952453613
0.011815319769084454
0.0118849016726017
0.011977814137935638
0.012081182561814785
0.01217354740947485
0.01226972695440054
0.012378929182887077
0.012492268346250057
0.01261233352124691
0.012760322540998459
0.012942537665367126
0.013150847516953945
0.013373291119933128
0.013608844019472599
0.013861670158803463
0.014136910438537598
0.014437971636652946
0.01476824376732111
0.015061919577419758
0.015374915674328804
0.015702420845627785
0.016046466305851936
0.016411103308200836
0.016793157905340195
0.01719179004430771
0.0176082793623209
0.0010054020676761866
0.0009769934695214033
0.0009689744911156595
0.0009645256795920432
0.0009626906830817461
0.0009629579144529998
0.01752207800745964
0.018491189926862717
0.0190795436501503
0.019554445520043373
0.02000119909644127
0.02046426385641098
0.02095966972410679
0.021479953080415726
0.021902455016970634
0.022361094132065773
0.022872477769851685
0.023419002071022987
0.023987017571926117
0.024576203897595406
0.025179099291563034
0.02580288238823414
0.026437710970640182
0.02708449959754944
0.027750162407755852
0.02843339368700981
0.029130954295396805
0.02984258159995079
0.030571741983294487
0.03131246194243431
0.03206677734851837
0.032867055386304855
0.033680520951747894
0.03450905159115791
0.03534947708249092
0.036213219165802
0.03710903227329254
0.03595447912812233
0.03473785147070885
0.03359026089310646
0.0324808768928051
0.031405918300151825
0.03036324307322502
0.029346929863095284
0.02835937775671482
0.02740613929927349
0.02648727037012577
0.02560342475771904
0.02476605959236622
0.02435988001525402
0.023976203054189682
0.023247430101037025
0.022550024092197418
0.021875379607081413
0.021227335557341576
0.02060973271727562
0.020017575472593307
0.019449137151241302
0.018903007730841637
0.018377838656306267
0.01787218637764454
