0.04367787390947342
0.050287868827581406
0.05481621250510216
0.05593052878975868
0.05648813396692276
0.05699616298079491
0.057336341589689255
0.05761728063225746
0.05775567516684532
0.057887692004442215
0.058009665459394455
0.05815066769719124
0.058352041989564896
0.058505911380052567
0.058664705604314804
0.05882861465215683
0.059046145528554916
0.05927146598696709
0.05949977785348892
0.059772152453660965
0.060128502547740936
0.06052625924348831
0.06095528602600098
0.061416275799274445
0.06201499328017235
0.06271602213382721
0.06349172443151474
0.06432537734508514
0.06520526856184006
0.06612981855869293
0.0671032965183258
0.06812787801027298
0.00386110064573586
0.003876138012856245
0.003833240596577525
0.003772545838728547
0.003728099400177598
0.0037005506455898285
0.062101081013679504
0.06600704789161682
0.06862271577119827
0.07054225355386734
0.07214666903018951
0.0736486166715622
0.07511668652296066
0.07662315666675568
0.07820194214582443
0.0798870325088501
0.08168555051088333
0.08349413424730301
0.08531122654676437
0.08718860894441605
0.08918636292219162
0.09131458401679993
0.09340142458677292
0.09475095570087433
0.09606187045574188
0.09748287498950958
0.09884063154459
0.10017531365156174
0.1015624925494194
0.10298826545476913
0.10509692877531052
0.10712792724370956
0.10920912027359009
0.11127419024705887
0.11336881667375565
0.11546684801578522
0.1151147335767746
0.11094481498003006
0.10715247690677643
0.1036510169506073
0.10038728266954422
0.0972658321261406
0.0942540317773819
0.09133399277925491
0.0884905457496643
0.08572941273450851
0.08303752541542053
0.08042936027050018
0.07791115343570709
0.07549531012773514
0.07318846881389618
0.07098714262247086
0.06888176500797272
0.0668642669916153
0.06491783261299133
0.06303681433200836
0.061200086027383804
0.0594266839325428
0.05772675946354866
0.05611561983823776
