0.08896177262067795
0.1021508052945137
0.12049281597137451
0.1294724941253662
0.13506881892681122
0.13814620673656464
0.1396058052778244
0.14043524861335754
0.14101769030094147
0.14139023423194885
0.14166875183582306
0.14206638932228088
0.14252342283725739
0.1430765986442566
0.14361852407455444
0.14414680004119873
0.14468622207641602
0.14523902535438538
0.14580199122428894
0.14649009704589844
0.14715537428855896
0.14789393544197083
0.1488310992717743
0.15033362805843353
0.15204918384552002
0.15398859977722168
0.1563161313533783
0.1588866412639618
0.1616753339767456
0.1647399365901947
0.1681177020072937
0.17179185152053833
0.02486451156437397
0.01736992783844471
0.013943498022854328
0.010568582452833652
0.00819776114076376
0.00788798462599516
0.007860747165977955
0.13316909968852997
0.1429624706506729
0.14940328896045685
0.16221505403518677
0.1731145977973938
0.18239633738994598
0.19070592522621155
0.198513463139534
0.20613312721252441
0.2139318883419037
0.22193226218223572
0.23026947677135468
0.2394556850194931
0.25149381160736084
0.26418396830558777
0.2768273949623108
0.2909706234931946
0.3051792085170746
0.3193216919898987
0.3336441218852997
0.33347538113594055
0.32195308804512024
0.3116762936115265
0.30199021100997925
0.29252973198890686
0.283239483833313
0.27411821484565735
0.26529598236083984
0.25688716769218445
0.2498614639043808
0.24593085050582886
0.2444823831319809
0.24934647977352142
0.2584648132324219
0.267855167388916
0.2797713577747345
0.2938419282436371
0.9327036142349243
2.3226068019866943
2.779982089996338
3.2351763248443604
3.6991851329803467
4.126235485076904
4.5052313804626465
4.840879440307617
5.165646553039551
5.464500904083252
5.735355377197266
5.973336696624756
6.185403347015381
6.386751651763916
6.691633224487305
7.024967670440674
7.353426456451416
7.661638259887695
