19.02313804626465
18.58753776550293
17.02344512939453
15.67123031616211
13.099272727966309
11.518182754516602
10.545707702636719
9.922476768493652
9.513699531555176
9.23672866821289
9.051220893859863
8.890969276428223
8.7485990524292
8.627148628234863
8.555545806884766
8.539987564086914
8.56821060180664
8.635217666625977
8.740626335144043
8.886049270629883
9.074003219604492
9.31193733215332
9.60193920135498
9.945728302001953
10.344963073730469
10.801996231079102
11.30868148803711
11.861942291259766
12.454391479492188
13.084040641784668
13.724740982055664
14.371357917785645
15.09998893737793
3.4466562271118164
3.1311933994293213
3.0824978351593018
3.2203521728515625
3.3770840167999268
3.528559684753418
25.349159240722656
24.877328872680664
23.96788787841797
24.239194869995117
25.055753707885742
25.596872329711914
26.166894912719727
27.42220115661621
28.628843307495117
29.765933990478516
30.848129272460938
31.881027221679688
32.876792907714844
33.82978820800781
34.73197555541992
35.582523345947266
36.38274383544922
37.14204025268555
37.866878509521484
38.56550216674805
39.24372482299805
39.89961624145508
40.54441452026367
41.15407180786133
41.76741409301758
42.37255096435547
42.94657897949219
43.4811897277832
43.93790817260742
44.4290657043457
44.942161560058594
45.402130126953125
45.77821350097656
46.04508590698242
46.23257064819336
46.364341735839844
46.439083099365234
46.48978042602539
46.514713287353516
46.518123626708984
46.50582504272461
46.46852111816406
46.4151611328125
46.353965759277344
46.2927360534668
46.23154830932617
46.178951263427734
46.143123626708984
46.13041305541992
46.13362503051758
46.14379119873047
46.15550994873047
46.168678283691406
46.18898391723633
46.217010498046875
