0.17056450247764587
0.20167942345142365
0.2058456540107727
0.20758649706840515
0.20895397663116455
0.20991256833076477
0.21059848368167877
0.21124333143234253
0.21174494922161102
0.21223674714565277
0.21279692649841309
0.2134823054075241
0.21404099464416504
0.21472007036209106
0.21555358171463013
0.216417595744133
0.2171381115913391
0.2179056853055954
0.21865050494670868
0.21947692334651947
0.220524862408638
0.22183430194854736
0.2235981822013855
0.22550377249717712
0.22782586514949799
0.23060475289821625
0.23372766375541687
0.23736786842346191
0.24158668518066406
0.2463059425354004
0.25151023268699646
0.2570774257183075
0.01424589566886425
0.01467412244528532
0.014733295887708664
0.014676777645945549
0.01456478051841259
0.014445125125348568
0.24110746383666992
0.24573935568332672
0.2520844340324402
0.25975847244262695
0.2685352563858032
0.2791569232940674
0.2989989221096039
0.3204147517681122
0.3443599343299866
0.36965376138687134
0.37302112579345703
0.365383118391037
0.35754919052124023
0.3497954308986664
0.3420123755931854
0.33414506912231445
0.32619038224220276
0.31818243861198425
0.3095548450946808
0.30064308643341064
0.2918398082256317
0.2832193970680237
0.27483460307121277
0.26676398515701294
0.25909316539764404
0.25165116786956787
0.24440273642539978
0.2373233139514923
0.23040159046649933
0.22362934052944183
0.21702006459236145
0.21056628227233887
0.20427872240543365
0.1981671005487442
0.19232764840126038
0.18672670423984528
0.18140697479248047
0.17631612718105316
0.1713501662015915
0.16658993065357208
0.161976620554924
0.1575375646352768
0.15343300998210907
0.14952853322029114
0.14593225717544556
0.14247091114521027
0.13885599374771118
0.13492143154144287
0.13118672370910645
0.12782840430736542
0.1245647594332695
0.12181295454502106
0.11935504525899887
0.1169835776090622
