19.030811309814453
18.25192642211914
15.797788619995117
12.99223518371582
11.066161155700684
9.831904411315918
9.04019832611084
8.52051830291748
8.178232192993164
7.962381839752197
7.831349849700928
7.78765344619751
7.83924674987793
7.948863506317139
8.064595222473145
8.195693016052246
8.343050956726074
8.507938385009766
8.692304611206055
8.907712936401367
9.150395393371582
9.423871040344238
9.72530460357666
10.054058074951172
10.404938697814941
10.778665542602539
11.174787521362305
11.590566635131836
12.06020450592041
12.641975402832031
13.264023780822754
13.937239646911621
3.002655267715454
2.7282967567443848
2.5981273651123047
2.5258777141571045
2.5447397232055664
2.57620906829834
2.600959062576294
19.359895706176758
20.113449096679688
19.780582427978516
19.95145034790039
20.462650299072266
21.09874725341797
21.850740432739258
22.717084884643555
23.685108184814453
24.713930130004883
25.766132354736328
26.821266174316406
27.858823776245117
28.898420333862305
29.94877815246582
30.92037010192871
31.83380126953125
32.680076599121094
33.47237014770508
34.170799255371094
34.78179931640625
35.30616760253906
35.77580642700195
36.11758041381836
36.22539138793945
36.24848556518555
36.22598648071289
36.15091323852539
36.0484619140625
35.94817352294922
35.860618591308594
35.78535461425781
35.72078323364258
35.67659378051758
35.649742126464844
35.6348876953125
35.62504577636719
35.6182975769043
35.61307144165039
35.60698699951172
35.602088928222656
35.6233024597168
35.661319732666016
35.6945686340332
35.725868225097656
35.75918197631836
35.8032341003418
35.850223541259766
35.90397644042969
35.96611022949219
36.036922454833984
36.11398696899414
36.19808578491211
36.28565216064453
36.380332946777344
