0.02523157186806202
0.02729155123233795
0.02991487830877304
0.03218334540724754
0.033857312053442
0.03455834090709686
0.03526299074292183
0.03577866777777672
0.036330532282590866
0.03686675429344177
0.03734901174902916
0.03782259672880173
0.038252294063568115
0.03861922025680542
0.03892535716295242
0.03920835256576538
0.039460744708776474
0.039655160158872604
0.03980373963713646
0.03993922844529152
0.04010216146707535
0.04032975807785988
0.04045944660902023
0.04060572385787964
0.040966812521219254
0.04139138385653496
0.041874613612890244
0.04242229089140892
0.04303589090704918
0.04371877759695053
0.04446962848305702
0.04528464376926422
0.04615829512476921
0.047088369727134705
0.002596828155219555
0.002460334450006485
0.0024046835023909807
0.0023718439042568207
0.0023514677304774523
0.0023418969940394163
0.04006323218345642
0.04164024442434311
0.04250730574131012
0.04515886679291725
0.04753288999199867
0.04959428682923317
0.05055108666419983
0.051439784467220306
0.05304783210158348
0.05460311844944954
0.056120049208402634
0.05737917125225067
0.058446962386369705
0.05950525030493736
0.06057186424732208
0.06165632605552673
0.06276571750640869
0.06380479037761688
0.06485181301832199
0.0659228041768074
0.06706997752189636
0.06822559982538223
0.06682613492012024
0.06447434425354004
0.06235571578145027
0.0603744313120842
0.05848640948534012
0.056666966527700424
0.05491818115115166
0.0532221645116806
0.05156933516263962
0.04994606226682663
0.04834422469139099
0.04680095240473747
0.04533254727721214
0.04393453523516655
0.04274095967411995
0.04170481860637665
0.04076487571001053
0.03988800197839737
0.03905894234776497
0.03827070817351341
0.03751801699399948
0.03679877519607544
0.03611070662736893
0.03545096889138222
0.034816253930330276
0.03420146927237511
0.033602625131607056
0.033016085624694824
0.032438889145851135
0.0318685807287693
0.0313030481338501
0.030741069465875626
0.030183175578713417
0.029634907841682434
