0.02425910346210003
0.02654668688774109
0.029675591737031937
0.03302755951881409
0.03366098180413246
0.03387795388698578
0.03411702439188957
0.03440151363611221
0.0345880463719368
0.0347660593688488
0.034906595945358276
0.03504856303334236
0.03522377088665962
0.03540513291954994
0.0355772040784359
0.035757966339588165
0.03594932332634926
0.036145977675914764
0.03633582219481468
0.0365217924118042
0.036715954542160034
0.036915045231580734
0.037111759185791016
0.037346407771110535
0.037628866732120514
0.0379490926861763
0.038298849016427994
0.038676027208566666
0.03907855227589607
0.0395045131444931
0.03996242955327034
0.040462665259838104
0.0021389827597886324
0.0019899257458746433
0.0019305967725813389
0.0018952654208987951
0.0018705776892602444
0.001852296874858439
0.03624610975384712
0.038363806903362274
0.03973817080259323
0.04084353521466255
0.04180498421192169
0.042671967297792435
0.04349612817168236
0.04431295767426491
0.04514089226722717
0.04598858579993248
0.046861741691827774
0.04776245728135109
0.04869445040822029
0.04966062679886818
0.05066531524062157
0.05173396319150925
0.05289720743894577
0.054118841886520386
0.055373918265104294
0.05652504414319992
0.0575312003493309
0.05852585285902023
0.0595431923866272
0.060547612607479095
0.061487264931201935
0.062386564910411835
0.06324904412031174
0.06408873200416565
0.06493228673934937
0.06576395034790039
0.06656789779663086
0.06734967976808548
0.0681166872382164
0.06885881721973419
0.06957634538412094
0.07027172297239304
0.07096018642187119
0.0716741606593132
0.07238850742578506
0.07104981690645218
0.06908731907606125
0.06724461913108826
0.06546952575445175
0.06373605132102966
0.06203368678689003
0.06035672873258591
0.05870477110147476
0.05707569792866707
0.05546022579073906
0.053869444876909256
0.05230853334069252
0.05077757313847542
0.04927375167608261
0.047790490090847015
