0.04266999661922455
0.0478096604347229
0.05421888455748558
0.05553215369582176
0.056077077984809875
0.05638537183403969
0.05668102204799652
0.05697605758905411
0.05718245729804039
0.0573791079223156
0.05750792846083641
0.057589784264564514
0.057681094855070114
0.05779199302196503
0.057902757078409195
0.058026667684316635
0.05819981172680855
0.05834164470434189
0.058474741876125336
0.05859702080488205
0.058724772185087204
0.05886859819293022
0.05901765450835228
0.05920957028865814
0.05942637473344803
0.0596659816801548
0.059960316866636276
0.060305528342723846
0.06069692224264145
0.06111236289143562
0.061608895659446716
0.06217992305755615
0.0028735212981700897
0.0028023570775985718
0.0027976103592664003
0.0027804155834019184
0.00277400529012084
0.0027681360952556133
0.056727781891822815
0.05971434712409973
0.0617050975561142
0.06339608877897263
0.064748615026474
0.06589628010988235
0.06694791465997696
0.06795504689216614
0.06893627345561981
0.06990502774715424
0.07087695598602295
0.07186476141214371
0.07287231832742691
0.07390408962965012
0.07496469467878342
0.07604927569627762
0.07716657221317291
0.07831728458404541
0.07950472086668015
0.08075252920389175
0.08202332258224487
0.0833304300904274
0.08468468487262726
0.08607923984527588
0.08752326667308807
0.08901922404766083
0.09058112651109695
0.09220370650291443
0.09366828203201294
0.094781294465065
0.09585792571306229
0.0969320610165596
0.09795699268579483
0.09896419197320938
0.09993688017129898
0.10087786614894867
0.1018461287021637
0.1027892455458641
0.10433514416217804
0.10585291683673859
0.10733035206794739
0.10883779078722
0.11038766801357269
0.11199992150068283
0.11362431943416595
0.1152685284614563
0.116909921169281
0.11330375075340271
0.11005332320928574
0.10700065642595291
0.10404913127422333
0.10117758810520172
0.09845495223999023
0.09583814442157745
