0.024682700634002686
0.02735145017504692
0.031633760780096054
0.033342406153678894
0.03364681079983711
0.03388576582074165
0.03408428281545639
0.0343472845852375
0.03452014923095703
0.03463242948055267
0.0347447395324707
0.034880805760622025
0.035045865923166275
0.03521600365638733
0.035400524735450745
0.03561403974890709
0.03584021329879761
0.03603709489107132
0.03621535375714302
0.03639721870422363
0.03658714145421982
0.03680602088570595
0.03705507516860962
0.037356942892074585
0.03771670535206795
0.038116246461868286
0.03855159133672714
0.039019789546728134
0.03951795771718025
0.040046319365501404
0.04061797261238098
0.04123140871524811
0.0023655183613300323
0.00233561173081398
0.002329645911231637
0.0023205974139273167
0.002308799186721444
0.0022967932745814323
0.03794796019792557
0.03967154026031494
0.041061852127313614
0.04218088090419769
0.04314672201871872
0.04405149817466736
0.04495050013065338
0.045866575092077255
0.046813614666461945
0.04779840633273125
0.048823125660419464
0.049892716109752655
0.05101197212934494
0.0522029772400856
0.053478602319955826
0.05483732372522354
0.05615511164069176
0.057233456522226334
0.05835564061999321
0.0594668947160244
0.06052498519420624
0.06155020371079445
0.06258208304643631
0.06359931826591492
0.06458896398544312
0.06555389612913132
0.06649594008922577
0.06741000711917877
0.06830170005559921
0.06917766481637955
0.07002931088209152
0.07085327804088593
0.07164853811264038
0.07241806387901306
0.07322242110967636
0.07401459664106369
0.07197781652212143
0.06989684700965881
0.06790771335363388
0.0659758523106575
0.06409163773059845
0.06316369026899338
0.062247809022665024
0.060469772666692734
0.05874589830636978
0.05707173049449921
0.05544012039899826
0.05384545028209686
0.0522884726524353
0.0507662296295166
0.04927442967891693
0.04781177639961243
0.0463731475174427
0.04495008662343025
0.043546561151742935
