0.041882745921611786
0.04626915976405144
0.05307745561003685
0.05549163743853569
0.05613391101360321
0.05636325478553772
0.05668364837765694
0.05711055174469948
0.05743890628218651
0.05767064169049263
0.05784366652369499
0.058002687990665436
0.058136966079473495
0.05827217549085617
0.05839766561985016
0.05851476639509201
0.058624718338251114
0.05872557684779167
0.05881929770112038
0.05891651287674904
0.059028174728155136
0.0591469332575798
0.05927083641290665
0.059468552470207214
0.05970035865902901
0.05992230027914047
0.06015538424253464
0.060483090579509735
0.0609002485871315
0.06138745695352554
0.06192515790462494
0.0625143051147461
0.003062922740355134
0.002864351263269782
0.002806996461004019
0.002802647650241852
0.0028002141043543816
0.0027911018114537
0.05611894279718399
0.05876615270972252
0.06089652329683304
0.06284678727388382
0.06454180181026459
0.06604655086994171
0.06740283966064453
0.0686621144413948
0.06987250596284866
0.07105524092912674
0.07223168760538101
0.07342784106731415
0.0746508240699768
0.07589907199144363
0.0771818533539772
0.07848222553730011
0.07979928702116013
0.0811564177274704
0.08257599174976349
0.08407942950725555
0.08572270721197128
0.08658306300640106
0.08746667206287384
0.08925037086009979
0.09108386933803558
0.09262936562299728
0.09391368925571442
0.0951295793056488
0.09635432064533234
0.09761790931224823
0.09905081242322922
0.10050568729639053
0.10261918604373932
0.10511093586683273
0.10713349282741547
0.1090555191040039
0.11110569536685944
0.11283588409423828
0.11449317634105682
0.11632539331912994
0.11827275902032852
0.12027131021022797
0.12233345955610275
0.12448202818632126
0.12672939896583557
0.1292268931865692
0.12621727585792542
0.12216483801603317
0.11849991232156754
0.11522821336984634
0.11227641999721527
0.10951016843318939
0.10677330940961838
0.10388853400945663
0.10086408257484436
